  0.00011011283621105  0.00011492324890802  0.00011935099062218  0.00012358534878755
  0.00012755991815094  0.00013138419724766  0.00013504842555151  0.00013938863777821
  0.00014297002777433  0.00014606009779640  0.00014920644820076  0.00015225150318129
  0.00015517517824046  0.00015963402637338  0.00016455847939574  0.00016971352580737
  0.00017397257373503  0.00017803523607781  0.00018211742946961  0.00018630316354753
  0.00019060075669828  0.00019543253285562  0.00020093098523402  0.00020725527828755
  0.00021169368496820  0.00021657847690860  0.00022165046895171  0.00022694383012860
  0.00023316123886173  0.00023934318228046  0.00024401338583165  0.00024828240802311
  0.00025257993427481  0.00025710103756877  0.00026201958659955  0.00026786019612194
  0.00027664360489787  0.00028617777750935  0.00029555707508347  0.00030479971961662
  0.00031396521668690  0.00032311891908741  0.00033311331554294  0.00034549641305303
  0.00036171460638211  0.00038048672762068  0.00039915785889790  0.00042127085480742
  0.00044701255019963  0.00047532278234883  0.00050507872262076  0.00053429395828262
  0.00056408010311783  0.00059557580521391  0.00062937008637777  0.00066567625423270
  0.00070513182073418  0.00074816362025054  0.00078807457974330  0.00082611437667636
  0.00086172311282302  0.00089894482062839  0.00093498989870150  0.00097827186697085
  0.00102330785468668  0.00106775709726155  0.00110220279998870  0.00113621217495081
  0.00117321407895356  0.00122148795325014  0.00129270599884232  0.00138542236667736
  0.00149460490779753  0.00159555520154124  0.00167875316782292  0.00177483607089275
  0.00187318811846754  0.00197340068877777  0.00210734870136470  0.00234110350951632
  0.00266720716625661  0.00302251300186055  0.00338486202221789  0.00386207822478490
  0.00451466063561943  0.00531316443293919  0.00629296399839235  0.00760475529385320
  0.00929538932678722  0.01128603840909085  0.01375153666304621  0.01847483976418102
  0.02713143773946358  0.04567223038417126  0.11322906477498287  1.00000000000000000
  0.00017163914145183  0.00023285700076862  0.00026997957596542  0.00031103905850225
  0.00035981353497545  0.00039849192932312  0.00043506604540648  0.00047571379683073
  0.00051354432133754  0.00055422844201093  0.00059327120631541  0.00063484074254638
  0.00067109778494085  0.00070499700526616  0.00074311429120580  0.00078792011068685
  0.00084159549740179  0.00090288879108359  0.00097686783092599  0.00106202755514258
  0.00115278911018501  0.00123955823822660  0.00133119738522407  0.00143735071188226
  0.00154837550626989  0.00166188447157807  0.00178736812721236  0.00191996515391845
  0.00204551101687028  0.00216325932317538  0.00228172218798919  0.00240316754155352
  0.00253341163849623  0.00268417748827171  0.00286131227751464  0.00305609529091290
  0.00325254245098679  0.00346765101788205  0.00370274165663743  0.00399552188740197
  0.00436908268179893  0.00471388654507743  0.00504629634987951  0.00540135572250024
  0.00577545234183223  0.00617537006903804  0.00667053324192086  0.00721456735375469
  0.00776225152668054  0.00826600816687445  0.00874607984459320  0.00943007880704320
  0.01019071991905886  0.01113446322081686  0.01213564406030531  0.01321117070165360
  0.01435093581336753  0.01555888206817052  0.01704345087737212  0.01881271782215857
  0.02084413276186151  0.02307713798881840  0.02549581462097749  0.02786787172339461
  0.02973264711316451  0.03142739575349675  0.03330208765675916  0.03528412471547899
  0.03702979454709856  0.03869135394808947  0.04109419409015772  0.04423606556159664
  0.04781499313855161  0.05275147641128340  0.05794839687092211  0.06335561502912074
  0.06900242494786128  0.07532086765248297  0.08290881703260514  0.09193021294520751
  0.10173287202753709  0.11188563101623029  0.12266073585946310  0.13338355432567608
  0.15072528943369404  0.17354122208946871  0.19754768111526994  0.22207294695283680
  0.24620891570012171  0.27423544413677825  0.31343140684999538  0.36747887028369225
  0.44642613405809256  0.55439119778161150  0.71702662615568846  1.00000000000000000
  0.00000486944836825  0.00003487737017781  0.00004072777282557  0.00004372351948105
  0.00004563914684251  0.00004712763268552  0.00004896283927131  0.00005073746811526
  0.00005255070235695  0.00005463393741856  0.00005657943997113  0.00005854531440401
  0.00006053182728368  0.00006259613823641  0.00006476795856553  0.00006709047009406
  0.00007044895718320  0.00007386763219750  0.00007726512658455  0.00008064483194593
  0.00008366974912635  0.00008662585571573  0.00008951372216447  0.00009234098176002
  0.00009567687259418  0.00009876873071410  0.00010169208463624  0.00010424185520095
  0.00010647772892098  0.00010883207313320  0.00011127484567483  0.00011395321721860
  0.00011663760464529  0.00011955664419124  0.00012272110249748  0.00012633577912387
  0.00013015243404359  0.00013372484128160  0.00013652707672734  0.00013992860273564
  0.00014335350206742  0.00014730021055341  0.00015109931775609  0.00015549211894400
  0.00016076622489380  0.00016656415296644  0.00017267107524143  0.00017940826693754
  0.00018689673536014  0.00019555424600224  0.00020751006383426  0.00022033916734078
  0.00023533929916760  0.00024844517536934  0.00025834438199200  0.00026846434332973
  0.00027900374914074  0.00029058479455521  0.00030322394498070  0.00032356626559271
  0.00034783310368403  0.00037067460550563  0.00039606095742693  0.00042523738648538
  0.00045960453607118  0.00049303374923284  0.00052767269715918  0.00056134878471060
  0.00059836030620827  0.00064235914825140  0.00070065326515518  0.00077615525626883
  0.00086693217470120  0.00097409701537872  0.00110132474684906  0.00122834083895108
  0.00136076564118249  0.00149829440942462  0.00166748232982201  0.00192351118584971
  0.00225400270800228  0.00266257295856851  0.00318072977560766  0.00373204321345695
  0.00447638341025549  0.00553342246367158  0.00728000990171060  0.01021145598891037
  0.01409365047909000  0.01859505720747593  0.02698123969248088  0.04269716670880083
  0.06803623976574348  0.12467764716200766  0.29716756940812372  1.00000000000000000
 -0.00136977689667193  0.00450964565419228  0.01090227375440665  0.01685714580868230
  0.02242071419729331  0.03013304806835086  0.04061531789077582  0.04899738539163211
  0.05825833110249456  0.06745110044873640  0.07585338813551142  0.08244813847816392
  0.08882762152814318  0.09433928700558712  0.10067896487300254  0.10812996142952983
  0.11740794407958458  0.12651167821619197  0.13416360844883166  0.14167343662955231
  0.14990794591759279  0.15873006739513892  0.16746434295980137  0.17615920496113205
  0.18559892445405185  0.19667973977520842  0.20910966262128092  0.21816123634735127
  0.22588445129803589  0.23258127443837287  0.23928163100901720  0.24720990751568497
  0.25588844877828831  0.26604724868235879  0.27739283211530558  0.28826990859634904
  0.29789788609444440  0.30741901116103171  0.31893256982500889  0.33139909595601152
  0.34408063807329853  0.35612281263344725  0.36878939740689742  0.38263422278399778
  0.39672606167829233  0.41177516593412011  0.42590185951081944  0.44043367501144054
  0.45545661313664754  0.46977069884878986  0.48406251188759247  0.49680561452666355
  0.50953403425802013  0.52301819951218853  0.53780639799653684  0.55495396361098570
  0.57024557400035436  0.58274776262378114  0.59302043057505349  0.60295963684512410
  0.61505067166651672  0.62922465661242255  0.64536119145871651  0.66511855547376164
  0.68366664950781830  0.69877864015922853  0.71370634227962770  0.72938017711338921
  0.74176396411431378  0.75385224493290071  0.76391747598073156  0.77320054041440422
  0.78325546087526376  0.79355598475892508  0.80610991847278168  0.82017604460140858
  0.83542872154251069  0.85224356292335590  0.86947044533105911  0.88710186574234318
  0.90040318286176169  0.90772346070912346  0.91480639536601016  0.92160417213421175
  0.92910893053034294  0.93653763939616852  0.94317010865414275  0.94948341912852197
  0.95577052089107772  0.96288994353120716  0.97044023737813956  0.97748641161717631
  0.98309711781723086  0.98813422437623499  0.99342591449802731  1.00000000000000000
 -0.00299216858429463  0.01331810915505062  0.02453832683029231  0.03546642643725897
  0.04212955333102315  0.04850679892145358  0.05490664944907735  0.06180137738706840
  0.07034277543099571  0.08149701576920301  0.09256921221134266  0.10338783140399238
  0.11498562693925829  0.12722766720937667  0.13981755028468537  0.15219615871824427
  0.16401164953303143  0.17635757642883673  0.18998317682193194  0.20276846598299436
  0.21488575764243462  0.22728304429984128  0.24094218911562215  0.25657004171436087
  0.26956266445411142  0.28237679976817631  0.29542659574430680  0.30663973746246975
  0.31781862285112927  0.32906010664270396  0.33812649908414200  0.34800220434626083
  0.35795253861307147  0.36837559336988740  0.38013141368996695  0.39155784295453488
  0.40507059960003744  0.42132552203415907  0.43680351905253667  0.44728433795914307
  0.45616162627299134  0.46544271169565410  0.47532819198307175  0.48585263039949417
  0.49781287183970996  0.51108207005553319  0.52398629601526348  0.53485907705434022
  0.54521456496113885  0.55442789086179023  0.56231482448129610  0.57071717519195442
  0.58205385507473328  0.59066827459613247  0.59648068229489226  0.60219777062609747
  0.60923240167550163  0.61873253757724778  0.62877367480215718  0.63816542674895760
  0.64433042199464918  0.65512768708121749  0.66433593241736622  0.67386676288765823
  0.68421877741841675  0.69734492080181254  0.71054792667709854  0.72316611693275357
  0.73659248715512271  0.75136335101550056  0.76422355567951361  0.77397884066465916
  0.78094342417652596  0.78795413321235674  0.79573146822498253  0.80363899338938727
  0.81022767805624241  0.81675153114249177  0.82404185180474698  0.83331721810967552
  0.84455557502007117  0.85731187486191296  0.86878707131759081  0.87872045899469664
  0.88839014965786789  0.89757184505139664  0.90494092418813254  0.91156170263840375
  0.91854918203046665  0.92602554646805391  0.93618987797627018  0.94892072404136163
  0.96487511994982345  0.97751779715149811  0.98945612326833854  1.00000000000000000
 -0.00028014960061199  0.00060221940537038  0.00127606066608178  0.00199617279723519
  0.00272489575994267  0.00345269245168455  0.00418477246016465  0.00498639385434639
  0.00576680109482114  0.00657205371491334  0.00764733529769256  0.00895789111219911
  0.01042847577844328  0.01195666694807570  0.01347131430670373  0.01497289331988622
  0.01644675712000453  0.01803950143197131  0.01977617207998739  0.02166801078640690
  0.02331382717866102  0.02516962887523570  0.02732088801018421  0.02959421483649128
  0.03226593316976791  0.03531215702447196  0.03859699490260988  0.04233532683548243
  0.04693187664288052  0.05153632550697615  0.05562812284904131  0.05944127846159174
  0.06324164423077867  0.06731585261691260  0.07250363005365458  0.07774774982928627
  0.08301210384966558  0.08929141838814282  0.09603025330261473  0.10294811005018820
  0.10958677655113730  0.11614422910560729  0.12325578475965100  0.13120851186606350
  0.13906928201078417  0.14665956226780275  0.15473135971557767  0.16361622778992374
  0.17449527433580214  0.18666078807756026  0.19887239217111954  0.21103549016103049
  0.22356128234061440  0.23790331173856036  0.25457524446329899  0.27310730684312867
  0.29093624373483179  0.30882597323153138  0.32759454634129542  0.34874449946922526
  0.37088192507893419  0.39247854012752714  0.41326385178604419  0.43569214144790314
  0.46070412303624358  0.48451681179117734  0.50520932997755974  0.52510181694695468
  0.54254306001716757  0.56143696074167149  0.58064231060081217  0.59992947765607318
  0.61880550780882226  0.63822722664093068  0.65855755773038083  0.67973481254079837
  0.70093782576390418  0.72255324299075308  0.74312101778217665  0.76102946776693814
  0.77893654659396661  0.80012568408770957  0.82289378705613103  0.84288112362486112
  0.86115947792580294  0.87973088126295584  0.89697820853208898  0.91307416113450446
  0.92823722436795608  0.94345398276828685  0.95809218928731166  0.97027401568788252
  0.98102423878926837  0.98848144431276519  0.99446069151112271  1.00000000000000000
 -0.00318400635995114  0.01409115009500342  0.02963223064609976  0.04476361612231342
  0.05520773360845936  0.06552651456870426  0.07710882487862643  0.08972434955830255
  0.10378119290208014  0.11464934330903280  0.12541152352278701  0.13638874074838414
  0.14847054294085602  0.16260498257751310  0.17722245123440528  0.19237054848982649
  0.20652387167957337  0.21808140342732277  0.22807827053511862  0.23967868031394360
  0.25243206521744621  0.26286351581893408  0.27116377116720181  0.27992423957363161
  0.28898739287619368  0.29635306672141420  0.30576093660688236  0.31610780415512052
  0.32508162827425985  0.33394034449503818  0.34298527547542568  0.35386978458382151
  0.36659381789227524  0.38129290161995444  0.39581913069870384  0.40835818143019398
  0.41930885141472296  0.42970098844226928  0.43779729606259632  0.44418980502650263
  0.45045713989670250  0.45683043303550575  0.46497034606635451  0.47452799396824807
  0.48522459289662118  0.49767958236993681  0.51211219757010962  0.52620461640243532
  0.53889551476160480  0.55131739819282399  0.56332309477790432  0.57344255317891801
  0.58388231381306099  0.59398376440220524  0.60404316688289905  0.61418899439389396
  0.62470138765897332  0.63580345835207641  0.64812859371006049  0.66174488624999583
  0.67095308862316805  0.67558953297374791  0.68013081301384293  0.68560045159175920
  0.69293934445060690  0.70071637511455664  0.70810991927221123  0.71500637022580349
  0.72124590675728784  0.72624216833210764  0.73138428880695838  0.73762817001388159
  0.74416421603374638  0.75449622353900303  0.76615524492891007  0.78076840403003456
  0.79668583906954626  0.81316342472990022  0.83045193658411709  0.83966870469623978
  0.84811128338990338  0.85635533147378473  0.86503243968646737  0.87357054997631456
  0.88193835531701159  0.88939284067855828  0.89783563009587786  0.90968421666724941
  0.92178731787247048  0.93088690281993658  0.94029228985281244  0.95020818173019139
  0.96120939661885352  0.97469474451422367  0.98779263996921107  1.00000000000000000
 -0.00189127928163030  0.00946749539030929  0.01983188015586175  0.03063249216535404
  0.04414933210157406  0.05978806956335558  0.07528954176426737  0.08998934813388022
  0.10319614594501675  0.11489884635312103  0.12573322313963992  0.13575008781189157
  0.14489904457160577  0.15364196859642676  0.16335858991272528  0.17635766174425796
  0.19097105472189224  0.20499049282748522  0.21684712750263485  0.22786608410658904
  0.23959524206560701  0.25053864946279852  0.26203499917673645  0.27447792274968219
  0.28722224115907602  0.30127885816023142  0.31572397994509127  0.33070490293724369
  0.34525832183584382  0.35906741584647217  0.37186583077494861  0.38360840365370125
  0.39546028134711664  0.40852045335810266  0.42002720808420646  0.43117497402317989
  0.44238983358198497  0.45416619223254207  0.46851927984820912  0.48268591133719235
  0.49543457715615613  0.50594215267818499  0.51613386083038448  0.52662565604623868
  0.53816465184070350  0.55153293222840516  0.56255905493088398  0.57025900387182094
  0.57882734738640418  0.58784196453729520  0.59823998461722017  0.60912118247071867
  0.62074725611237769  0.63088980757203506  0.64095687693092818  0.64859997147156778
  0.65644239092711731  0.66518068199434965  0.67492216251945780  0.68266465420279843
  0.69040915996253183  0.70151344584975728  0.71452184905350846  0.72533001353899884
  0.73400318740274861  0.74127068182220179  0.74866834198730303  0.75647902386502974
  0.76525704822886509  0.77390243921910518  0.78360065139791346  0.79394435783617034
  0.80487720187415746  0.81612205394235326  0.82733881729865666  0.83778263351888493
  0.84706981778369905  0.85553176912392348  0.86412474229254055  0.87232132010984409
  0.88052066952957164  0.88855612603433387  0.89932242370060467  0.91608656974609270
  0.92386270542679461  0.93051987362519084  0.93671928134245719  0.94263531803776346
  0.94877018893343135  0.95506330769351522  0.96145828992870752  0.96732947493870802
  0.97313088921001478  0.97969899279772565  0.98863774402415983  1.00000000000000000
  5.08610530192752221E-006  -1.0000000000000000     
 T T T T F F F F F F F F T T T T F F F F F F F F T T T T F F F F F F F F T T T T F F F F F F F F T T T T F F F F F F F F T T T T F F F F F F F F F F F F F F F F F F F F F F F F F F F F F F F F F F F F F F F F F F F F F F F F F F F F F F F F F F F F F F F F
  <DiscreteSampler_grid>
  grouped_processes
  1 # 1 for a reference and 2 for a running grid.
  10 # Attribute 'min_bin_probing_points' of the grid.
  1 # Attribute 'grid_mode' of the grid. 1=='default',2=='initialization'
  0.0000000000000000 # Attribute 'small_contrib_threshold' of the grid.
  0.5000000000000000 # Attribute 'damping_power' of the grid.
 # binID   n_entries weight   weight_sqr   abs_weight
    10   10   4.347843929621310E+001   1.746703185993215E+004   4.347843929621310E+001
  </DiscreteSampler_grid>
