  0.00001467961743756  0.00001566349316201  0.00001637162004389  0.00001706988152704
  0.00001795655506185  0.00001893775176312  0.00002011863199271  0.00002148204252009
  0.00002271842541827  0.00002404588657220  0.00002533833836984  0.00002658419534679
  0.00002796512453208  0.00002936473798701  0.00003102682733582  0.00003267129176447
  0.00003445745699759  0.00003621195920590  0.00003786006155916  0.00003946744426982
  0.00004105192894749  0.00004270209366707  0.00004442703142696  0.00004630115162347
  0.00004847897168390  0.00005090716128749  0.00005353118888532  0.00005635284797483
  0.00005951064367792  0.00006288212766429  0.00006633406102225  0.00006965065900115
  0.00007333647077417  0.00007737225917740  0.00008218102852021  0.00008774211631366
  0.00009374830304195  0.00010025144882056  0.00010792272718224  0.00011494867539524
  0.00011999943725939  0.00012422583379802  0.00012796096128619  0.00013076075615201
  0.00013338040154935  0.00013684865782974  0.00014137761921433  0.00014656019489758
  0.00015139183996480  0.00015630705303233  0.00016153920226449  0.00016761017751044
  0.00017349941475245  0.00018241833619149  0.00019240641839219  0.00020242478357658
  0.00021203448417268  0.00022224357379667  0.00023269016705778  0.00024378729699043
  0.00025520465242893  0.00026641301623607  0.00027684575411599  0.00028905760357068
  0.00030460132177475  0.00032064568044505  0.00033848942665304  0.00035836313053734
  0.00037992373944702  0.00040490412587992  0.00042949679445066  0.00044874354245294
  0.00046256773747661  0.00047893979450718  0.00049835835561972  0.00051945414107122
  0.00054311356457961  0.00056520483800439  0.00059557173700288  0.00064747229429189
  0.00071271058865022  0.00079024950648001  0.00089088316631965  0.00102155668925277
  0.00114650218134384  0.00129679579894534  0.00147372443953325  0.00172933081374400
  0.00208780015094916  0.00254268863871909  0.00320447285168615  0.00429459882197976
  0.00640216781136517  0.01292016318612997  0.03504020190604554  1.00000000000000000
  0.00006456981982716  0.00007396416664802  0.00008709347767083  0.00010318148877295
  0.00012243837134327  0.00014090770046308  0.00015579662009664  0.00017273383726166
  0.00019282746357168  0.00021570461450008  0.00023890580932126  0.00026157391875443
  0.00028393359150508  0.00030578461801983  0.00033064350721012  0.00035343907651115
  0.00037742101861324  0.00040417006771280  0.00043781556528218  0.00048324271308713
  0.00053406883377408  0.00058802882645778  0.00064242776792754  0.00069913178747864
  0.00076818504599909  0.00085403370678385  0.00095420178517894  0.00106550356179522
  0.00120138329442789  0.00136820833344428  0.00153666476721545  0.00173518570080224
  0.00191047435271140  0.00207710103962932  0.00224196343459254  0.00244421560257692
  0.00271561781131243  0.00302864235779635  0.00335589679041246  0.00369980089432404
  0.00404611219703185  0.00441291112177901  0.00468854452160454  0.00495095997427068
  0.00526642728215257  0.00558604454716492  0.00593980042964298  0.00635250966493188
  0.00677647132033305  0.00733207050588827  0.00817119343241012  0.00910519841219143
  0.01022984008943970  0.01166733425419558  0.01329608841003582  0.01504872565117487
  0.01678786408434761  0.01872122238740104  0.02078492560899060  0.02327090468333479
  0.02618836933387885  0.02943276250454433  0.03293474104516994  0.03720398163842625
  0.04159583690259233  0.04558265043496484  0.05006727980044780  0.05569809093152542
  0.06143739998860857  0.06779770761625881  0.07512635859639674  0.08409253692412477
  0.09381587759886845  0.10423549469725382  0.11556715757064141  0.12682588791540064
  0.13769008417180534  0.15187838963266689  0.16851053151104312  0.18516720420881078
  0.20108979736425375  0.21809382628264956  0.23867144234737442  0.26073781292805837
  0.28252277390888830  0.30492034837799692  0.33239119245951138  0.35255203655277167
  0.38860065688833273  0.44025423543271630  0.49735913986860369  0.55764634913192401
  0.63142334417702783  0.73059224201761208  0.85736910497258267  1.00000000000000000
  0.00000379995237381  0.00001048841201497  0.00001644431078965  0.00002240020956433
  0.00002715690009441  0.00003185413612189  0.00003505835560199  0.00003610361861584
  0.00003713329388401  0.00003802706126972  0.00003874291812165  0.00003979954525576
  0.00004096595452115  0.00004224795578756  0.00004351339961565  0.00004472235864969
  0.00004569279486277  0.00004648760925985  0.00004724461318641  0.00004816470103183
  0.00004914051050976  0.00005014493424601  0.00005107502455122  0.00005205287266630
  0.00005301110742479  0.00005409005039809  0.00005535329276332  0.00005672372451229
  0.00005806617060824  0.00005944187708551  0.00006118769065456  0.00006340542222818
  0.00006599948563876  0.00006872370775192  0.00007196294878687  0.00007516426730518
  0.00007823585654007  0.00008120641393736  0.00008428606050943  0.00008748470130844
  0.00009082936787539  0.00009419066620796  0.00009689565994821  0.00009908989374747
  0.00010114415121973  0.00010302716318968  0.00010492657396462  0.00010700213664940
  0.00010899799384893  0.00011108247953835  0.00011334209041410  0.00011551632346471
  0.00011785381271803  0.00012086559337476  0.00012549363403830  0.00013128171968945
  0.00013650057215395  0.00014216287702795  0.00014869938442247  0.00015601044493423
  0.00016354934206462  0.00017122818577637  0.00018021141192715  0.00019026523297847
  0.00020107287581982  0.00021442178585929  0.00023085780024403  0.00024792605639256
  0.00026557040961784  0.00028263200093347  0.00030101850444465  0.00032037103988450
  0.00034014930190403  0.00035965523196848  0.00038460408856530  0.00041195048933618
  0.00044591753639410  0.00047782623074925  0.00052383571180577  0.00058397517768002
  0.00067668502988346  0.00078800274465219  0.00094041976240336  0.00115359660367509
  0.00143448738504111  0.00180830165918664  0.00222293914616653  0.00271607693666404
  0.00340495373683185  0.00482904993108047  0.00718344285399845  0.01154147829812004
  0.02003326936156678  0.04022305093917612  0.09509475812298186  1.00000000000000000
 -0.00243298952814307  0.00952119633891116  0.02212394507924264  0.03423286234501340
  0.04571747143675553  0.05679857370810125  0.06732187389328247  0.07726317412528017
  0.08637421485504997  0.09569934784861678  0.10593601703467243  0.11592958390316982
  0.12497435338484952  0.13334938924708048  0.14213577545960865  0.15166471798881920
  0.16182077802041278  0.17114175502732556  0.17739726831549682  0.18237364570533773
  0.18680793813470353  0.19151193580658155  0.19729025784023335  0.20375926328220489
  0.20945777244904928  0.21731272044619510  0.22799423935855601  0.23874432867477113
  0.24879340415704929  0.25847463374865548  0.26851563233846115  0.28059104763793308
  0.29295397781837479  0.30533635457234926  0.31593794664464914  0.32355754013978405
  0.33017792866617329  0.33710188874120028  0.34585320541434456  0.35349419710342656
  0.36038542030105103  0.36758175487493838  0.37477024728538305  0.38389922573523044
  0.39568807038436116  0.40849086860242478  0.42049269860590577  0.43210971722586761
  0.44489790675099833  0.45889409391362596  0.47362602237820928  0.48969765241787461
  0.50426876623486860  0.51973686467183766  0.53426378455553536  0.54699793052950219
  0.55864911469717493  0.57009751830787436  0.58139751373572279  0.59276055653066984
  0.60227622157956273  0.61312193005146076  0.62326538859239489  0.63420352208253672
  0.64807188576923225  0.66433944527551925  0.67979297336195799  0.69246391486062897
  0.70357305498079370  0.71482408713505308  0.72742401907300591  0.74183180229084766
  0.75790757237135875  0.77263322392594269  0.78420478031674046  0.79399655277549985
  0.80106608468403906  0.80933750415118855  0.81814016328340222  0.82775827146113390
  0.83960320859170412  0.85224075915054986  0.86597099732835348  0.88079358397646446
  0.89438578550380132  0.90586499985018631  0.91699933606879569  0.92888973459999524
  0.94035794362820302  0.94823375527791831  0.95609994788020813  0.96484356552343264
  0.97323741627705807  0.98241768543195462  0.99083134553590813  1.00000000000000000
 -0.00058284341691946  0.00402878254375658  0.00828095681012730  0.01236175655757036
  0.01658056853171762  0.02386234806555936  0.03423183771674206  0.04510326361703487
  0.05664689142205382  0.06865938351525901  0.08155504668746039  0.09440595910122908
  0.10570541822835675  0.11746374095414841  0.12849244231487866  0.13761938335280741
  0.14666455170665010  0.15619094592787755  0.16585511760444788  0.17487761481659811
  0.18654282090941873  0.19942749835632823  0.21295351868517773  0.22690695372135997
  0.23980579109169597  0.25222582085159762  0.26548431054118971  0.27965641085086745
  0.29393888168381566  0.30755121058502810  0.31832527154966411  0.32723612211808617
  0.33724367159096408  0.34881828931667880  0.35893378729627551  0.36779972098640873
  0.37445803344076012  0.38112766699208672  0.38882990398505518  0.39698608336798169
  0.40655905789801317  0.41543090706351399  0.42661659379626743  0.43916128076532723
  0.45489710879194006  0.47230959245170778  0.48725964110675107  0.50023005664613251
  0.51188862264642276  0.52156565054569914  0.53081676139223388  0.53999164050501358
  0.54940250141476010  0.56041036573434255  0.57296955251125903  0.58623258264724121
  0.59975512410312504  0.61173654197489036  0.62278625881387306  0.63474736340179827
  0.64696394747751906  0.66041687880466216  0.67315519889726383  0.68431997743983730
  0.69427344909382660  0.70337264713378134  0.71313552097042576  0.72463018279350022
  0.73649487839284788  0.74784002431624419  0.75927744745654391  0.77125766089575776
  0.78380585442539219  0.79621577114205788  0.80889473184470040  0.81970619307222947
  0.83030787035740805  0.84017600437925388  0.85047603605220734  0.86216428348647933
  0.87399860877071156  0.88593825092248413  0.89642385243897449  0.90390441622442019
  0.91089767724045734  0.91808803518965643  0.92352316699513537  0.92890148015247687
  0.93432314094793256  0.94068708600751583  0.94679924961540896  0.95352060148320517
  0.96159502111580675  0.97459453076793501  0.98754185854503052  1.00000000000000000
 -0.00003114445488345  0.00009319681166138  0.00027239660955838  0.00048829673219773
  0.00071660366388017  0.00094569690599281  0.00116965183106524  0.00138870316573480
  0.00160821572896822  0.00183213004533133  0.00206424693488695  0.00230566345583640
  0.00255199984450857  0.00282472643708004  0.00307853498092423  0.00337694032809565
  0.00372633979090429  0.00414267999961836  0.00469166049433796  0.00529727767687050
  0.00590102771410603  0.00654559978758346  0.00728940771568809  0.00810489342698825
  0.00898220075839067  0.00997083525884889  0.01097749844803140  0.01197874372237214
  0.01327867986374086  0.01478518136966528  0.01634347948229719  0.01852128582659172
  0.02049985974928464  0.02302217823487299  0.02561414813383875  0.02853434658438370
  0.03156835288017851  0.03469722635829282  0.03782940839839967  0.04137171207841057
  0.04706932826443580  0.05442261624290935  0.06182423868798740  0.06924177872116877
  0.07541124709209651  0.08143148740056159  0.08816402857599359  0.09618365286220558
  0.10727793092605570  0.12018831490547439  0.13201186891773656  0.14321628757422197
  0.15400815109468619  0.16536012783651241  0.17772943799638730  0.19031104178912242
  0.20360611571128309  0.21800984754499317  0.23552268511451183  0.25287256661115293
  0.27095548417981680  0.29093227761778423  0.31216228671663654  0.33450896435717847
  0.35495160436928247  0.37253073614037768  0.38948397936583007  0.40817433448188017
  0.42881682110478048  0.44964272788926546  0.47028941203620916  0.49182165972643027
  0.51493475037704006  0.53859975711405061  0.56453872638572666  0.59435263832126939
  0.62096022083538682  0.64568863108008878  0.67011085110338542  0.69255910700532886
  0.71447577864511636  0.74016448956890557  0.77096271154228491  0.80008749267495272
  0.82807283132296639  0.85146760591431248  0.87316260024156878  0.89418589485761124
  0.91346332173970690  0.93056330901435402  0.94538239523134848  0.95864690454294244
  0.97059339900255270  0.98175448864774639  0.99109994427720149  1.00000000000000000
 -0.00176484424997629  0.00961307471592671  0.02090585492509604  0.03211084764596379
  0.04208700983170431  0.05270526454079286  0.06469343679137914  0.07790372970961962
  0.09190195370649415  0.10528400057305463  0.11854562868184451  0.13168976093648715
  0.14464473655701399  0.15639281038606767  0.16785778058501305  0.17908214754959698
  0.18928090496832747  0.19941965185279320  0.21083307303131413  0.22381527520033512
  0.23658487420623678  0.24791667640981657  0.25885293360130657  0.26925220090397844
  0.28007749259489417  0.29071337943911812  0.30140562986156477  0.31259201133091419
  0.32436232060810311  0.33996144170680193  0.35343473405824299  0.36433653274316091
  0.37473211886902458  0.38237343862269257  0.39012321898738855  0.39887496028931646
  0.40909825874392880  0.42078244012661070  0.43220864063773651  0.44468652647050627
  0.45727238709279305  0.46778381730555901  0.47661385025157404  0.48700619044960763
  0.49827230410516288  0.50841129900983495  0.51898926559860659  0.53165750082291818
  0.54485432058738215  0.55664100905204417  0.56595569224981546  0.57181653561774803
  0.57927628363219386  0.58648140515622049  0.59383742428846398  0.60072391463802044
  0.60833402650673429  0.61544992834505730  0.62157136320975315  0.62639366430597776
  0.63147688456128459  0.63720602224438649  0.64388987574847101  0.65071842611402098
  0.65694114220504785  0.66322457402447366  0.66957412629363688  0.67631642915953416
  0.68518836944027206  0.69399717466943289  0.70342943708083183  0.71332866237344328
  0.72272224169878996  0.73182109176421917  0.74356765515550349  0.75576587688531771
  0.76808288856613616  0.78029652081226919  0.79257145129513484  0.80379957844577943
  0.81386667477599206  0.82482789947061952  0.83630653003568811  0.84849531271322975
  0.85954213554741510  0.87036073847725892  0.88113177088517303  0.89786911634562472
  0.90992220109015731  0.92171021425696031  0.93336229775197210  0.94506141814271882
  0.96025557966059627  0.97449942437867643  0.98797406269163723  1.00000000000000000
 -0.00452265805058873  0.01227630843657541  0.02403187686084575  0.03323685748487807
  0.04270756594081737  0.05235830105483841  0.06166491099960529  0.07187869650840435
  0.08339695723547613  0.09653807149891309  0.11027843087125166  0.12264326500761745
  0.13253533863612896  0.13822494408732816  0.14402225340014663  0.15017705255701055
  0.15621867982695314  0.16194579501875248  0.16771601284743673  0.17335856434365832
  0.18568330312029882  0.19817614136492356  0.20980385588481817  0.22148123399929523
  0.23281084714023711  0.24732094818201397  0.26055188126061640  0.27295840891997181
  0.28528976680425028  0.29766192999965940  0.30938001777132829  0.32095717127471668
  0.33340241230623124  0.34790024767211003  0.36290913318545504  0.37808088514256921
  0.39339857271159812  0.40777136825188109  0.42110086298900573  0.43481071753335493
  0.44842549089592276  0.46337661025185251  0.47769275382344850  0.49219753708239761
  0.50644324116454464  0.51786281456929495  0.52717139309701044  0.53459529531704597
  0.54301591297871232  0.55298164627761370  0.56459679021773757  0.57420939122004355
  0.58118165814579104  0.58790676215866611  0.59617370028986461  0.60590484070653461
  0.61682336165180229  0.62526259548098084  0.64082037889106425  0.65586232807226474
  0.67078483288232038  0.68477260119141703  0.69665832376720738  0.70778494278719684
  0.71808939138160011  0.72741392418445117  0.73731380823751280  0.74785175524704439
  0.75858410599427073  0.76978113581725782  0.77993401264628970  0.78948772402074086
  0.79920515591786911  0.80854133665927475  0.81807594759050384  0.82884128614000774
  0.83829742289667863  0.84790807113886690  0.85772821324835613  0.86879624266666611
  0.88140631730423247  0.89377659821668853  0.90493434492680136  0.91568561699586237
  0.92570054168400961  0.93428957588437500  0.94064185198915962  0.94537903292879899
  0.95209224004072157  0.96025257658167140  0.96753938914037330  0.97461017811470518
  0.98176205214434897  0.98848798303836205  0.99438846866298247  1.00000000000000000
  7.79992076295894653E-007  -1.0000000000000000     
 T T T T F F F F F F F F T T T T F F F F F F F F T T T T F F F F F F F F T T T T F F F F F F F F T T T T F F F F F F F F T T T T F F F F F F F F F F F F F F F F F F F F F F F F F F F F F F F F F F F F F F F F F F F F F F F F F F F F F F F F F F F F F F F F
  <DiscreteSampler_grid>
  grouped_processes
  1 # 1 for a reference and 2 for a running grid.
  10 # Attribute 'min_bin_probing_points' of the grid.
  1 # Attribute 'grid_mode' of the grid. 1=='default',2=='initialization'
  0.0000000000000000 # Attribute 'small_contrib_threshold' of the grid.
  0.5000000000000000 # Attribute 'damping_power' of the grid.
 # binID   n_entries weight   weight_sqr   abs_weight
    10   10   8.743671286499810E+003   5.855094551241772E+008   8.743671286499810E+003
  </DiscreteSampler_grid>
