  0.00000904883366023  0.00001031600358478  0.00001153914514199  0.00001263952166736
  0.00001381112227619  0.00001515164295258  0.00001660573734626  0.00001815421283560
  0.00001982891685651  0.00002161776552225  0.00002349649226494  0.00002554107581838
  0.00002779607454961  0.00003031019116967  0.00003299100198419  0.00003561804813530
  0.00003806067778081  0.00004039827766247  0.00004247611735118  0.00004435150890894
  0.00004610759588371  0.00004779807536161  0.00004948423273207  0.00005119727350408
  0.00005291572354313  0.00005464520541764  0.00005651421074045  0.00005842477322206
  0.00006040478639444  0.00006238394307421  0.00006442748756517  0.00006665011005668
  0.00006894285328850  0.00007128449846462  0.00007371554072177  0.00007633546824829
  0.00007909895244853  0.00008183248224681  0.00008456161155791  0.00008748062281278
  0.00009063858910553  0.00009401942763236  0.00009757982042324  0.00010128655003195
  0.00010507753631764  0.00010899511576095  0.00011313327453780  0.00011751408138575
  0.00012213631652296  0.00012711111251021  0.00013196373975436  0.00013680416748663
  0.00014199109791230  0.00014758097546355  0.00015366390144736  0.00016049622740532
  0.00016813200144488  0.00017632078316352  0.00018498317517840  0.00019438620805793
  0.00020452396815377  0.00021512511255877  0.00022633293091900  0.00023805539340618
  0.00025079654813235  0.00026479475406129  0.00028001512087750  0.00029614410521694
  0.00031383041813663  0.00033290038181637  0.00035357592063655  0.00037850224550867
  0.00040462358856650  0.00043440910661761  0.00046659654912699  0.00050285415583639
  0.00054411218633368  0.00058774229106821  0.00063621090376827  0.00069325619813647
  0.00075845506976541  0.00083160418506428  0.00092043292167584  0.00103090477782148
  0.00116176311076790  0.00132044610744733  0.00152298394608434  0.00178704722977742
  0.00212994824413714  0.00259729728537666  0.00325171636663813  0.00425025799984015
  0.00615353792827256  0.01018943131682520  0.02926888967007998  1.00000000000000000
  0.00000620959695060  0.00000880805529134  0.00001040346009083  0.00001183686829047
  0.00001320219077058  0.00001473065708390  0.00001643654577106  0.00001801065918331
  0.00001949518115721  0.00002093203897381  0.00002234566653030  0.00002371207147350
  0.00002498972223513  0.00002618150808489  0.00002755460634459  0.00002907567705650
  0.00003086994127690  0.00003285937870575  0.00003476519158041  0.00003652126302607
  0.00003829110068323  0.00004023494196808  0.00004219953281640  0.00004423375606426
  0.00004639636382166  0.00004877273573905  0.00005134786237358  0.00005398533394062
  0.00005664143311351  0.00005932526165092  0.00006197456162072  0.00006471901394935
  0.00006766747654341  0.00007085536343749  0.00007439797975829  0.00007828140266096
  0.00008238151710678  0.00008677159010524  0.00009156923111400  0.00009660195264778
  0.00010183133010320  0.00010754753580894  0.00011389624895144  0.00012073545803112
  0.00012810109912231  0.00013560805235990  0.00014294594286870  0.00015063313371636
  0.00015898121708560  0.00016788659713872  0.00017702598901988  0.00018671613757300
  0.00019781739885515  0.00021028372684315  0.00022311067032141  0.00023625357438963
  0.00025038642117386  0.00026689169053432  0.00028594865797322  0.00030659740672672
  0.00032850374810988  0.00035333953943010  0.00037999676667866  0.00040949257954357
  0.00044125557110268  0.00047717309332873  0.00051844466790496  0.00056363060236948
  0.00061213540773050  0.00066487090076739  0.00072387671124102  0.00079290226847192
  0.00087648733895332  0.00097435733230537  0.00108492660650712  0.00120852614573078
  0.00134476481759093  0.00149501313266899  0.00166615242951975  0.00187064337673947
  0.00211811375112816  0.00241331673709925  0.00276791731418121  0.00320823705962423
  0.00375877780743178  0.00446417395750243  0.00539264221462448  0.00660750500521608
  0.00827733376072838  0.01072676712632411  0.01455691061215920  0.02105797916643271
  0.03347028153928829  0.06657863765370156  0.18449882860300010  1.00000000000000000
  0.00000956712972716  0.00001056171784777  0.00001165267137300  0.00001275209846588
  0.00001400875430942  0.00001553243611159  0.00001683655378607  0.00001798716656985
  0.00001927499556813  0.00002067985718106  0.00002218647921351  0.00002353698182848
  0.00002484173854681  0.00002615417584062  0.00002752047147724  0.00002902904255855
  0.00003060048843735  0.00003226770869294  0.00003393299483859  0.00003567886986107
  0.00003746074636184  0.00003929698162914  0.00004111160260942  0.00004278123818183
  0.00004432209162988  0.00004588182146905  0.00004746860390354  0.00004915150196504
  0.00005088836521271  0.00005261597625275  0.00005436193951983  0.00005629274423408
  0.00005842026729644  0.00006058089311484  0.00006282779874808  0.00006528625583644
  0.00006819138915959  0.00007102244607504  0.00007391693413884  0.00007709306317194
  0.00008042224187911  0.00008383799865761  0.00008740311865309  0.00009121864793851
  0.00009530948786227  0.00009959950096183  0.00010424361200311  0.00010918532661533
  0.00011424382083357  0.00011936574036409  0.00012471251152249  0.00013031861121805
  0.00013619418151506  0.00014237198368656  0.00014889574539683  0.00015542439868410
  0.00016279680414830  0.00017093009080707  0.00017916301016821  0.00018800153420955
  0.00019768242867443  0.00020794346739146  0.00021908813752491  0.00023158815454480
  0.00024508544232043  0.00025957572106387  0.00027576185675442  0.00029324651605173
  0.00031310864735139  0.00033449056103870  0.00035844516002094  0.00038517144045917
  0.00041366719061225  0.00044539044151880  0.00048112893297219  0.00052248681321379
  0.00057030676437777  0.00062502366173192  0.00068607817503296  0.00075726384578438
  0.00084391919987519  0.00094843252220110  0.00107672874476226  0.00123130993364294
  0.00142078797101625  0.00166917816095984  0.00198840130838085  0.00241118050684895
  0.00296814589328743  0.00385035600777522  0.00543504485742872  0.00835265377327085
  0.01499347075328848  0.05220781887261455  0.94451963891422097  1.00000000000000000
 -0.00214082574732061  0.00915549346074842  0.01865717361948944  0.02830260209689284
  0.03779855244780857  0.04850851325805540  0.05966353222366432  0.07036430393712408
  0.08122001969452158  0.09260667950047370  0.10389848512416178  0.11467041074563072
  0.12534706282756930  0.13648243062059043  0.14785435498745761  0.15954449929501657
  0.17207817886981719  0.18430178550642892  0.19517301566780182  0.20500273099201730
  0.21490646232926913  0.22521329033786344  0.23557114251901087  0.24609106959435434
  0.25711203823854684  0.26841985443466204  0.27954862812854042  0.29045195024451703
  0.30124014105967151  0.31200017887912351  0.32296543964048730  0.33377163307975727
  0.34419877840159535  0.35444197389006638  0.36490200300077286  0.37567480935672520
  0.38681148774212315  0.39818303065245475  0.40970607691402905  0.42105734893600694
  0.43203256463549644  0.44285082092561029  0.45366665560225572  0.46445189820815308
  0.47486593440508579  0.48525793320320870  0.49602759545483910  0.50586884492361206
  0.51529663857003682  0.52550141594718880  0.53593684138686082  0.54611491831733494
  0.55552028567529654  0.56485875795230267  0.57445073448655370  0.58444877477065671
  0.59455484720740548  0.60453137507302845  0.61442016364570118  0.62456747493073350
  0.63514563754041664  0.64593214622470163  0.65669533788006651  0.66668890035425277
  0.67597530090289781  0.68520919980315365  0.69516588279058800  0.70486111563757015
  0.71476434963471858  0.72517837322924894  0.73592753671396804  0.74663732557807361
  0.75739349158597924  0.76842802462241322  0.77896958221704271  0.78912080537234175
  0.79960790812214366  0.81010791482305755  0.82010569664056576  0.82952674297997753
  0.83969660977190441  0.85042276204437417  0.86113073182688349  0.87104022583290008
  0.88174294955474752  0.89249716064881568  0.90314355288063974  0.91374878688739702
  0.92481903929633880  0.93618039678318965  0.94754809410612539  0.95795893032246726
  0.96786641412777230  0.97792870055245851  0.98844870126654771  1.00000000000000000
  0.00009047791302608  0.00039660543433900  0.00085485421250890  0.00139219587783302
  0.00189719877974441  0.00242894647043640  0.00296905090008529  0.00352034123114589
  0.00410661315586782  0.00473390470042465  0.00540765680808444  0.00618787672815392
  0.00707511999767463  0.00803021132849588  0.00898696931502141  0.01002584978384921
  0.01111286428085802  0.01225923831149086  0.01346528805417264  0.01473957780744853
  0.01610011429097592  0.01748613434246934  0.01892208277258144  0.02041066256512111
  0.02206545774284936  0.02384188476005345  0.02572176465129093  0.02771329550735548
  0.02979552421802220  0.03204773504678407  0.03443673007716565  0.03693131222877788
  0.03944957116305570  0.04212792275715334  0.04513584816496203  0.04832449575195634
  0.05163641930449896  0.05507651533498355  0.05865137688309015  0.06241937581479074
  0.06640985562318422  0.07061789568877824  0.07505191572534672  0.07964452196550108
  0.08464430622982695  0.09017868048988088  0.09596120729189986  0.10187144163414197
  0.10804984629115413  0.11461845981582092  0.12158060104191445  0.12910435256805231
  0.13694158966387152  0.14490166877729876  0.15281623969981378  0.16073909881584178
  0.16905344212930756  0.17809674812761830  0.18793000496618151  0.19827128803860761
  0.20891218342003295  0.21999596229181320  0.23140244468403939  0.24364173322136901
  0.25593013489392902  0.26835222550584964  0.28197307054778192  0.29628674605253502
  0.31075313674577082  0.32618528811919922  0.34205367195386460  0.35859101742353061
  0.37681253531875869  0.39639822516812634  0.41660002082596137  0.43598229331364435
  0.45632652973226817  0.47653749368648879  0.49843404115772738  0.52118555882578099
  0.54318106554566026  0.56608457321836270  0.59122548908626049  0.61747580153095194
  0.64474998145862128  0.67224553005969645  0.70084173511261438  0.73046426817527965
  0.75883616759114303  0.78816274607943027  0.81761388149321323  0.84826662719915535
  0.88326888154514727  0.92079085910682912  0.95998277177663438  1.00000000000000000
 -0.00232558242030197  0.00971469079586558  0.02083252689786449  0.03230614359789528
  0.04408050760858617  0.05533459790230842  0.06656988068106511  0.07703793592993391
  0.08768242530316060  0.09829981695926866  0.10952292894817089  0.12094234616290507
  0.13228015869032497  0.14315391566953348  0.15336682588922187  0.16357849266550414
  0.17363693042578879  0.18392702769593502  0.19447074086700175  0.20508083082777240
  0.21552322469572771  0.22631563529363427  0.23755612984687680  0.24852859403540969
  0.25930568085453620  0.26981271235732590  0.27984658835103776  0.29004745325731057
  0.30004806210037605  0.30956647285322880  0.31851717931395240  0.32715123428218063
  0.33600968625806521  0.34507912846298816  0.35432100201449224  0.36433614094004835
  0.37484128305452458  0.38604974280743803  0.39713718974371554  0.40811669582196097
  0.41868296180737097  0.42927549564188316  0.44064435233237131  0.45251058485261236
  0.46476739722610472  0.47673439637813697  0.48867549616290651  0.50015368332543653
  0.51159433899187079  0.52289021282026005  0.53383155084915601  0.54469114569033394
  0.55542300136669864  0.56604591153139772  0.57657657945367757  0.58727581193714218
  0.59756195157847258  0.60745763066216607  0.61742841321159636  0.62755219453535271
  0.63785618408310008  0.64821860590753999  0.65875602345582263  0.66873560559172540
  0.67859962171953536  0.68839919300738506  0.69841365469660677  0.70828523937577881
  0.71767075334176822  0.72777317358808469  0.73716667235398192  0.74647758413245890
  0.75562053859365375  0.76465921657089964  0.77409252153272701  0.78366555007093641
  0.79336534561275718  0.80301494815301466  0.81254258105593880  0.82247667247792167
  0.83311803907702875  0.84401996268586610  0.85472023019520571  0.86475310961639817
  0.87466645629525264  0.88517794226775126  0.89645449238893182  0.90811880087265984
  0.91993803304945221  0.93167468405604559  0.94337154818793334  0.95519721044811234
  0.96650756373625590  0.97790062706053960  0.98915082060881465  1.00000000000000000
 -0.00016688903878825  0.00035204946423579  0.00126704385399622  0.00260516345928275
  0.00423064918717360  0.00595064182182274  0.00783023479859323  0.01006609382533062
  0.01269830306938460  0.01545622222322820  0.01847070727368024  0.02175699921475261
  0.02566542219682978  0.02972216822400214  0.03396318662437102  0.03812650891848302
  0.04310317743087814  0.04873249647800854  0.05452822004654315  0.06051725480152079
  0.06682965843675515  0.07365563491575645  0.08056048566882475  0.08748868108928536
  0.09467827127948893  0.10240167791321064  0.11065157374348122  0.11925131459034424
  0.12810613746263094  0.13702307837700739  0.14597543636850535  0.15540701654039354
  0.16554937188109775  0.17656338942532362  0.18774459518661216  0.19868552236015438
  0.20983617932858936  0.22111041054988403  0.23234188790924606  0.24370180573641298
  0.25579702377552294  0.26836462940558492  0.28087782657510374  0.29344835486486415
  0.30616763342748271  0.31878166238286970  0.33172708175832594  0.34581807795029790
  0.36027174308725690  0.37434716466947188  0.38798169733193838  0.40186631824380403
  0.41606493362702407  0.42960264431369027  0.44318954271758892  0.45771798496541477
  0.47275221153039443  0.48744694089994650  0.50143419206395956  0.51554076792772352
  0.52908946318405936  0.54255589366561374  0.55673603058590226  0.57200811007605279
  0.58784174946669165  0.60408740816050321  0.62034939161165970  0.63589998097439626
  0.65035040186981752  0.66363078797639385  0.67682810633543855  0.68961365405820452
  0.70193587710425021  0.71446628000323253  0.72769874422695258  0.74041086562643765
  0.75254028732632194  0.76498543636301775  0.77681023252917003  0.78845410804812632
  0.80021825314809780  0.81249062876470857  0.82517546130690522  0.83845718810401149
  0.85157540109730256  0.86366837496045901  0.87475433191498153  0.88540985215478984
  0.89663239990868548  0.90716535453766056  0.91823269558322329  0.92893633754303107
  0.93947410114199204  0.94965327378804643  0.95685796989348748  1.00000000000000000
 -0.00358237934454985  0.01486180448891544  0.02940040998920952  0.04408646767327273
  0.05951575826604723  0.07524483726394247  0.09158994675264112  0.10830574303873711
  0.12402907224678662  0.13980483772738961  0.15579757266551725  0.17109115751434467
  0.18497709259240308  0.19776338937952737  0.21019836627275956  0.22201548825126305
  0.23380713125351693  0.24558835494603784  0.25727241542103474  0.26893144280953762
  0.28020782159378266  0.29126615413111839  0.30275574339054678  0.31402830939910970
  0.32472852453364154  0.33504522021100913  0.34547065272742078  0.35557903495380128
  0.36471286582312218  0.37329265599305927  0.38152586915377418  0.38953040283683338
  0.39745958336213921  0.40518271095573716  0.41277052467362380  0.42009144385598424
  0.42706894844302562  0.43385874815060460  0.44054077322266272  0.44716022639664516
  0.45375980340356803  0.46039137270358582  0.46671389772761768  0.47296579552138579
  0.47930871117527013  0.48523720654079838  0.49149770363698519  0.49781411270825582
  0.50394089846657486  0.50967181385683524  0.51520197363208831  0.52064567566327125
  0.52620791856907578  0.53203731237275431  0.53784094948962391  0.54413408702729449
  0.55086891717611475  0.55771644526850372  0.56461344431533211  0.57157207788044118
  0.57873182662401013  0.58598336355000802  0.59362966385218763  0.60148768611821524
  0.60933517513135627  0.61734600097549475  0.62554450596076572  0.63403481227140368
  0.64277704279278758  0.65238993030536518  0.66299230525901887  0.67403614179768045
  0.68517347964504038  0.69621468577724344  0.70756896434548178  0.71914774812501436
  0.73145235735485847  0.74414584148104279  0.75707574580290404  0.77014542955876353
  0.78273249873086448  0.79573538217337714  0.80862715779685157  0.82204908868034554
  0.83608079300794869  0.85031365996744135  0.86334005537955705  0.87626003078797365
  0.89014206846004706  0.90469451358352537  0.91931108622113811  0.93431043496215749
  0.94961403046635406  0.96527721300616509  0.98136635443029074  1.00000000000000000
  3.34927714569111944E-006  -1.0000000000000000     
 T T T T F F F F F F F F T T T T F F F F F F F F T T T T F F F F F F F F T T T T F F F F F F F F T T T T F F F F F F F F T T T T F F F F F F F F F F F F F F F F F F F F F F F F F F F F F F F F F F F F F F F F F F F F F F F F F F F F F F F F F F F F F F F F
  <DiscreteSampler_grid>
  grouped_processes
  1 # 1 for a reference and 2 for a running grid.
  10 # Attribute 'min_bin_probing_points' of the grid.
  1 # Attribute 'grid_mode' of the grid. 1=='default',2=='initialization'
  0.0000000000000000 # Attribute 'small_contrib_threshold' of the grid.
  0.5000000000000000 # Attribute 'damping_power' of the grid.
 # binID   n_entries weight   weight_sqr   abs_weight
    10   10   1.219314250542732E+007   1.123162970440210E+015   1.219314250542732E+007
    16   10   2.422308291773687E+007   5.138448005865281E+015   2.422308291773687E+007
  </DiscreteSampler_grid>
