  0.05141464395194443  0.05170629967249572  0.05199829162743622  0.05229325798795374
  0.05258942970848057  0.05288463253518502  0.05318518896250806  0.05348761216134905
  0.05380452787920013  0.05413922302455218  0.05448413568619700  0.05486340503677029
  0.05523396759576382  0.05560264951529940  0.05596982194444895  0.05633726634656396
  0.05672395069905041  0.05710490434754745  0.05748172231376401  0.05785823674998654
  0.05824044302518430  0.05863342552959031  0.05900130098175462  0.05938129774706584
  0.05976528125486821  0.06016583700256924  0.06058653522051126  0.06101926848617595
  0.06145882738202481  0.06189963153887464  0.06235831057992273  0.06288874688635669
  0.06351154045853993  0.06414939651990666  0.06477245334209346  0.06538326010231658
  0.06597195825241185  0.06656407291352108  0.06716194869112729  0.06777039451866096
  0.06841692976188608  0.06908169139579927  0.06983596405138251  0.07062317235271939
  0.07140246544079290  0.07218250231923705  0.07296387192163950  0.07376748077546688
  0.07458534287288390  0.07541491203693182  0.07624951784248972  0.07709493553163978
  0.07797945553144681  0.07890969738992122  0.07985307681469705  0.08080953956822441
  0.08176898930644490  0.08278374656317536  0.08401427940199190  0.08533184900790751
  0.08671758084062395  0.08814801819323510  0.08967607645171494  0.09121933343835624
  0.09284272435833674  0.09448212730827903  0.09611141611074812  0.09771817949407981
  0.09934570118464585  0.10101616407510480  0.10280266843136476  0.10506925493271289
  0.10780801765247593  0.11075067726050482  0.11380765681370447  0.11700477348660902
  0.12032276611793251  0.12377073019474169  0.12772020039878978  0.13220218766871250
  0.13687187315239230  0.14182345345606209  0.14726602430611052  0.15420575476802012
  0.16235248354886375  0.17151879080879445  0.18189791155561888  0.19469080468379782
  0.20994003581918347  0.22798692942595392  0.25034576707618728  0.28029603933475722
  0.32294534883517856  0.38568520533508155  0.55186124571571349  1.00000000000000000
  0.76043109121379182  0.78204469702779023  0.79441930284133622  0.79622259150273333
  0.79856434616846528  0.80033685143226618  0.80206828749254810  0.80380819033961393
  0.80549408925466670  0.80723453680894519  0.80914643736884440  0.81121250889268426
  0.81344165298593596  0.81548788378993986  0.81750458513515045  0.81961598571936101
  0.82172424448788439  0.82390685192927038  0.82596405837565201  0.82794568077179320
  0.82996997852918675  0.83181076374560492  0.83349869534798671  0.83514597406313640
  0.83677965050644676  0.83835785522268425  0.83997505544158835  0.84169440118226624
  0.84355000491392151  0.84551747188950410  0.84751694272360945  0.84949865797052393
  0.85149106042291078  0.85351940739369170  0.85547108918388437  0.85722764908328297
  0.85860945768560615  0.85985657749946531  0.86114347642079592  0.86240083814459800
  0.86361368302964181  0.86478559681623757  0.86606628898544635  0.86776979836623458
  0.86951944372878842  0.87116836939580866  0.87272233777731156  0.87429040227495070
  0.87579228124992881  0.87726089873253332  0.87876329522691976  0.88029944257890125
  0.88182818283062414  0.88336305203665644  0.88495577281550253  0.88652938485414245
  0.88791326802849158  0.88931847289471466  0.89079916544274484  0.89224054865676983
  0.89366192246517651  0.89497160018158128  0.89648244233638019  0.89799985184182951
  0.89962570106458306  0.90129069722620236  0.90302808608134000  0.90494397488767464
  0.90681440997662577  0.90879355713929377  0.91072013931089035  0.91253357017855552
  0.91435892825044507  0.91633502389596022  0.91821463650871671  0.92014549999043860
  0.92225157113278755  0.92442583672504319  0.92668100002916698  0.92894469048230677
  0.93119377812476400  0.93343672055048488  0.93561681433445509  0.93804575874926466
  0.94060228287276060  0.94354352823491350  0.94671358689605234  0.94990938515735845
  0.95319480529005451  0.95684257850913457  0.96107907702810225  0.96618353348512509
  0.97220107937870326  0.98034820659077271  0.99048608619662015  1.00000000000000000
  0.00015466351574658  0.00067497451288669  0.00124674415337619  0.00187694947077921
  0.00257110556173042  0.00338557941136407  0.00424035769622619  0.00513310451182138
  0.00606984326094211  0.00705248583160273  0.00803515117981048  0.00904604550536864
  0.01002411397164913  0.01101496081345222  0.01206050230378424  0.01309372100940390
  0.01425819287716127  0.01538489985213983  0.01650697119581802  0.01762311976718248
  0.01878636077194708  0.02001143378713828  0.02126823164275587  0.02254031304544237
  0.02380066412114410  0.02513645856210934  0.02644874224673058  0.02795158739150126
  0.02951189768257568  0.03092659603385725  0.03224851418263591  0.03356062979928815
  0.03489418371298750  0.03621176123435869  0.03748160836597393  0.03875966714875932
  0.04007433515264559  0.04143587593795619  0.04286542451829613  0.04432799847459570
  0.04579480476444731  0.04727293103923389  0.04884267352942429  0.05087607936943202
  0.05267385709679512  0.05434823545322660  0.05615666502655391  0.05796036013364073
  0.05973922779312762  0.06157932630353861  0.06368078720990365  0.06589850435240314
  0.06818448636432581  0.07022062747339729  0.07212028222549438  0.07408990547034437
  0.07616488274788147  0.07818353856218255  0.08010428258077457  0.08193324617376123
  0.08378037609340774  0.08574576278098139  0.08774091723535654  0.08976353765413840
  0.09191855707732216  0.09413606656439678  0.09627882575073882  0.09835484983748581
  0.10051397559210909  0.10358347083945353  0.10681846573312384  0.11003916665007743
  0.11305748714610690  0.11563110040377710  0.11790698622197894  0.12022827446086169
  0.12268842570660295  0.12517765210816795  0.12791717349666490  0.13047791634817366
  0.13328371688653531  0.13579499513689963  0.13880060021809465  0.14144397672998885
  0.14465895565077558  0.14846727225614578  0.15246623667261389  0.15621392038671067
  0.15967047582981247  0.16360384976692322  0.16803704316530704  0.17259443575943773
  0.17679017854775095  0.18279031416813621  0.19094991918328946  1.00000000000000000
 -0.00214229332441755  0.00947413415781866  0.02005096393584411  0.03084718619973757
  0.04131489941194730  0.05125783612863961  0.06167224716846865  0.07222003508392293
  0.08333897396214374  0.09341021412351054  0.10313987159409220  0.11236310726118416
  0.12168660977616559  0.12977357400078943  0.13756640263517170  0.14572277463478767
  0.15420249220111529  0.16277031612019097  0.17131839984447136  0.17960990159943008
  0.18864306556231605  0.20003516396908971  0.21227081193162692  0.22369466728808474
  0.23466560664127448  0.24548045939192739  0.25649306402415561  0.26765255453076825
  0.27866275717240452  0.28942049983246798  0.29984820057827688  0.31025850134015509
  0.32111177692674142  0.33241263829155837  0.34603499143560063  0.35923210329644673
  0.37079012832109581  0.38128611863999501  0.39170047039123923  0.40212022777045059
  0.41257841350070262  0.42405779910885905  0.43548160655559365  0.44795452237273986
  0.45893378415816788  0.46997364100761746  0.48034308289068184  0.49149982194828029
  0.50271079538509933  0.51416010129075806  0.52632525513024619  0.53976486368019849
  0.55252291193987291  0.56413455371096854  0.57441141861635225  0.58423826542290469
  0.59353833776413967  0.60338038124437543  0.61514399441673151  0.62692243659762137
  0.63882172679720595  0.65142088361800110  0.66272745461083749  0.67236779317949058
  0.68229255855406679  0.69243282237214532  0.70381508371803669  0.71594864647188994
  0.72849740983663824  0.74052275004525681  0.75134144016592086  0.76298639565285908
  0.77444683970701567  0.78607923359682341  0.79768115463538347  0.80909059975005837
  0.82105886480814150  0.83254606740413928  0.84253906960930802  0.85224497027495727
  0.86213779056546169  0.87210068341604907  0.88170232125337678  0.89094592562639729
  0.90035159902190021  0.90933621642654316  0.91820065727686828  0.92649994365468202
  0.93523254349902152  0.94388930110913383  0.95224383279178670  0.96071208185621892
  0.96938681567821794  0.97837529068852513  0.98871577599092875  1.00000000000000000
 -0.00170284844128241  0.00784942065060501  0.01642647635118252  0.02616337826078190
  0.03661772281416381  0.04714354192809961  0.05798160741516584  0.07023560620719514
  0.08638982067930959  0.10262641788828883  0.11608846192689398  0.12716623135306604
  0.13650334129198771  0.14578451901563189  0.15570313509488334  0.16602490577111451
  0.17617706885013382  0.18599297024652170  0.19578699585472281  0.20668037242416801
  0.21760332810520325  0.22896943868518480  0.23988809547975221  0.25158198767221690
  0.26391023280857223  0.27549889251821663  0.28592741379251602  0.29645328807216187
  0.30700050122043127  0.31679509225904701  0.32591926599150300  0.33533041223604254
  0.34609224097898450  0.35762398751490077  0.36895993705001484  0.38012974065391952
  0.39103622873996918  0.40226482316366663  0.41367290855738564  0.42458644470357226
  0.43579432124429734  0.44656944142938831  0.45737851070843533  0.46804338796466960
  0.47830736394545703  0.48824142693456707  0.49820750040920375  0.50924369954009774
  0.52093572698569224  0.53235414145142823  0.54240047071104747  0.55308703084392485
  0.56391515539529358  0.57577857290652712  0.58776255366084951  0.59916089423233376
  0.61135902150510191  0.62333602801575805  0.63599744271706360  0.64710684463471102
  0.65920720901963314  0.66957326766718206  0.67954415055486672  0.68901712737096366
  0.69837638594788543  0.70804659987495422  0.71737184677808385  0.72645480007236085
  0.73671534077821488  0.74678481674204955  0.75525980925216829  0.76306132257036685
  0.77161980990857981  0.78133190482548720  0.79160812260987024  0.80201778900634890
  0.81267510788032382  0.82290974986036092  0.83304490456201430  0.84308579481004442
  0.85304037729366478  0.86271036456402184  0.87208385147312872  0.88219749137300096
  0.89236181424432826  0.90082474951380564  0.90873717359272765  0.91708184665089854
  0.92598209695225042  0.93471984346787540  0.94342998647997522  0.95239980926350043
  0.96302474010261729  0.97614372268399319  0.98836582838506903  1.00000000000000000
  0.00091570992152024  0.02221849394498769  0.03863549940192926  0.05262417420357438
  0.06578749746494221  0.07931314066232206  0.09268643426154236  0.10486380819252077
  0.11670378117188440  0.12855105741261008  0.14034071024338324  0.15193655734195416
  0.16316858136448995  0.17444376507387485  0.18539274480043302  0.19558397212469017
  0.20576225026743711  0.21565814797148136  0.22527211171368045  0.23513806058754058
  0.24562465921082163  0.25736715634040386  0.26894380712222826  0.27954900233575447
  0.28891707448759407  0.29748460756734835  0.30610798677556517  0.31569371003915109
  0.32645413720169802  0.33697618599988693  0.34720991097604870  0.35828898414515414
  0.37061241263752731  0.38325079258778377  0.39470574881657661  0.40535683881503753
  0.41501585779452499  0.42467954163099458  0.43458573827093477  0.44499970531062893
  0.45557328251178936  0.46622883108469609  0.47740936288424995  0.48891505379360378
  0.50059306332207965  0.51177113653146822  0.52262837345386537  0.53326390116122357
  0.54457111096724053  0.55487487361235066  0.56502289418045415  0.57547054620766935
  0.58646020868672499  0.59818176905609699  0.61023011014868200  0.62247154316879705
  0.63508062294808176  0.64702357983374859  0.65739883403701593  0.66732054620291492
  0.67725039234941387  0.68686067405751638  0.69615431176950959  0.70544977181891055
  0.71543545884230875  0.72590404703463174  0.73602213086921742  0.74566687335699333
  0.75576091219628272  0.76596479029121378  0.77584479155220176  0.78547142510437307
  0.79491868734165161  0.80411227367297322  0.81292867335450847  0.82130703395267479
  0.82993704683558533  0.83773714107561204  0.84502683278908697  0.85276416912877806
  0.86067211793251630  0.86898434603776831  0.87745870243374713  0.88671223120862808
  0.89593075074783635  0.90604321212920491  0.91634117067408971  0.92645195915935297
  0.93645020110893951  0.94628241287012815  0.95578005018369183  0.96505151723188221
  0.97415456585833149  0.98289464689718531  0.99139578345792145  1.00000000000000000
 -0.00252351717466974  0.01038620447536564  0.02092510083025795  0.03147692326416444
  0.04226933684587335  0.05397946391231156  0.06676603710607390  0.07991859468271344
  0.09212839826896921  0.10437946622814752  0.11664388112103856  0.12820666434570141
  0.13941628178539567  0.15081282172846175  0.16204871053961808  0.17270287501192874
  0.18305737577713821  0.19248319506175701  0.20200819809366341  0.21189467970334572
  0.22204430333795946  0.23131658310992242  0.23967445645111332  0.24819615500570483
  0.25756834482676044  0.26677444896035418  0.27582486517315014  0.28436922755508004
  0.29291225754527400  0.30224468332788040  0.31264453776941903  0.32288605142449195
  0.33449541222824536  0.34660791976474942  0.35887844696115340  0.37090841815573827
  0.38301945322966469  0.39512787129553939  0.40697084294026986  0.41857405865500419
  0.42997899448634835  0.44097156642240304  0.45157421999823583  0.46218771807630793
  0.47331251761762061  0.48474416972703038  0.49598063657411556  0.50708554874792289
  0.51810762352564377  0.52868070225744557  0.53808756170748395  0.54685077633251822
  0.55526803187296025  0.56412389697502374  0.57312511223030371  0.58232824573947295
  0.59202677195366771  0.60141787472677255  0.61043951640103711  0.61941304111136453
  0.62835205128064175  0.63740425906045406  0.64749252841788385  0.65782553460270476
  0.66823917203951511  0.67842567350404070  0.68886421979339252  0.70030394552884179
  0.71234394087179598  0.72361356361887741  0.73451180802255167  0.74519145094605266
  0.75653421624498718  0.76849396963755123  0.77991366843138377  0.79138939342326542
  0.80355649431379295  0.81661126623169467  0.83011461038164991  0.84404266069781619
  0.85716699778495098  0.86871717720515307  0.87926921356914745  0.88811867622831298
  0.89772213034466275  0.90709442833607190  0.91632402859224604  0.92544053181731545
  0.93456462115547312  0.94376790402381228  0.95322243086746861  0.96298941753320100
  0.97287827525288817  0.98241436523821102  0.99121600491739803  1.00000000000000000
 -0.00188431182255594  0.00844971338549305  0.01721866380584399  0.02670164913003532
  0.03714417754236773  0.04742527629765851  0.05759629364759448  0.06811232296478870
  0.07882335357395677  0.08911737200982420  0.09943356482826830  0.11022835678055276
  0.12208609215148128  0.13398662529150118  0.14542584770410810  0.15592117080978735
  0.16532707554747200  0.17483722402892096  0.18416189319863127  0.19444589254992356
  0.20405272106556629  0.21571346823765469  0.22868340603896525  0.24165684932802145
  0.25468041684692239  0.26722545002930143  0.27905506804251190  0.29043150608602153
  0.30122405942908603  0.31149847662452923  0.32195941682404627  0.33270229091244069
  0.34351950541260512  0.35365913571870805  0.36473070888651044  0.37535377532937153
  0.38562879273070527  0.39570638401202468  0.40502138739038868  0.41402810765859022
  0.42355069642145154  0.43315286267349368  0.44226374736160207  0.45194588481831410
  0.46161436561069991  0.47299784540062750  0.48355381795947217  0.49462099001803406
  0.50577228617012160  0.51710492288404031  0.52769317851404485  0.53802687389150006
  0.54843188444147184  0.55931335625949163  0.57072259863292529  0.58169057965911231
  0.59160338708906113  0.60129650552545277  0.61131641370199796  0.62189252811930196
  0.63281267946027786  0.64404017210034537  0.65482793807574735  0.66579403813449400
  0.67732680279096102  0.68850689464607273  0.69850626154389284  0.70800396292062051
  0.71561139904141025  0.72340559177649544  0.73156399559278606  0.74003511589546056
  0.74867290154906774  0.75736649660763511  0.76617793962427749  0.77595778973010043
  0.78672972271672992  0.79740302745273151  0.80775342576578124  0.81799138644638136
  0.82837136200717443  0.83916223995245698  0.84986397164013960  0.86017371232415230
  0.86968108391515164  0.88066802054575355  0.89248483278319046  0.90438396853157066
  0.91579146990392302  0.92743151056029649  0.93959484790148873  0.95132411452398147
  0.96422492857738962  0.97673962327431019  0.98871762801347951  1.00000000000000000
  2.23318955739582627E-016  -1.0000000000000000     
 T T T T F F F F F F F F T T T T F F F F F F F F T T T T F F F F F F F F T T T T F F F F F F F F T T T T F F F F F F F F T T T T F F F F F F F F F F F F F F F F F F F F F F F F F F F F F F F F F F F F F F F F F F F F F F F F F F F F F F F F F F F F F F F F
  <DiscreteSampler_grid>
  grouped_processes
  1 # 1 for a reference and 2 for a running grid.
  10 # Attribute 'min_bin_probing_points' of the grid.
  1 # Attribute 'grid_mode' of the grid. 1=='default',2=='initialization'
  0.0000000000000000 # Attribute 'small_contrib_threshold' of the grid.
  0.5000000000000000 # Attribute 'damping_power' of the grid.
 # binID   n_entries weight   weight_sqr   abs_weight
    10   10   1.282689155289798E-005   2.899591272778432E-010   1.282689155289798E-005
  </DiscreteSampler_grid>
