 -0.00002360465392221  0.00091561973173961  0.00290908517176892  0.00605824355748839
  0.00963986441703332  0.01291271385044047  0.01583403853115950  0.01909424542747735
  0.02331081985687957  0.02779881803728907  0.03208262910651825  0.03660870334421917
  0.04004318707533785  0.04360188329053627  0.04726268901255069  0.05155828181171996
  0.05558371394642081  0.05932814858401594  0.06338708847077355  0.06775137516268125
  0.07265242157434069  0.07738562981135927  0.08179281158145604  0.08613310517889509
  0.09049476317086642  0.09453190840349415  0.09793883646158166  0.10099965912467819
  0.10413737432028486  0.10750510931907802  0.11109289837934755  0.11474960501962173
  0.11853447160850422  0.12257430675364737  0.12670254283098101  0.13059964436569238
  0.13383953252707917  0.13681657787499452  0.13965552031294312  0.14258401986238495
  0.14536795955614989  0.14793081471565370  0.15084541644391875  0.15396100647695402
  0.15714887833328831  0.15980108819226047  0.16202095439556302  0.16438216649102591
  0.16677468510638424  0.16913018454991810  0.17143652121909750  0.17371285839177569
  0.17587499575841378  0.17815040550214409  0.18039513351449518  0.18256414852217986
  0.18477909297793685  0.18686987047801276  0.18922149426937676  0.19176174329670365
  0.19420232377272545  0.19621332405783820  0.19816742621455916  0.20008743318135300
  0.20197792124762060  0.20388074892839331  0.20577578810032843  0.20766084512988012
  0.20954002830450386  0.21142997905682417  0.21343458630483383  0.21538524299567349
  0.21720887568876987  0.21905123870731780  0.22086974192804146  0.22262222698148643
  0.22437559306180774  0.22612565568005807  0.22784137746795302  0.22959160437096132
  0.23140637010531814  0.23317306824598008  0.23490670928284757  0.23705391287127114
  0.23933569406105107  0.24191958386951698  0.24491663438742015  0.24939154653128878
  0.41217223079432752  0.43404566653554150  0.45489712807951538  0.47975427929943654
  0.51227773523406572  0.56050468406062792  0.65629522637520243  1.00000000000000000
  0.00036194385933540  0.00257153356961462  0.00556597438296432  0.00901646502923696
  0.01300095807614758  0.01761606827861721  0.02182275502210308  0.02585943702882373
  0.03055439990806183  0.03487203583733845  0.03890850600506966  0.04372578021234752
  0.04865562078354582  0.05355913385605553  0.05840375869710428  0.06334182078176691
  0.06805890425363748  0.07247022748313164  0.07670097499889870  0.08106812175759642
  0.08535551314616575  0.08913085047019707  0.09224162086209420  0.09526281046685879
  0.09837262465600984  0.10194672639658117  0.10577718800518751  0.10937320949111895
  0.11350374152207605  0.11773244277999775  0.12223520133335712  0.12650335043299221
  0.13024697424611925  0.13406408424856689  0.13867781890066472  0.14283826988542395
  0.14687343372795988  0.15056173994019101  0.15386793587505812  0.15708737641764015
  0.16003407294018679  0.16256124723034926  0.16507216373051561  0.16766032336117120
  0.17048702312420985  0.17350119012088788  0.17662076162472787  0.17979384270972226
  0.18266250941320569  0.18543842348467868  0.18807087770029035  0.19052041217226753
  0.19286927243406843  0.19507839944839930  0.19737375714635941  0.19992448149707789
  0.20264236796837887  0.20523182946324245  0.20759126724077118  0.20986401047464293
  0.21206765832720392  0.21422031112532422  0.21620768508670885  0.21815818186932764
  0.22017776907824166  0.22219469656436797  0.22424608044859912  0.22648428001243209
  0.22862041667935376  0.23063760997625737  0.23248170634299953  0.23428637571523123
  0.23589770738155097  0.23726916784729535  0.23868140950255554  0.24003256960341438
  0.24146707182935875  0.24367549902733532  0.24614173292880209  0.40786769632300446
  0.41595570119517716  0.42264902982762048  0.42855764595344575  0.43396047899763696
  0.44202758910928802  0.45119724521032228  0.46159387582569034  0.47429396431240151
  0.48766308245438406  0.51019212607891473  0.53681552316043846  0.56583448578605111
  0.59964871125569830  0.64787314364360726  0.74347755932392001  1.00000000000000000
 -0.00005816535039922  0.00179450556605709  0.00541448343252691  0.00946293119376178
  0.01503680444721305  0.02040665972346056  0.02590839930638208  0.03220844826357609
  0.03893930932573771  0.04579559727612845  0.05181248783520331  0.05639208294923761
  0.06079545859321132  0.06519523831233943  0.06976282457553437  0.07425488632968785
  0.07905124860589045  0.08411516128843685  0.08929786499883778  0.09451425220443932
  0.09948541978662283  0.10385208431729569  0.10896078076454535  0.11434287323994868
  0.11950001659070632  0.12459228358854355  0.13026723491620695  0.13583747321637563
  0.14177807152131813  0.14827942679807618  0.15515179321633732  0.16272572204209840
  0.17136897527390146  0.17892464393021934  0.18601298051499215  0.19230601318786558
  0.19766002666465340  0.20242081238770041  0.20714501974599439  0.21207574544313240
  0.21729872181921719  0.22280003542381091  0.22823659074339397  0.23361299566853180
  0.23922321773707730  0.24579643730905312  0.25294387234019372  0.25953507716469448
  0.26622287087280155  0.27261867148573771  0.27944811924403545  0.28625548590690442
  0.29306368716543951  0.30009554924523618  0.30715552213132080  0.31412246599045618
  0.32115711524743429  0.32808282611896661  0.33357218714227876  0.33921239549481663
  0.34492445881108508  0.35045766892216723  0.35637569462064517  0.36281766156197948
  0.36918976605269532  0.37537645675473263  0.38140868744184248  0.38768142105835907
  0.39593341158040829  0.40603316889277541  0.41564789002344743  0.42479893674587793
  0.43330479670392891  0.44188773231796269  0.45164742210972059  0.46088422095502890
  0.46900639577169129  0.47684478190985835  0.48529306397965771  0.49480514442396245
  0.50429465739597457  0.51436111456683109  0.52536036261720909  0.53711007573773040
  0.54982762267539387  0.56392433816812904  0.57912504531641540  0.59791404395695813
  0.61786499925321747  0.63787585462648233  0.66100456983569944  0.69099740503370877
  0.73077396793430094  0.77642304171008214  0.84479317732527637  1.00000000000000000
 -0.00341579076850408  0.01687780329329000  0.03356704209317060  0.04910556727460564
  0.06032610045945596  0.07199388180279150  0.08499079721870265  0.09794157935861056
  0.11366269572602419  0.13253561049315404  0.14925729753793071  0.16468014776699641
  0.17916510437508021  0.19285554308907066  0.20634202015030259  0.22103619811234099
  0.23629455446299702  0.24929426071592786  0.25902790251873842  0.26778123766831258
  0.27635910357298243  0.28443531701880531  0.29390313548394381  0.30286361660003763
  0.31201028344828996  0.32291714919384895  0.33410909402703737  0.34510912921381826
  0.35604742049561100  0.36648533091239976  0.37512895863218915  0.38478343073585664
  0.39333610906187944  0.40243159798933847  0.41284981946665034  0.42466262202055405
  0.43804322813722024  0.45058132005206170  0.46239609325937908  0.47379202205768228
  0.48653279731517751  0.50003503866725274  0.51416210145270214  0.52964432612714984
  0.54646694147377251  0.56265168617917349  0.57804599856941852  0.59204253753179870
  0.60239685000477960  0.61199108920342582  0.62185272835413585  0.63290861824802380
  0.64549605904808627  0.65518958340524036  0.66374808206635827  0.67251173794229524
  0.68199421972078222  0.69094277950566352  0.69850910257851406  0.70656882420812606
  0.71676368344791408  0.72783280603564593  0.73827416957185044  0.74777413552924377
  0.75667014487693918  0.76560313064723917  0.77554808151519272  0.78658485523459976
  0.79698818186109610  0.80671553936355311  0.81623172466740113  0.82430188184130926
  0.83102234864998781  0.83743817680908661  0.84409693739880287  0.85112007806250844
  0.85826166148951921  0.86576342909612991  0.87277115150659756  0.88107083292763944
  0.89038776900868066  0.90003362971413570  0.91143093390467678  0.92160837871583434
  0.92870518096314214  0.93451247340572596  0.94043735497749670  0.94761381978772996
  0.95576944356186333  0.96324483399844552  0.96968715707649555  0.97580570059234795
  0.98208475818862762  0.98834454226854596  0.99433379493007423  1.00000000000000000
 -0.00165876062093275  0.01290352236408844  0.02354552980135919  0.03445587481759259
  0.04565431345098973  0.05680667384384953  0.06795090995438197  0.07892092267100564
  0.08855182189227047  0.09538719522679534  0.10257880166525667  0.11012187978119028
  0.11862951744360095  0.12807515242618941  0.13796851189292395  0.14722085743454888
  0.15901741932817856  0.17052308277721553  0.18550081678989466  0.20055226740928664
  0.21790429054114116  0.23373531982067852  0.24680999315692578  0.25737134428633068
  0.26617482928015168  0.27422496707620431  0.28327991776466155  0.29347659188886993
  0.30429543244160384  0.31447861457717508  0.32524420485900263  0.33937227499329076
  0.35550664380287234  0.37220410951076016  0.38815500769636874  0.40313293748092505
  0.41763514480806019  0.43293969094285112  0.44642153679825763  0.46005316479118058
  0.47309411952723501  0.48478909639898504  0.49591428151905131  0.50727597589814299
  0.51798054793904158  0.52889396675318445  0.54020082789191115  0.55401476144405071
  0.56725855849993656  0.57985171005240710  0.58922106252707596  0.59690769150592793
  0.60557714742412194  0.61439783790755453  0.62188758770604358  0.62937807423242942
  0.63637012949813532  0.64509124208311042  0.65595744947512524  0.66700338300582118
  0.67696040012558389  0.68727309552622695  0.69679686647129180  0.70499282754680148
  0.71319026139021990  0.72256425600019059  0.73441048184933566  0.74813914045604357
  0.75815985166991784  0.76759128272160160  0.77584445868642615  0.78306900354623843
  0.79009434980987681  0.79747102610965670  0.80536774564167524  0.81442320846854388
  0.82299453599999617  0.83144967355841060  0.83940343749463042  0.84617949982862695
  0.85238670866801758  0.85948224089886971  0.86715876757987309  0.87468251949593834
  0.88650950335436940  0.89780703105682247  0.90857251552350138  0.91920532736487170
  0.92762969058528477  0.93563375798611792  0.94398154389420852  0.95112526992377022
  0.96003775501437427  0.96952876761205831  0.98128800678394734  1.00000000000000000
 -0.00223964827222637  0.00792282790452616  0.01674482718047783  0.02568859016326036
  0.03480069472568799  0.04381685093768793  0.05275581217857035  0.06114862945168736
  0.06966664136613750  0.07845409845235150  0.08608367801156022  0.09258982203853204
  0.09955883803105955  0.11045432060117730  0.12629604507842127  0.14204519636251522
  0.15312654125590694  0.16221856599403955  0.17205648625818665  0.18089594503965548
  0.19004809042017029  0.19987329837508541  0.21134333674232975  0.22325738864022143
  0.23330515725167725  0.24189737491454866  0.25119763657546568  0.25971153590875135
  0.26707729257877499  0.27476782660149202  0.28399093488342658  0.29457936092693815
  0.30533497452544617  0.31436699231475379  0.32246815381085320  0.33088637030841522
  0.33909031592527766  0.34685427719804995  0.35409755705493484  0.36214220463001001
  0.36990239218470161  0.37946442679269332  0.39158644627861511  0.40381974546566185
  0.41609138985053040  0.43032470601652190  0.44442278269403845  0.45896287598646712
  0.47133062033089074  0.48331630849282864  0.49545315338226448  0.50781690729989748
  0.52174569255527137  0.53952316244197429  0.55657855536644407  0.57067702262539854
  0.58256092153516970  0.59377252910043343  0.60488148429387478  0.61705776267920409
  0.63009854638225238  0.64215893229970999  0.65339222050022638  0.66431741689187107
  0.67545596485624304  0.68729260725732211  0.70080999720220283  0.71488756498865913
  0.72634006330417256  0.73682184375626314  0.74568311837745460  0.75305249096342874
  0.76129126952368575  0.76914499360827804  0.77809052566013204  0.78750064215829130
  0.79733535251324805  0.80825384460126104  0.81964873066332899  0.83140225390300737
  0.84125964250307295  0.85105566289789580  0.85865975610484135  0.86503313654181802
  0.87140289266088156  0.87999139013774519  0.88976434206759070  0.89971790574996979
  0.91027110810415635  0.92067549443036367  0.93290822206582324  0.94467453203487506
  0.95791298875141206  0.97047508143042871  0.98547039079951548  1.00000000000000000
 -0.00208619450793901  0.00913041059774378  0.01894234103097800  0.03049801914654495
  0.04102873744518021  0.04948047995194683  0.05712939650063150  0.06763848416496554
  0.07788825321895507  0.08668038180671735  0.09638536904332166  0.10780799492660223
  0.11970606803977689  0.13156202696083158  0.14199828195220798  0.15116788459186264
  0.16096535054599986  0.17153755244537708  0.18388272334313643  0.19762744995929879
  0.21198007553783799  0.22657472513960714  0.24095408900684376  0.25353690718482352
  0.26684427149787493  0.28083689249469423  0.29511367373258746  0.30990718268394535
  0.32247298338521346  0.33390120713069321  0.34443321115100012  0.35464147533890339
  0.36626893352128431  0.37773595910618113  0.39174905856768494  0.40397652866095402
  0.41739816948805469  0.42977636637866357  0.44170501275878310  0.45167247301782504
  0.46147179943211913  0.47183326945501258  0.48306734845025351  0.49476620468845467
  0.50655705648843841  0.51832276957513324  0.52881723726192398  0.54030118141344974
  0.55233061918825543  0.56422841799863732  0.57318691858954895  0.58260896610427571
  0.59146749478107574  0.60057647888397869  0.60945279757950133  0.61667893070408886
  0.62339464107365061  0.63219846490074338  0.64258000620974343  0.65982543419231177
  0.67696603686419499  0.69319278816553420  0.70758580563494433  0.71921939891272868
  0.72894077200899310  0.73680785876349109  0.74346980178351352  0.75071954068395241
  0.75934087701220343  0.76790171239218119  0.77727760215222341  0.78619142402453757
  0.79503029647591827  0.81024865383317501  0.81812541966017283  0.82653030772809033
  0.83638878341952039  0.84669006216930087  0.85559698773129811  0.86339112425171016
  0.87193318016705590  0.87968553203830602  0.88699928089112667  0.89359636914483220
  0.90109165632300992  0.90820483525179196  0.91428230025659307  0.92146316787146976
  0.92961239423775310  0.93805200783898313  0.94613308993919631  0.95621944577650086
  0.97035765113476924  0.98266761401744085  0.99190903640712247  1.00000000000000000
 -0.00409333560157492  0.01618358495316561  0.03105713424151502  0.04468986147590237
  0.05643710491762577  0.06651245110933028  0.07534718136656819  0.08483610084204840
  0.09546709972048302  0.10586098892641839  0.11516349286587596  0.12516743382962531
  0.13550153797798115  0.14455585736725052  0.15315157046332753  0.16168286271616877
  0.17222763279984799  0.18388909601975387  0.19419201343973494  0.20299633235941897
  0.21297543852065073  0.22481942861164803  0.23675039728524935  0.24894112053939765
  0.26102519875509822  0.27207754140497709  0.28080744251607476  0.28888818030708530
  0.29827174980383458  0.30812677364339813  0.31769212451785894  0.32763634418859100
  0.33900800236991513  0.35163276719326247  0.36247047942899019  0.37118314705742006
  0.37976351469145520  0.38793179108074943  0.39945448621052976  0.41096560079504629
  0.42204422762771782  0.43234800057813699  0.44341266308131466  0.45565775990663410
  0.46822471735775312  0.48032191678728020  0.49161497678744209  0.50112449197691766
  0.51095844948408009  0.52263104746504441  0.53562404041151301  0.54778674395370386
  0.55649305143301364  0.56683067702002710  0.57712905717838714  0.58626896322697286
  0.59495195549164637  0.60526811221828747  0.61837614055638546  0.63263302520188192
  0.64707580738856063  0.66108141511090368  0.67346169776665044  0.68451292174254130
  0.69583237380233276  0.70611001862531941  0.71541003080418708  0.72539366329988719
  0.73632061163672213  0.74788699866300357  0.75650264589875560  0.76499952364276314
  0.77303775114450124  0.78152597111472188  0.79059389015890136  0.80001815056657166
  0.81005970891494405  0.81996098415346996  0.82855505901599225  0.84005113626783590
  0.85281820751071136  0.86267633401832156  0.87183869726427832  0.88099056763741357
  0.88991705356315920  0.89879821498008339  0.90725958214174418  0.91565422963134357
  0.92467756143607138  0.93478619024372378  0.94547805981705102  0.95674975066464596
  0.96811980947513443  0.97874236053804342  0.98907260342650671  1.00000000000000000
  1.02874941062808456E-011  -1.0000000000000000     
 T T T T F F F F F F F F T T T T F F F F F F F F T T T T F F F F F F F F T T T T F F F F F F F F T T T T F F F F F F F F T T T T F F F F F F F F F F F F F F F F F F F F F F F F F F F F F F F F F F F F F F F F F F F F F F F F F F F F F F F F F F F F F F F F
  <DiscreteSampler_grid>
  grouped_processes
  1 # 1 for a reference and 2 for a running grid.
  10 # Attribute 'min_bin_probing_points' of the grid.
  1 # Attribute 'grid_mode' of the grid. 1=='default',2=='initialization'
  0.0000000000000000 # Attribute 'small_contrib_threshold' of the grid.
  0.5000000000000000 # Attribute 'damping_power' of the grid.
 # binID   n_entries weight   weight_sqr   abs_weight
    10   10   5.039240336695549E-005   5.192338418665612E-009   5.039240336695549E-005
  </DiscreteSampler_grid>
