  0.00001064038379940  0.00001351028311838  0.00001560878326983  0.00001684323477541
  0.00001767729263161  0.00001842123926708  0.00001871585682085  0.00001901047437462
  0.00001931153282292  0.00001961272019985  0.00001993881889353  0.00002027211321216
  0.00002090095537469  0.00002266599235226  0.00002562779545356  0.00002851035913806
  0.00003151794614971  0.00003433349482182  0.00003708006477502  0.00003982242527989
  0.00004251421954079  0.00004533241348070  0.00004911472868655  0.00005373593767089
  0.00005902097947734  0.00006405988365500  0.00006927607387674  0.00007484340280462
  0.00008093381238352  0.00008626776062431  0.00009112780202288  0.00009631537904314
  0.00010171154049068  0.00010768437802793  0.00011757193222867  0.00012801438045866
  0.00013913119886401  0.00015270957474416  0.00016796244154036  0.00018556706036017
  0.00020394771674492  0.00021993945278788  0.00023362395789392  0.00024833596741494
  0.00026486907891960  0.00028324957112604  0.00030325200408528  0.00032419914772552
  0.00034769286005690  0.00037431820456739  0.00039946111672491  0.00042058077858258
  0.00044349513043024  0.00046821073579172  0.00049492797385902  0.00053940820961470
  0.00058796779400677  0.00063603786181070  0.00069340195211033  0.00076020015777287
  0.00084130852489451  0.00093728386964907  0.00103869517148348  0.00112736635348896
  0.00121690911034545  0.00130558605918318  0.00139769247291856  0.00151344329098785
  0.00165421826647416  0.00182800712916023  0.00203729822314192  0.00226693114288447
  0.00253341998148447  0.00284809090034771  0.00322010964200049  0.00365059222290907
  0.00413028735252422  0.00470453980589795  0.00537683920678799  0.00616589392350007
  0.00701066539327824  0.00794261221625334  0.00902463552199390  0.01042071196163673
  0.01231169291322187  0.01463686225802010  0.01762006112407472  0.02093830502517616
  0.02475794597413437  0.03019641639151903  0.03874702749508725  0.05206664801621238
  0.07292142420761706  0.10654668628831002  0.19672538345489807  1.00000000000000000
  0.00003199712173611  0.00003589249458320  0.00004300260602803  0.00004836454153192
  0.00005321289033880  0.00005818611803029  0.00006377315379146  0.00007112876237733
  0.00008001069796800  0.00009040018490461  0.00009994579545005  0.00010881094444826
  0.00011887838839437  0.00012990768165903  0.00014204180842334  0.00015630857033094
  0.00017277127071903  0.00019271240005100  0.00021482046569733  0.00024081758731110
  0.00026561866743165  0.00029069862273985  0.00032293053569806  0.00036214411226648
  0.00040730976415057  0.00045579921568818  0.00050849490471655  0.00057239768490985
  0.00064768890941633  0.00072614270955024  0.00080408409985180  0.00088626188694322
  0.00099205666923693  0.00112389310749071  0.00127599365492258  0.00143735318126115
  0.00161045312924891  0.00179483478740356  0.00198675114125886  0.00220443621142705
  0.00246136995150357  0.00281532534529030  0.00326584172090422  0.00371727340986466
  0.00414356312075818  0.00459055291953869  0.00511684490569498  0.00577447828547313
  0.00656436187119451  0.00748145954748556  0.00852193193451923  0.00968100277376929
  0.01095303767063444  0.01226324572404413  0.01362335188764994  0.01510734783884865
  0.01672467320688096  0.01858103179748723  0.02077980564368399  0.02326513838709432
  0.02546000793849052  0.02749338550047801  0.02925959761722666  0.03130204793716634
  0.03320062290166681  0.03519906054004849  0.03724038300033808  0.03926292752929293
  0.04214015794871222  0.04557791845280058  0.04971138271431443  0.05450814864187116
  0.06000910594428564  0.06711891014988773  0.07556936603276157  0.08475671554585072
  0.09700895928976386  0.10947855494947152  0.12090146029977196  0.13264175030010772
  0.14551589849549665  0.15797218849811484  0.17592283064437031  0.19814592300006797
  0.21612514594346288  0.23185391478239820  0.25143253556150835  0.27107826476058283
  0.28970676842132237  0.31189705848830052  0.34096140664968722  0.37431520174202776
  0.41926306322836743  0.50181524665525234  0.64761674598574204  1.00000000000000000
 -0.00000337564941282  0.00013673164593356  0.00026658533633496  0.00042123916689167
  0.00060752361964934  0.00084703489185693  0.00109082969695194  0.00134536535625274
  0.00160299785731524  0.00183869500283027  0.00210429329012698  0.00238660892134745
  0.00267412454062558  0.00295757016403580  0.00326342528534768  0.00358905658247267
  0.00391568065210701  0.00429738997434575  0.00471878748803912  0.00513989527788822
  0.00554569261811409  0.00594526468373051  0.00634864728317460  0.00678460121557422
  0.00726766164396612  0.00783384529528493  0.00838298470430905  0.00886256487819296
  0.00936285556969061  0.00985455050277989  0.01043309188004776  0.01109225029484622
  0.01182329975897682  0.01263819819282947  0.01345203987330071  0.01429958031556680
  0.01519717698252807  0.01610380452450098  0.01700962287347816  0.01795024971430530
  0.01893049993544215  0.01989405087437631  0.02080396266947049  0.02161167034854411
  0.02254055305753035  0.02342478066110878  0.02431748510851386  0.02530737466833011
  0.02640449909706583  0.02770251029357961  0.02930646269015479  0.03103296822327546
  0.03261514825306139  0.03408049311293086  0.03570196939613642  0.03755545181544873
  0.03970347401364312  0.04192674341448709  0.04425292115554277  0.04670051083779706
  0.04918870675241858  0.05145995691640059  0.05413735185171693  0.05643301387959543
  0.05853886179857865  0.06077632528599098  0.06303500082127507  0.06531795924342275
  0.06886422926759360  0.07320181777438810  0.07831539367202354  0.08394732411020545
  0.08916767499542151  0.09340058938023241  0.09754447827718253  0.10221151720859019
  0.10685147979336936  0.11148697557221607  0.11619405554275501  0.12098099364744663
  0.12600178694688607  0.13141959566790667  0.13683589271878360  0.14273727649998724
  0.15291395657008391  0.16526384506383707  0.18295890221001368  0.20406914372181043
  0.23023015118660112  0.26135836537154422  0.29732711121768468  0.34779394815055403
  0.41735243794236898  0.51943988242078876  0.85998921909612691  1.00000000000000000
 -0.00278611246588620  0.01238755503175202  0.02354859615373902  0.03284761907964996
  0.04186103481851529  0.05148648368084156  0.06344627228474342  0.07543032530433319
  0.08553827763370821  0.09530896691538090  0.10540208622860263  0.11646080709548567
  0.12690710867910551  0.13650894154993304  0.14619449930010539  0.15490897404101858
  0.16286299837950674  0.17006933158813919  0.17753383440826748  0.18561622924590293
  0.19644389970170822  0.20850522663727569  0.22030973221596367  0.23169624640053554
  0.24259611840818407  0.25324842057074748  0.26392680317943307  0.27437970860549543
  0.28381670484714555  0.29294633338856590  0.30212794471143140  0.31202641791092917
  0.32558265884642651  0.33624787880246404  0.34677910011004515  0.35702955768582306
  0.36821168752542149  0.37897750189828611  0.38933560427634600  0.40066886642049454
  0.41219998541346636  0.42528773913596357  0.43765893849593329  0.44971513879298686
  0.46124090609393653  0.47429817076303171  0.48721037367421977  0.49729355846617118
  0.50762257834807378  0.51795211686008458  0.52907373415995307  0.54258747825239551
  0.55623450315191292  0.56894228635251964  0.58087714638331811  0.59247996762716038
  0.60420321706331959  0.61519460887507416  0.62589251936131707  0.63649214159707868
  0.64608950632569395  0.65566231826710142  0.66486306635994885  0.67606706094519087
  0.68757954250477127  0.70103424276519555  0.71384121458673899  0.72428251945304811
  0.73117603374241069  0.73811863585197035  0.74505818228009879  0.75196725202629500
  0.76224005882304413  0.76974738097540840  0.77745689791255956  0.78557777982101151
  0.79405136890607830  0.80505596605183027  0.81493579889664369  0.82568434844618688
  0.83634587119552828  0.84810955804506860  0.86162571055855697  0.87495998713203327
  0.88867532699515484  0.90222180483070358  0.91627017125845600  0.92995646594599823
  0.94100934306927719  0.94993728715046732  0.95521623619272666  0.96201596738631878
  0.96936417710710132  0.97660199297596084  0.98726619605861698  1.00000000000000000
 -0.00148647732935749  0.00779628549701732  0.01547689395555392  0.02278772793597497
  0.03016583275857475  0.03776317031917954  0.04545322999637243  0.05352061331935815
  0.06068419682454088  0.06724732535159586  0.07344269552243239  0.07955757938121973
  0.08604251649599483  0.09222750426398568  0.09764446485928965  0.10296804167699611
  0.10886672811598205  0.11549526754818908  0.12182990024315257  0.12797335808809696
  0.13449689040343665  0.14174971610612183  0.15031816317016897  0.15809588493515073
  0.16336106532953554  0.16841198106401867  0.17429210356014038  0.18021781077044136
  0.18568185381302257  0.19137976507611409  0.19832994439140025  0.20637740506928096
  0.21540768516784176  0.22565155101484627  0.23416756283428761  0.24355946527018327
  0.25292021802309689  0.26253089047748246  0.27576153752624821  0.28961786030597986
  0.30245266990814412  0.31340651252386659  0.32260135484554386  0.33245041812953480
  0.34219513311604344  0.35168327809565220  0.36108709044240106  0.37027723895409903
  0.37983768892169639  0.38724891642262432  0.39417562626584590  0.40104061057261214
  0.40672706838549644  0.41472446260442741  0.42382570524721114  0.43313525711059253
  0.44332252285511392  0.45517805174637005  0.46915804167852543  0.48255702468659650
  0.49462326594052541  0.50555430674886859  0.51640918300277716  0.52753188254396455
  0.53784196623375535  0.54832706078528082  0.55855066699562528  0.57272776997418318
  0.58776729444377462  0.59791503656321721  0.60920527737663022  0.61971069399083367
  0.63323077128318894  0.64970313268679658  0.66645962021490102  0.68038854194519072
  0.69425293652647535  0.70896507067706049  0.72505442999867153  0.74206285370124503
  0.75895294454718787  0.77600274565631000  0.79233342091993986  0.80804809936930011
  0.82461388587352580  0.83906556597176019  0.85191415112774960  0.86546830507571049
  0.87945096205199125  0.89775725463048528  0.91358825376148989  0.92931477850256583
  0.94598424490748423  0.96363420113405618  0.98087577911910395  1.00000000000000000
 -0.00344123328422732  0.00733418955590179  0.01771186526785152  0.02764331215779313
  0.04093342021540600  0.05379812816310332  0.06497184251776952  0.07505753145712804
  0.08805673765579944  0.09978971410792262  0.11006855063339910  0.11950732916398801
  0.13025109603893339  0.14217932517355666  0.15380814316314670  0.16493753561575486
  0.17578385937130842  0.18661652108768439  0.19754471267063420  0.20693584071709645
  0.21541536919416668  0.22378647224427026  0.23282943145247900  0.24171634221476021
  0.25024366954352201  0.25877392898138263  0.26800774632476587  0.27788401984763927
  0.28886973195824134  0.29986745986730501  0.31059243039187090  0.32111499583215175
  0.33163956760358038  0.34156390702111200  0.35095195182250566  0.36063396733163661
  0.37004795946208929  0.37918847241224835  0.38827518043548392  0.39973156071895027
  0.41370540279212842  0.42712884049252170  0.43968340778937914  0.45175288108440370
  0.46456260246005188  0.47618751921848346  0.48290971558344814  0.48892603551971348
  0.49499636010743753  0.50100563456557945  0.50900198673213293  0.51974536115912573
  0.52897113673030038  0.53878612808974613  0.54820163622644880  0.55859778249163605
  0.57049911864655178  0.58264039748376839  0.59510477308520426  0.60844046226502302
  0.62097249131464261  0.63207937612756437  0.64347222644363278  0.65430269255753504
  0.66551385786706641  0.67624134801073388  0.68713049157121020  0.69804249637414184
  0.70893370918789356  0.71902101082634462  0.72932672281823463  0.73976841346363376
  0.75091630385870378  0.76310587480527248  0.77572201848641076  0.78823355347292900
  0.79967737700976016  0.80947275047719425  0.81939035667670057  0.82970906368060771
  0.84070581444288250  0.85000867548270442  0.85910830406473826  0.86902640410322407
  0.88032199112997311  0.89346519521011081  0.90400132825732005  0.91394789346793925
  0.92394532472144453  0.93009564903450570  0.93743644491556288  0.94724835192889334
  0.95702257026377924  0.97125743102119322  0.98614327318948958  1.00000000000000000
 -0.00141706458527440  0.00382099890759091  0.00859508511959230  0.01316567459976347
  0.01777853802870207  0.02242445863806943  0.02730175288708187  0.03207121789349330
  0.03671588706454930  0.04098129866601834  0.04528533098660253  0.04947947363055207
  0.05361851781730961  0.05799786615047194  0.06289633568431316  0.06842384762831696
  0.07357968147241008  0.07782648039571903  0.08209121960826850  0.08651083549610243
  0.09150015790055664  0.09759266323492286  0.10406260781580076  0.10956564876349663
  0.11445227713627298  0.11955804505944148  0.12492481382485132  0.13169319439619917
  0.13935659682455498  0.14698137148732476  0.15411077959628208  0.16112478298170654
  0.16862545317575608  0.17647311194226900  0.18449844101056556  0.19272819983375336
  0.20125629172345910  0.21104249558434421  0.22206450050557602  0.23222781629100006
  0.24074059505557163  0.24916783827559150  0.25776343886910807  0.26741480955659419
  0.27703112469001251  0.28613544669734547  0.29390450823038339  0.30259136041860679
  0.31113066476056450  0.31938471748453573  0.32742830546124907  0.33553771201093335
  0.34664661227285387  0.35847465618088709  0.36873152040196239  0.37594480926276080
  0.38328651250797491  0.39102649508735893  0.40039005456639093  0.41499997426403190
  0.42668522545060067  0.43724268552568685  0.44700693476230552  0.45392797232964932
  0.45974515496781149  0.46564377147918123  0.47162924602904172  0.47772930600069990
  0.48412317061857874  0.49193239309093523  0.50622426028211509  0.51818765568151948
  0.52899692122197473  0.54016783364494192  0.55353844645028860  0.56566789133624340
  0.57712181487383629  0.59012752692141757  0.60769315834907001  0.62520968010162570
  0.64309513947760966  0.65612060567992037  0.66668054438316826  0.67717374589347956
  0.69087948710122993  0.70436638775976990  0.71935313793785594  0.73806159626670798
  0.75665229769644182  0.77572649542612393  0.81233111749840803  0.85132133122772446
  0.87958767561901829  0.90464440346114217  0.91641831002389296  1.00000000000000000
 -0.00081657106032669  0.00401379303749749  0.01044152588505586  0.01658692784803277
  0.02235817702576834  0.03414339769919111  0.04740108164219318  0.06170151329673398
  0.07665279256140331  0.09088300380154470  0.10713312227827930  0.12427108334016414
  0.14050695818612877  0.15626615522731460  0.17194758962683832  0.18718347684991687
  0.20181690776840705  0.21628358933026576  0.23035345373585600  0.24414553800457878
  0.25616043736607552  0.26733156058096552  0.27813777495959519  0.28934457619592419
  0.30014366655044045  0.30939453773235087  0.31892519681910703  0.32899117334369093
  0.33994728759458603  0.35061968225281065  0.36089426270124242  0.37097557230621153
  0.38098696857405528  0.39126173540831688  0.40056817168826886  0.40936775807224179
  0.41833762884399028  0.42664779648049306  0.43517845139266759  0.44244039002689117
  0.44948580688501255  0.45623413606950108  0.46422283444761164  0.47195446090558696
  0.47858911493399314  0.48276785487879198  0.48644274873980731  0.48988554559684583
  0.49316646071810111  0.49763839282325861  0.50322420145417235  0.50907437191543858
  0.51465350964340129  0.51963120984142896  0.52439264445021172  0.52889393061998979
  0.53452896693873952  0.54110432019273380  0.54893712775877634  0.55850750560406914
  0.56795204432744240  0.57771962810224664  0.58729849133513401  0.59638206821281570
  0.60546301471213715  0.61478143768638516  0.62453997518401227  0.63488324750350744
  0.64567360158463327  0.65684716410864774  0.66763773828509476  0.67832438741201495
  0.68892629620203272  0.70009741910935197  0.71299774976226260  0.72634289574182853
  0.73883204977362726  0.75121784205780873  0.76549424173316627  0.77888555569347018
  0.79196090248049300  0.80511280748427383  0.81911950397745636  0.83310859219535494
  0.84714313632525362  0.86032577334058125  0.87295975066804099  0.88632143395817808
  0.90203322425693733  0.91886353091991857  0.93456989274647839  0.95054175069618574
  0.96711738553182369  0.97860665804022073  0.98948025999582967  1.00000000000000000
  5.56340591226441034E-009  -1.0000000000000000     
 T T T T F F F F F F F F T T T T F F F F F F F F T T T T F F F F F F F F T T T T F F F F F F F F T T T T F F F F F F F F T T T T F F F F F F F F F F F F F F F F F F F F F F F F F F F F F F F F F F F F F F F F F F F F F F F F F F F F F F F F F F F F F F F F
  <DiscreteSampler_grid>
  grouped_processes
  1 # 1 for a reference and 2 for a running grid.
  10 # Attribute 'min_bin_probing_points' of the grid.
  1 # Attribute 'grid_mode' of the grid. 1=='default',2=='initialization'
  0.0000000000000000 # Attribute 'small_contrib_threshold' of the grid.
  0.5000000000000000 # Attribute 'damping_power' of the grid.
 # binID   n_entries weight   weight_sqr   abs_weight
    10   10   6.301618982644603E+001   1.612096356066527E+004   6.301618982644603E+001
    16   10   4.959672973825201E+001   1.116592650329469E+004   4.959672973825201E+001
  </DiscreteSampler_grid>
