 -0.00000748789977289  0.00023938449338589  0.00075361879145384  0.00154957282332755
  0.00256990357341799  0.00385089868577932  0.00516696226804277  0.00646826877575104
  0.00781440698049722  0.00929127811634444  0.01068392149379986  0.01194469194835013
  0.01319665956472104  0.01441192087774216  0.01569961192346271  0.01698376562097881
  0.01831225617759646  0.01956381004045613  0.02074999379369759  0.02186611568557225
  0.02295351525851605  0.02401185339639358  0.02509378370331306  0.02611217657824210
  0.02710813729047629  0.02801752452618248  0.02887015774532216  0.02971125977886217
  0.03054353516519008  0.03132122032533317  0.03214128562422516  0.03298461900142792
  0.03373206365808738  0.03440540049390626  0.03503124020690850  0.03555914725767491
  0.03611010267353839  0.03668163931424734  0.03724617563466000  0.03780355724351245
  0.03835129838438722  0.03887103955452843  0.03939728018588373  0.03989052370521911
  0.04035047088801879  0.04078492876284340  0.04122760822270791  0.04168822087075177
  0.04218229845964946  0.04264023879713112  0.04307273535565823  0.04347467653077761
  0.04381681607244103  0.04415460574398993  0.04449065468123372  0.04483726390807700
  0.04518776070504682  0.04554020683334412  0.04588986063947564  0.04622634255485770
  0.04657479466716193  0.04696233525040180  0.04743673977650119  0.07875889022033755
  0.07978500273046715  0.08062728426355613  0.08133685789352275  0.08205060633719637
  0.08277883453581840  0.08373382056608225  0.08492091057135771  0.08630040942651253
  0.08772397256233402  0.08919348710708694  0.09078047185299448  0.09255084754680704
  0.09439653007690413  0.09633934490075431  0.09865734596457719  0.10143307110443572
  0.10449931496489813  0.10768208503389178  0.11090486696072034  0.11442126241184473
  0.11870998781740325  0.12402458190907691  0.13011462575861987  0.13704535736845372
  0.14588192837734285  0.15780253845445374  0.17180591506729045  0.19028724086786497
  0.21651226109123980  0.26181860522703670  0.37198742064217266  1.00000000000000000
 -0.00026424162235817  0.01053727429311594  0.01829131310115056  0.02475591263715722
  0.03131301451955169  0.03778806762318235  0.04360387189950032  0.04919170693311116
  0.05421321852956044  0.05880275443428590  0.06367106302851179  0.06862988438224379
  0.07267446406899103  0.07638370595674308  0.08082051306387253  0.08571152686500849
  0.09020146492805209  0.09431807831659884  0.09846770081377555  0.10285003942887407
  0.10709819152307401  0.11106184685393698  0.11487237175498888  0.11872628110741001
  0.12293052227504433  0.12667235769343480  0.13032684752977944  0.13409125761100241
  0.13779761220699349  0.14201239238540544  0.14703510798162844  0.15191703121879688
  0.15632053744041832  0.16050853000245857  0.16509359940454058  0.17005318803538588
  0.17488891114942487  0.17976215162656348  0.18469038724360193  0.18939474033920922
  0.19425251734944388  0.19890862135545812  0.20360178176204369  0.20864627316750622
  0.21383041185527976  0.21885516324620208  0.22371556450491217  0.22872047523454458
  0.23426807399818331  0.24024206466398218  0.24661262465010292  0.25313930702803522
  0.25978637335013233  0.26633200418631980  0.27286573111823592  0.27951810332566140
  0.28628011421686222  0.29301542120825674  0.29988839057558503  0.30719199751633508
  0.31418052220645348  0.32131904956318269  0.32805279045136304  0.33440455731461965
  0.34044495743335018  0.34640274874826865  0.35264627959993455  0.35911162462779184
  0.36571863494104206  0.37286951166785864  0.38045971032378817  0.38786764422868231
  0.39596438748498652  0.40405408851186253  0.41299986928077614  0.42138822387189512
  0.43060999659519517  0.44015912189680706  0.44986989984050868  0.45938483259369528
  0.46929762383212198  0.48011544032472053  0.49352718602262574  0.50959399979237474
  0.52704557094715876  0.54540675774938296  0.56459730935474783  0.58437320980380736
  0.60474901904737599  0.62926513644566617  0.65636342511726775  0.68646168575670286
  0.72285387260139733  0.77305259909615520  0.85431518526323125  1.00000000000000000
 -0.00261719588834453  0.01176390675231213  0.02365050341062407  0.03547397003004763
  0.04702441639468113  0.05943018024943324  0.07268820613499122  0.08794518940476051
  0.10374474091286294  0.11805214573111018  0.13072855067968059  0.14308903116003677
  0.15539755380202749  0.16785095152512503  0.18102686714626265  0.19355638404487399
  0.20612158764756430  0.21739737701204478  0.22807677359058895  0.23874563235370186
  0.25025905305257529  0.26286093205036654  0.27606390631506350  0.28924890456221924
  0.30098637968536945  0.31028988700271665  0.31854677236485979  0.32710106971560571
  0.33627391164682707  0.34587275164890086  0.35607011023176355  0.36668684280730635
  0.37715730448484874  0.38701519944521123  0.39698476641161834  0.40625926335581808
  0.41692784762949792  0.42738273340949429  0.43669452226343086  0.44513417844422043
  0.45288075383818466  0.46195955789036525  0.47228300478797192  0.48172725395429372
  0.48994343221120501  0.49831156823644779  0.50595969727835299  0.51344762491395057
  0.52132051040346272  0.52882663538316110  0.53514316279499419  0.54121844227693083
  0.55001957998227102  0.56004248590891614  0.56976040943168360  0.57949098367563834
  0.59009057174617041  0.60174148561159324  0.61378711135147357  0.62535481152564032
  0.63763680511464083  0.64939477747150476  0.65945084386004948  0.66814437222923884
  0.67524024555750595  0.68307919452585031  0.69140154707902324  0.69976902177375366
  0.70907612593976910  0.71762122829883324  0.72579440040825283  0.73392154742837001
  0.74267641677724405  0.75208713965681651  0.76281857994241264  0.77414338023481233
  0.78552633758632728  0.79754405621683744  0.81066894972935610  0.82489800541626990
  0.83973797802141703  0.85343586327278609  0.86569355656006186  0.87767979556206388
  0.88696958151367733  0.89744216260243082  0.90734523492718722  0.91655500515831878
  0.92503920395414074  0.93395862258505224  0.94391441669136722  0.95596783090151261
  0.96790391049188906  0.97923859262731716  0.99009267045517924  1.00000000000000000
 -0.00231004020065013  0.00764318032902207  0.01706619565439113  0.02730781719924594
  0.03913566164162655  0.05178872369694838  0.06406282394683482  0.07521664039536932
  0.08584657378747891  0.09548327997663339  0.10475329760573558  0.11395457358650815
  0.12427564355670891  0.13608734745876300  0.14767415478074722  0.15809571344898440
  0.16809887514092528  0.17866840614187385  0.19095049968502600  0.20372968772763597
  0.21628502784090126  0.22887443910712443  0.24131842052335128  0.25419809498977342
  0.26775047747109521  0.28051186708045589  0.29147317728607591  0.29940480245448770
  0.30726318219708615  0.31494504331152884  0.32222597704865286  0.32937516297208336
  0.33689856774033966  0.34468701510584815  0.35289992931139613  0.36172782310740104
  0.37118058833777923  0.38120309591684171  0.39205339186487864  0.40329169021225791
  0.41345177404516414  0.42319144875526432  0.43383576415386438  0.44515603031821971
  0.45683437824801892  0.46826789373626082  0.47948273640560052  0.49030438742866733
  0.49982321086523956  0.50947225476886215  0.51923620489521838  0.52873878072737124
  0.53810321666938710  0.54782472332310028  0.55839476898155460  0.56976498547223797
  0.58065012667503790  0.59131520935944559  0.60258234249167397  0.61132751315895795
  0.62124520179276421  0.63099588008608454  0.64013309593825185  0.64900010243509887
  0.65801706408088256  0.66854570425454496  0.68071189386001030  0.69275621902648032
  0.70407297572187089  0.71439102357097906  0.72481186642081419  0.73547466629782943
  0.74684967326537288  0.75690683894726829  0.76668281560135709  0.77627759052311607
  0.78502012818910438  0.79343700082291024  0.80298185331063598  0.81368976029207318
  0.82486967636435493  0.83544280490322165  0.84659962438170167  0.85792046590226112
  0.86739779532764094  0.87637854936179649  0.88600450273639986  0.89649775860579006
  0.90935895603805361  0.92374690857074626  0.93742432853483137  0.94986545470829276
  0.96177890398566512  0.97446904626053321  0.98715880458562477  1.00000000000000000
 -0.00262821658412043  0.00755944143549013  0.01690432491210978  0.02558973101039255
  0.03422267478717902  0.04358070757719004  0.05324173438638478  0.06290311393047171
  0.07188933898930004  0.07916284787732306  0.08681083271737436  0.09500265155349517
  0.10416691159526861  0.11338317880074711  0.12194194541224555  0.13013642052110858
  0.13871096937583388  0.14765660082514415  0.15747276477205102  0.16761586427532926
  0.17998787518855208  0.19348729309319843  0.20732107286470441  0.22037608693885835
  0.23026821794014901  0.23826248566670771  0.24662792545638668  0.25630163519885485
  0.26614280548178559  0.27522639605009230  0.28318700978509193  0.29097687066309735
  0.30070941482193470  0.31236105663882480  0.32376964339389935  0.33514270769535626
  0.34662434538502457  0.35915984816417051  0.37124405225867213  0.38207558167691968
  0.39347610609386663  0.40554842952949544  0.41703260084323240  0.42872582015244365
  0.44006191732732181  0.45057091075796440  0.45915520545045840  0.46738323353441896
  0.47675962617358619  0.48692428863408366  0.50014590940323078  0.51101286765490850
  0.52175470701018678  0.53096121678597730  0.54124542237048456  0.55152039894464178
  0.56119000537949371  0.57171318281508909  0.58341712975945292  0.59551737141679684
  0.60795803861539222  0.61879344891597166  0.62931473888328593  0.64041989429089108
  0.65303273446357912  0.66666466732901919  0.67983164030904009  0.69220245538904068
  0.70392008841927467  0.71554642828794557  0.72760238521528697  0.74017422148743894
  0.75341128400946744  0.76644073018928349  0.77838062649153716  0.78919094460133732
  0.79933282586712096  0.81021213505638034  0.82426675987493236  0.83594105237045802
  0.84619163589461177  0.85662441425114555  0.86777511984266220  0.87906989621962750
  0.89019288413514674  0.90026831901120086  0.90977393069766166  0.91908667967973223
  0.92854848595173012  0.93799570650227337  0.94748372321233243  0.95771431477695557
  0.96873250864277760  0.97971881367638025  0.99000001969311580  1.00000000000000000
 -0.00207780076113867  0.00750708333054195  0.01743727760856733  0.02662914510977652
  0.03823809391901752  0.04874476740371652  0.06099898337542840  0.07192768077030900
  0.08362234326102345  0.09506818583083104  0.10620907000466095  0.11709181680241612
  0.12787775516227715  0.13933825779553130  0.15113738434590820  0.16216311152720769
  0.17238526463677112  0.18161371484717501  0.19002208534395090  0.19994592306754244
  0.20958529532647505  0.21979275059109812  0.23029749849767595  0.24048959446441834
  0.25028577285185055  0.25966373650419389  0.26898339939968996  0.27882083531359614
  0.28839353780751120  0.29929907258349375  0.31157178012546971  0.32467954183012993
  0.33828409500589635  0.35111894351951928  0.36350629358631720  0.37485377852187668
  0.38546997995391041  0.39566645864673339  0.40742973177798864  0.41947351247499842
  0.43048296849254380  0.44139104796796108  0.45261088576755382  0.46383536022381211
  0.47512947733364813  0.48535861957365878  0.49630863430130295  0.50718217295853540
  0.51834043829265741  0.52788016808617977  0.53667702319518162  0.54542561407265588
  0.55343134937826166  0.56110237363106552  0.56929141075075429  0.57736351043033829
  0.58448658719820401  0.59221282313611834  0.60005518466652996  0.60862163303662598
  0.61770571186289236  0.62627423169750351  0.63437736990794402  0.64282750493968066
  0.65325134651666128  0.66359966222105649  0.67402249712526263  0.68487481592945776
  0.69662156278747511  0.70906153887516732  0.72192695046992406  0.73384833917283099
  0.74299243068734833  0.75254760349601935  0.76264505489678414  0.77415737973557297
  0.78526444554887675  0.79592847091063657  0.80703224887366654  0.81775553039855287
  0.82848049090083442  0.83948932984996949  0.85036843409027918  0.86201732849177992
  0.87374191649455502  0.88679877779917737  0.89844654824008530  0.91076020850693207
  0.92155652318752612  0.93312511787623620  0.94410639784913508  0.95520032359477891
  0.96679740830895045  0.97906284868122972  0.98993699253077683  1.00000000000000000
 -0.00245730161788361  0.00520245499277983  0.01314330267160477  0.02145962215706556
  0.03029951030812997  0.04025058598123788  0.04908451796003972  0.05760842405424441
  0.06619266067436566  0.07446876985233566  0.08298184236672042  0.09210755243459376
  0.10140334736851347  0.11132708643753937  0.12177395711679327  0.13292914769121322
  0.14487329415131620  0.15654615645470388  0.16738980160116670  0.17811270535372414
  0.18973955672267578  0.20206456672164458  0.21387744757330332  0.22556530377149106
  0.23766142611576513  0.25005765159802484  0.26259589712880504  0.27553441572785575
  0.28983595046110144  0.30424986537146925  0.31755896669433914  0.33010757203509233
  0.34228676924593210  0.35496509786274999  0.36656294142290413  0.37648883095979158
  0.38615950839196400  0.39638569156916725  0.40803119990680548  0.41967703189458960
  0.43301840976536787  0.44564739757348265  0.45796854654170854  0.46883507866823138
  0.48083703432131542  0.49287406172433784  0.50654997397915746  0.52054688805136085
  0.53411932708873944  0.54782126446184165  0.56178182079090100  0.57619261350186690
  0.58910609481663656  0.60024203227779260  0.61173054548642791  0.62379111227159822
  0.63650198507716160  0.64986093210722118  0.66436770440219339  0.67814157371958417
  0.69123545527496877  0.70405178497740872  0.71596854317798186  0.72795065071766696
  0.73967285722427378  0.75150968507642135  0.76060298347256550  0.76872295433471904
  0.77634254773163314  0.78380322412820047  0.79044193805572061  0.79668001115839537
  0.80359800008165838  0.81166387329673750  0.81989961538328304  0.82814543165263832
  0.83617991177812057  0.84451294195369220  0.85300244385478396  0.86070591544049113
  0.86820525399332582  0.87614224707728727  0.88521117251515735  0.89412697047517919
  0.90294966469549776  0.91195466548041015  0.92164275765758286  0.93136760024904308
  0.94091385416478812  0.94976833298101837  0.95853156627804081  0.96721737779892547
  0.97585009826976188  0.98426692900853063  0.99227065869728914  1.00000000000000000
 -0.00243718949258852  0.00917678988201755  0.01979657992252443  0.02957286492823953
  0.03983799007016416  0.04818663227082429  0.05752670072675066  0.06753318367845781
  0.07889181928570838  0.08972678244828186  0.10100557776669868  0.11205896022851640
  0.12300231059445492  0.13359846396221642  0.14467738932696533  0.15700365371563588
  0.16892845199670078  0.17954080256013530  0.18963139556011399  0.20018562786802188
  0.21168111261523079  0.22280829807892363  0.23393986228435337  0.24391550345103782
  0.25377186536671781  0.26358081012685575  0.27332646667092003  0.28350258606078610
  0.29341105267037032  0.30369494796502738  0.31355350191001458  0.32320502561456033
  0.33252453915863489  0.34269346900135694  0.35277451871192600  0.36142025530961114
  0.36948312330640970  0.37763417903200597  0.38684525998612479  0.39814542031079914
  0.40901555142198670  0.42062158592871035  0.43328326970603703  0.44543913298662224
  0.45801051356855421  0.47221997672343119  0.48778352929481117  0.50096259246636099
  0.51173149728104406  0.52260014138564870  0.53372418200066540  0.54567737698125696
  0.55651738285017704  0.56739457727138554  0.57782531229789624  0.58856482447574121
  0.59987115878688158  0.61106197819126995  0.62200377700205456  0.63220360903776285
  0.64196966500251851  0.65146489942040886  0.66068663853935006  0.67155157147573641
  0.68353155091038975  0.69478748811026803  0.70515194170351891  0.71463967610837376
  0.72425518483237650  0.73416577508585068  0.74402618460158576  0.75370500278311370
  0.76355262193136919  0.77385995968966292  0.78425361507572811  0.79389438459604189
  0.80318442108517030  0.81325698362033394  0.82513775749399687  0.83678382916899241
  0.84725112339493236  0.85843244234585825  0.86892100947920370  0.87998390928308512
  0.89015587411083530  0.90198529144590422  0.91395916122919152  0.92457659017358995
  0.93499961648969565  0.94562232732042162  0.95610074762824759  0.96518069799391848
  0.97371306204190522  0.98233052898741013  0.99124794562704222  1.00000000000000000
  1.52447133308857777E-012  -1.0000000000000000     
 T T T T F F F F F F F F T T T T F F F F F F F F T T T T F F F F F F F F T T T T F F F F F F F F T T T T F F F F F F F F T T T T F F F F F F F F F F F F F F F F F F F F F F F F F F F F F F F F F F F F F F F F F F F F F F F F F F F F F F F F F F F F F F F F
  <DiscreteSampler_grid>
  grouped_processes
  1 # 1 for a reference and 2 for a running grid.
  10 # Attribute 'min_bin_probing_points' of the grid.
  1 # Attribute 'grid_mode' of the grid. 1=='default',2=='initialization'
  0.0000000000000000 # Attribute 'small_contrib_threshold' of the grid.
  0.5000000000000000 # Attribute 'damping_power' of the grid.
 # binID   n_entries weight   weight_sqr   abs_weight
    10   10   7.175092131406170E-006   2.532285109039999E-010   7.175092131406170E-006
    16   10   1.468237253679429E-005   8.338421899311953E-010   1.468237253679429E-005
  </DiscreteSampler_grid>
