  0.00001409651712351  0.00001502090947499  0.00001589392260766  0.00001674260447522
  0.00001776487414955  0.00001897745638888  0.00002016484272333  0.00002136703677235
  0.00002263587758232  0.00002392678411237  0.00002527740869473  0.00002675125503265
  0.00002818241968818  0.00002946849463139  0.00003088738150020  0.00003242037149856
  0.00003403649815712  0.00003580887191091  0.00003770174692934  0.00003964702598051
  0.00004177038846101  0.00004410405667534  0.00004640455728878  0.00004886680833569
  0.00005110956528798  0.00005335204174939  0.00005610355187423  0.00005876668547477
  0.00006129378096471  0.00006398818849008  0.00006687286959761  0.00007017152172389
  0.00007421553615436  0.00007966306048926  0.00008545577489005  0.00009162756019820
  0.00009852146546180  0.00010598328855037  0.00011318929333764  0.00012136637022147
  0.00013017716899735  0.00013818671510111  0.00014697969002876  0.00015649329905841
  0.00016715454084706  0.00018018424216595  0.00019500683075937  0.00021390746346927
  0.00022971574568265  0.00023941826078164  0.00024931066259901  0.00025929486624393
  0.00027093156104469  0.00028336159410234  0.00029473553233365  0.00030644985734001
  0.00031873680402693  0.00033106662549211  0.00035586292491655  0.00038796890430402
  0.00042474684514378  0.00046342707444849  0.00050400009987104  0.00054805809031620
  0.00059657838548706  0.00065307177058432  0.00072390958140891  0.00080606456174146
  0.00088897044546581  0.00097281316395162  0.00106689614813214  0.00118041706474614
  0.00133783080533566  0.00152895470299215  0.00173304367564483  0.00193107847687882
  0.00215614009837495  0.00247156983813556  0.00286601796911714  0.00330288521479929
  0.00378808913526682  0.00436536908558986  0.00512133023454093  0.00616051650806882
  0.00764131319077770  0.00973924802862226  0.01233741481856893  0.01555770964819918
  0.01924704993435326  0.02393651407483174  0.03129503447269993  0.04181287979629508
  0.05988178447166848  0.09339906469909644  0.15965997727350134  1.00000000000000000
  0.00001913884308414  0.00002168274515396  0.00002412473037152  0.00002636165039360
  0.00002918707448320  0.00003201722605449  0.00003520794582221  0.00003882829427831
  0.00004279630903926  0.00004708819128974  0.00005202219878249  0.00005799377586671
  0.00006514038939402  0.00007050128706547  0.00007582018578567  0.00008167996295215
  0.00008789630844629  0.00009454594283186  0.00010175660751455  0.00010930044594249
  0.00011717999026089  0.00012597719621528  0.00013630067085402  0.00014761554512166
  0.00015966884083098  0.00017269841433129  0.00018679836780123  0.00020062493821559
  0.00021504464239786  0.00023159155798500  0.00025035869836220  0.00027319795685351
  0.00029810090968038  0.00032189334282977  0.00034540668578439  0.00037115086138113
  0.00039999012423453  0.00043229736758338  0.00047006185082927  0.00050986105780261
  0.00055253442363486  0.00059860326077575  0.00064694943328263  0.00070463649709503
  0.00077394597233876  0.00085248474935663  0.00093789075748164  0.00102029779032829
  0.00111379140145941  0.00122033103768865  0.00134477557785602  0.00148908212780603
  0.00165754259097239  0.00184592177660969  0.00207010731242597  0.00232485607671619
  0.00260848441500595  0.00293229992502438  0.00332191029885346  0.00379395222667012
  0.00435858072665342  0.00506287722255784  0.00592406624688501  0.00693153541608333
  0.00816746254049057  0.00965206272104507  0.01151215739091881  0.01367049202802871
  0.01636245033353545  0.01983335278202982  0.02413027903042453  0.02955024028177777
  0.03727204333208892  0.04558788401341644  0.05331417973000435  0.06154224199853464
  0.07209778615198117  0.09011940911796482  0.11770587075075371  0.16861210764050250
  0.23662141504380457  0.28972544015707929  0.31839570448511967  0.35296459335888680
  0.38423182618035134  0.40884824734643049  0.43423543502226059  0.46388189879342323
  0.51156129348869306  0.56768616462981558  0.62892819400278743  0.69113333305482705
  0.76377413425586616  0.83613305665791049  0.90356401307897594  1.00000000000000000
 -0.00000306183731239  0.00007536886764657  0.00013731215533660  0.00021206972320615
  0.00029753876598279  0.00039874291387701  0.00049984004210692  0.00061415498925411
  0.00072067385269705  0.00086428346395153  0.00100780621898718  0.00114508089701190
  0.00130584000670330  0.00147292730931812  0.00164524211795410  0.00181820489606612
  0.00199641231523779  0.00216830937843516  0.00234106977266863  0.00253125444346083
  0.00273805223730704  0.00296834087994540  0.00322317389137095  0.00345567185128912
  0.00369835110806298  0.00393841387718065  0.00420574651251762  0.00453053089710270
  0.00485323809187715  0.00519111203429134  0.00553945939065610  0.00588092784673450
  0.00621286141397494  0.00655283290119636  0.00691159076813549  0.00731942618024061
  0.00779652936469434  0.00830303170372600  0.00885796349697299  0.00941761787014378
  0.00998422658737202  0.01063552060556108  0.01129204709953694  0.01200279515369135
  0.01274875957768285  0.01350660428973746  0.01423444430495836  0.01475784153337143
  0.01521472573490124  0.01570675127748132  0.01623955774507160  0.01680762675923249
  0.01742411563804698  0.01810028688005842  0.01878625017421208  0.01947287921909782
  0.02014395671895619  0.02082256132339893  0.02151735756041981  0.02225580983072901
  0.02303999031637836  0.02373843539232362  0.02471828844036365  0.02613811349393272
  0.02785811492320014  0.02977258756869675  0.03185581758632955  0.03385181197272902
  0.03638481239033072  0.03888314513087870  0.04131103518549407  0.04393866556866408
  0.04705094464550384  0.05082198512162125  0.05499470076123077  0.05935971639002401
  0.06402737832831482  0.06888318159188282  0.07456351013687833  0.08189161692106139
  0.09165172412607087  0.10257134991891889  0.11249641767231540  0.12356257191370487
  0.13523843245108125  0.14733277704619221  0.16049669372031491  0.18247143123874870
  0.21511716172437778  0.25684941904233027  0.31495205496931400  0.41018538639407953
  0.53250496307594541  0.69383189938307255  0.84551116176368424  1.00000000000000000
 -0.00225523422480237  0.00549598488407555  0.01357552648198739  0.02248405723732537
  0.03236679794870768  0.04118996307520906  0.04712565874484718  0.05187120202701732
  0.05663002020054153  0.06122574013428716  0.06651833346166998  0.07209763053705522
  0.07751919611108657  0.08250979925777539  0.08753240764454413  0.09265436965295441
  0.09800259814364989  0.10278691335163599  0.10848828066326578  0.11490610751529483
  0.12134426706011801  0.13034820452512619  0.14314911614438389  0.15631588332377522
  0.16986210207370667  0.18283635982108992  0.19551906949335077  0.20693950584581164
  0.21768683804640296  0.22803619060603494  0.23881780389841906  0.25074644816749914
  0.26368220112792423  0.27733416383331072  0.29106774762528492  0.30407538800845119
  0.31665424789412683  0.32910677928281767  0.34190752005248376  0.35511039283955637
  0.36821260590970956  0.37952193351741620  0.39013483503227886  0.40070220031636972
  0.41225355689059390  0.42384681584626410  0.43449907962046658  0.44550275273523171
  0.45717730688426828  0.47047171991290371  0.48363663995517159  0.49651223970398634
  0.50740254524250583  0.51782267353899691  0.52851603781836409  0.54015749051457729
  0.55145486252005138  0.56216701183204365  0.57249898590673332  0.58393414474537153
  0.59653211427361708  0.60840848309999951  0.61909735545366595  0.62903716881162008
  0.63920564575002636  0.65125035790903618  0.66319066678300087  0.67515484756378474
  0.68768225847033315  0.70051326137369485  0.71280922168248140  0.72479013113985613
  0.73749775762408498  0.75023019079046427  0.76370249498397880  0.77607647933395274
  0.78755452711291707  0.79961166912217418  0.81217174073765785  0.82482028037442767
  0.83735062780250558  0.84969384779084534  0.86392955087696632  0.87752165025794693
  0.88967036679157485  0.90115234707569780  0.91244547786018670  0.92346815723329856
  0.93397689049280286  0.94468589865964947  0.95510877754353918  0.96470301225612543
  0.97395697110830004  0.98261522904114018  0.99134301405887515  1.00000000000000000
 -0.00280348239870068  0.01035308605878314  0.02183493148107652  0.03400953001767721
  0.04669944019349843  0.06000379563779484  0.07278915567444760  0.08461190429761223
  0.09517982002900024  0.10592777351734249  0.11722313707829979  0.12793030604554903
  0.13941080877896925  0.15218327914370466  0.16487121035629371  0.17694032232255319
  0.18868136303943656  0.20101923349934370  0.21296489106680741  0.22568211694719784
  0.23883137906331348  0.25253725142986083  0.26517467350084234  0.27681941538811211
  0.28798200229418824  0.29997617140303667  0.31034058644216350  0.31685859126106714
  0.32232528289914353  0.32815807703346650  0.33429861386406473  0.34074852969969210
  0.34743815824117547  0.35348073665626956  0.35991839838273887  0.36718137449117233
  0.37366274383838188  0.38268665860196072  0.39307906711110019  0.40302729946689531
  0.41267519514005363  0.42289998265341500  0.43283527722201326  0.44329144580798407
  0.45459915469625090  0.46619077652122126  0.47915027160396290  0.49094375293046044
  0.50210775057256851  0.51020465577760554  0.51856444538629265  0.52712160178281353
  0.53578713562874836  0.54236739541631818  0.54856981109877323  0.55445881760162274
  0.56146322898234535  0.57243304042167542  0.58502629622561675  0.59717658417931330
  0.60909969510037942  0.62114380450606699  0.63196818728320592  0.64176798206451868
  0.65162591031741179  0.66212540774262996  0.67491034540740114  0.68932395724351525
  0.69842204612024017  0.70760757643733108  0.71651777013465490  0.72676433711851418
  0.73847429542456300  0.75063818627218781  0.76340931021192160  0.77519151140278431
  0.78620877525446708  0.79743349015046761  0.80953447721004856  0.82093050976863902
  0.83108784789141343  0.84060715947681131  0.84951170432025414  0.85840909947135380
  0.86792218273815613  0.87796667249763471  0.88877924964522592  0.90085629927267674
  0.91373662833699010  0.92654748125880138  0.93846406877169453  0.94939273286992765
  0.96078495320706570  0.97165878086963142  0.98591145641009492  1.00000000000000000
 -0.00325074986730318  0.01495016141608153  0.02949444104952303  0.04182341268510987
  0.05158607505727698  0.06139151802448983  0.07223906791967910  0.08242733926512427
  0.09180029074967011  0.09989315488071183  0.11119438436008480  0.12303263260026411
  0.13472617661096528  0.14685676603706405  0.15988760646471464  0.17323278401737088
  0.18479897830667874  0.19264910275062266  0.19881687754353594  0.20523433994439827
  0.21266297243492382  0.21929768973757052  0.22564316901268130  0.23184167162821165
  0.23836012611834967  0.24507358021693129  0.25099038143749669  0.26441962561736621
  0.27673576960181062  0.28570739321575445  0.29451462790285421  0.30305575406035740
  0.31249812797594229  0.32373550111659427  0.33551535042162217  0.34603546827348453
  0.35494508987069617  0.36276092667670179  0.37060199558855267  0.38074248664228083
  0.39177583478267153  0.40297192236170210  0.41484653422751178  0.42749212284532162
  0.43964602397299796  0.44881459829296177  0.45821456503031532  0.46760786645583097
  0.47882525899916084  0.48964368509497530  0.50058014671210072  0.51129040911907064
  0.52244582105637760  0.53522002610765473  0.54840197300957128  0.56084545447639778
  0.57294522099270695  0.58538279049633968  0.59676765510617835  0.60784641278393348
  0.61884131773507944  0.62923816381073472  0.63942156914279868  0.64930479467368796
  0.65980321159010602  0.67168839478681941  0.68416166100070408  0.69584782188578842
  0.70599148179267557  0.71522449730925519  0.72435763351328553  0.73399605461628192
  0.74458503044600588  0.75488117861551152  0.76516718405316597  0.77566783119349691
  0.78730352937653714  0.79959859765423957  0.81183529353512951  0.82373335363026878
  0.83528422211792319  0.84636282469143143  0.85756593845462525  0.86881854164859706
  0.87927204867928255  0.88920930444510871  0.89949675438799259  0.91117840795841032
  0.92463396601602010  0.93861210149226115  0.95153738970983237  0.96265745768473332
  0.97194481627022833  0.98103981209052515  0.98991051003495412  1.00000000000000000
 -0.00613760846545830  0.02847617977544466  0.05135882316102004  0.06990248723335410
  0.08621811237024635  0.10202980782739812  0.11664514170157725  0.13176106424806611
  0.14697098473908776  0.16165695314098080  0.17432361628809426  0.18653930649874892
  0.19927645572711083  0.21325351164125694  0.22890141893769772  0.24635040180399334
  0.26397488586754719  0.27941498219709926  0.29391046840500801  0.30770117969863586
  0.32088032095084340  0.33377214802253591  0.34721593505703424  0.36181091136316834
  0.37659174882284357  0.38993899367712004  0.40263173803420554  0.41630327256918181
  0.42956223702828794  0.44250290033647760  0.45450502137479248  0.46634720827677151
  0.47801741222557137  0.48993062308144253  0.50140408249728541  0.51253509672452824
  0.52241144440155707  0.53201599960032553  0.54109625730833621  0.55011873616145746
  0.55870327724726920  0.56505712220052695  0.57069637286599406  0.57664226003463270
  0.58222728866290441  0.58761975094084851  0.59320407245810203  0.59923208208132517
  0.60563840134105940  0.61087227574117031  0.61619429278993432  0.62135967470032172
  0.62750380698577091  0.63817185193109793  0.64840223732289226  0.65862401531988390
  0.66880315857526607  0.67938992533474263  0.68970101470835532  0.69909527594990895
  0.70872679831570018  0.71919373484855609  0.72936403822700768  0.73891188639169725
  0.74803961748287751  0.75682658157234006  0.76627316471100992  0.77493046786777320
  0.78489891398198552  0.79414414986155935  0.80501755416618137  0.81527460057187451
  0.82508814581978895  0.83471102211919668  0.84404046657504272  0.85286293445076666
  0.86109720998618178  0.86884906294642306  0.87644829717407025  0.88385811369141509
  0.89145874162047312  0.89899414296804459  0.90615652816571857  0.91301284159729024
  0.91837407156447159  0.92342836950464446  0.92806867163846962  0.93267580601294908
  0.93815510581727701  0.94316538225210989  0.94854254316496689  0.95489218348196514
  0.96247850558580295  0.97277099179703241  0.98582367493535750  1.00000000000000000
 -0.00334992393048687  0.01922792855465547  0.03720087642539473  0.05096671734418300
  0.06382947165259778  0.07641284026744082  0.08788049930468701  0.09907101846642255
  0.11288982865398627  0.12946976903997753  0.14478355395459541  0.15944099101814252
  0.17377485529877570  0.18859513371023046  0.20255035570625457  0.21505128563783935
  0.22696374721035656  0.23774325435175483  0.25018291825827416  0.26199794639263718
  0.27421547382255368  0.28484275245383095  0.29490622162889474  0.30510592754746174
  0.31485304285700266  0.32383216045030938  0.33276876034643937  0.34030565779911248
  0.34931897908422704  0.35839310134449254  0.36754045243831923  0.37612781454968014
  0.38336729496512528  0.38979879528896305  0.39644511908241242  0.40364775257073227
  0.41136988965062327  0.41914263631155607  0.42695196401049673  0.43566569830674640
  0.44480140488415310  0.45429425234168053  0.46320658607960358  0.47107072675398237
  0.47777662892543193  0.48386671505299911  0.49023331173027129  0.49708681686595013
  0.50449847711445561  0.51227658611031246  0.51968298825151549  0.52692265730576826
  0.53433205416588492  0.54184257041622685  0.54953502625677575  0.55710751368511258
  0.56482821322233434  0.57284902358428491  0.58136767225712238  0.59048347980770211
  0.59930711176556650  0.60765123273125221  0.61612498249090975  0.62502544791084369
  0.63449338294842716  0.64472015802027083  0.65448543029085882  0.66414929117971477
  0.67444949554963762  0.68551030265804402  0.69735240253735831  0.71055719747511015
  0.72401272718766585  0.73637094111365475  0.74850096697647250  0.76187320082746546
  0.77598253426579533  0.78935630778719157  0.80169014210223277  0.81196051759521748
  0.81910768913306931  0.82523287229065745  0.83157794553339726  0.83839297274971936
  0.84514141155715616  0.85250666542000697  0.86021407916222736  0.86753836712493682
  0.87521652384547277  0.88938310585946112  0.90854824469044027  0.92575247097018865
  0.94377679556890937  0.96162909462895452  0.98109348253049511  1.00000000000000000
  1.93254639107931701E-009  -1.0000000000000000     
 T T T T F F F F F F F F T T T T F F F F F F F F T T T T F F F F F F F F T T T T F F F F F F F F T T T T F F F F F F F F T T T T F F F F F F F F F F F F F F F F F F F F F F F F F F F F F F F F F F F F F F F F F F F F F F F F F F F F F F F F F F F F F F F F
  <DiscreteSampler_grid>
  grouped_processes
  1 # 1 for a reference and 2 for a running grid.
  10 # Attribute 'min_bin_probing_points' of the grid.
  1 # Attribute 'grid_mode' of the grid. 1=='default',2=='initialization'
  0.0000000000000000 # Attribute 'small_contrib_threshold' of the grid.
  0.5000000000000000 # Attribute 'damping_power' of the grid.
 # binID   n_entries weight   weight_sqr   abs_weight
    10   10   1.025078318157463E+002   5.379943813340833E+004   1.025078318157463E+002
  </DiscreteSampler_grid>
