 -0.00257556021044752  0.00895121716794338  0.01822710679475140  0.02680147809093677
  0.03586009316411261  0.04606635282888025  0.05701653820166074  0.06684186313317431
  0.07223512567380655  0.07792891718076639  0.08258317495324304  0.08869665629388895
  0.09436306580742930  0.10001944161447281  0.10628883006757386  0.11339671325723909
  0.12280588838608808  0.13388906356149388  0.14521870840749482  0.15711989307397053
  0.16838692967555655  0.17933737949839595  0.19064616696464590  0.20201920365816955
  0.21207441637473723  0.22056690074043714  0.22901779492244997  0.23829210529510048
  0.24790818980068821  0.25760829848738181  0.26701655066497021  0.27952887728494924
  0.29417956372861220  0.30639382471191862  0.31921144157948739  0.33200388851110368
  0.34553176583905010  0.35909227430007606  0.37352507419508063  0.38694313330195862
  0.39987055190594339  0.41118915539866746  0.42270574677819539  0.43489245052213776
  0.44699643943045281  0.45868099106613786  0.47130382697308948  0.48305958280546940
  0.49508103743337195  0.50754089853444639  0.51928448695197782  0.52987686253207178
  0.54012335790434407  0.55086902077324629  0.56226531769684862  0.57325230949335426
  0.58469279113978412  0.59601292955899066  0.60708898666512234  0.61721938879972782
  0.62682093732913191  0.63687279368568128  0.64800909138382545  0.66006207855158061
  0.67192492241227830  0.68407990380954553  0.69715993179572655  0.71049091607227588
  0.72375021495544700  0.73765283883820343  0.75139159993633875  0.76456904390254732
  0.77608366621209257  0.78605630983733321  0.79582770884865928  0.80575719932422252
  0.81640159806988499  0.82723609138587784  0.83851652038567481  0.85057456729274972
  0.86091749968684961  0.86995449072143893  0.87865537725473541  0.88747645774722816
  0.89780732514724504  0.90837701164832740  0.91874415514928531  0.93056616456414520
  0.94212215262411725  0.95322360555131869  0.96204684766268000  0.96990476869854803
  0.97709102211071752  0.98416325505017077  0.99186710796353905  1.00000000000000000
  0.00000924726211871  0.00001236533026539  0.00001501733740319  0.00001696251958939
  0.00001909822712323  0.00002132702087002  0.00002340134842010  0.00002549487212173
  0.00002769488522028  0.00002979647545912  0.00003192746780423  0.00003411308158170
  0.00003785256323773  0.00004085755528958  0.00004419334243515  0.00004733737307446
  0.00005065057464570  0.00005443121729344  0.00005867726780598  0.00006331672963981
  0.00006779446859852  0.00007172921881502  0.00007598666495300  0.00008038550506961
  0.00008500450704315  0.00009011625885555  0.00009544651345516  0.00010152861129767
  0.00010932045861816  0.00011835226526051  0.00012821675734309  0.00013846726626585
  0.00014831970808187  0.00015913075725390  0.00017033071554563  0.00018227311567124
  0.00019525538816393  0.00020849634421980  0.00022098482089868  0.00023366186405219
  0.00024748548490608  0.00026375651557400  0.00028454699998631  0.00030799503908384
  0.00033357779627496  0.00036034008534517  0.00038886824749324  0.00042204218540176
  0.00045892643732649  0.00049652094752210  0.00053685351521532  0.00058180313792246
  0.00063266542944042  0.00069044614543308  0.00075340197316951  0.00082479270996687
  0.00090400944952269  0.00099032810814922  0.00108159986542823  0.00117831954157145
  0.00128175987273466  0.00139721586373039  0.00154295387373067  0.00172055938893779
  0.00189336649270469  0.00209081349371105  0.00232510051173799  0.00259380067342130
  0.00287901117654657  0.00313559382953021  0.00337094161533857  0.00363502285419950
  0.00390718429088391  0.00419600069328267  0.00458304746331126  0.00510753945407895
  0.00575920614645122  0.00649092751729991  0.00736685907011931  0.00842911019596415
  0.00967790324709144  0.01122716528784372  0.01281578683780724  0.01483770255732721
  0.01724594210271394  0.02030720755687030  0.02383738452702669  0.02821311821693624
  0.03433672827234861  0.04327787469087377  0.05551982278511007  0.07363914304504557
  0.10223535545720415  0.15717757430796495  0.28648197120494712  1.00000000000000000
  0.00000836556051598  0.00001274205959988  0.00001762348908163  0.00002261519393593
  0.00002838631215190  0.00003578179035955  0.00004503198169283  0.00005434311100467
  0.00006427854408639  0.00007536209290841  0.00008944626496089  0.00010529828353085
  0.00012100247633524  0.00013756698805599  0.00015571396015741  0.00017581796501138
  0.00020091164756593  0.00023183328558514  0.00026547395244618  0.00029974890177207
  0.00034167704678139  0.00039221087482629  0.00045125384130314  0.00051318695818104
  0.00057967208397862  0.00065508017329083  0.00074373287406268  0.00084548211116340
  0.00096488564541302  0.00111395086735785  0.00129025605413741  0.00148872842289196
  0.00171182580461531  0.00197133603253709  0.00228914581498096  0.00262418867697501
  0.00301601116447758  0.00346881300836385  0.00396902834347692  0.00449926617007149
  0.00509109083410288  0.00576086624998472  0.00655983561914346  0.00757901555374672
  0.00874236402206694  0.01007309362133921  0.01161482796490788  0.01339740466555378
  0.01543239882859385  0.01753916434529068  0.01994369569542167  0.02262711517247730
  0.02570681463234128  0.02987573210504666  0.03441467015931320  0.03959905513661853
  0.04530594353745410  0.05120155528870637  0.05843680385633477  0.06694208903560299
  0.07662543586942411  0.08708338110387262  0.09854506342330141  0.11201533757478106
  0.12610573863623126  0.14121999797072166  0.15761140081388778  0.17502809878239045
  0.19385425148862873  0.21209664372358200  0.23109656086771851  0.25186177566302159
  0.27119294711242692  0.28580144801660445  0.30443094225771783  0.32705441804103041
  0.34775913117658092  0.36474774962014000  0.38363762318209005  0.40493746129807789
  0.42309848119056570  0.44033514599560125  0.45864796187429541  0.47856390714239455
  0.50252803915869759  0.53521065420240810  0.57563952558991283  0.61834025690340821
  0.65911454634575550  0.69911442652268763  0.73757443301684389  0.76738950964992425
  0.79812453647842974  0.83062401904017547  0.92544267379192369  1.00000000000000000
 -0.00163589973048657  0.00679004143227483  0.01383527101125349  0.02138350175258408
  0.02938482779358292  0.03709095921101298  0.04469673933208194  0.05278226412389442
  0.05981310506893707  0.06549569153873422  0.07076531211060497  0.07596583901610234
  0.08443458509160040  0.09296083229640144  0.10062789573263543  0.10621534019712069
  0.11155313462556024  0.11728126361521417  0.12521370070358331  0.13573998683331673
  0.14676145465452628  0.15744476296218315  0.16785978205415863  0.17628718445073155
  0.18188751431439124  0.18704252632344187  0.19267426662850062  0.19924864333995931
  0.20608934404789217  0.21575276988229788  0.22762292732175216  0.24024982520293889
  0.25286979644197261  0.26466848701661622  0.27585141748195752  0.28750502643795095
  0.30040088858162151  0.31459778180804598  0.32774608535164351  0.34054712345322852
  0.35315434486996028  0.36614723590191361  0.37844983689418976  0.38990995753676266
  0.40132981726850164  0.41375034250649195  0.42657874103090393  0.43939885146507074
  0.45258250292422941  0.46734575294721376  0.48230440640486144  0.49759011920586138
  0.51255970276921647  0.52801434939981284  0.54145700896157622  0.55460025160562776
  0.56706502089817978  0.58044253454132211  0.59365361492193991  0.60779543153201410
  0.62285116436072230  0.63706390865412765  0.65056017161010060  0.66385237046801082
  0.67698550978894356  0.69045650156651339  0.70337974546972704  0.71555441645707929
  0.72680209681193741  0.73812900726961150  0.75081998002997796  0.76334532434530777
  0.77521547749901765  0.78717240924825194  0.79973219319260647  0.81281537795728098
  0.82419322636578662  0.83499391728896377  0.84502868852602053  0.85581585842712715
  0.86909559655317092  0.87625714184547443  0.88335219387097086  0.88999350650551923
  0.89662642211425780  0.90340909172245154  0.91220483485673254  0.92319010786973632
  0.93376629234930120  0.94479202422179798  0.95570596792584472  0.96647403728379244
  0.97637061002399694  0.98521958930752351  0.99284554090804888  1.00000000000000000
 -0.00252787155007252  0.01076727907361102  0.02150194714916919  0.03274832632535605
  0.04427618536058166  0.05663968698501221  0.06868372756982447  0.07972805800094182
  0.08991233627544820  0.10013203465109528  0.10999300952988511  0.11992802656795253
  0.12995155773606462  0.14051548082840554  0.15217843969098871  0.16535470905703822
  0.17771967863917118  0.19067473208996638  0.20287255335246626  0.21354259527292543
  0.22255966692888660  0.23100311310650162  0.23928997471639799  0.24732492157536018
  0.25574964595458549  0.26506351877066298  0.27499198369612643  0.28464741910233538
  0.29314745102544515  0.30393524366663249  0.31541538370273642  0.32751586059932031
  0.33940874832507212  0.34978342100498599  0.35875019634086158  0.36795431573667531
  0.37656620510899080  0.38523334077231064  0.39686215832902461  0.40966093911245144
  0.42167512886493946  0.43264756013320904  0.44356760603884993  0.45553688625759226
  0.46809957523136209  0.48128567180628129  0.49351765863535801  0.50252513354080619
  0.50913802103012185  0.51636444686167737  0.52364815338173698  0.53036914798505341
  0.53981310734605270  0.55224668529275112  0.56453195286697466  0.57660644765892444
  0.58861588587717950  0.59985884279255475  0.61000766044488097  0.61991984680134848
  0.63032300621339821  0.64162675484363230  0.65324664734843529  0.66489295124160208
  0.67655189401058313  0.68803857937344004  0.69939669534305160  0.70927407941820997
  0.71956122613011109  0.72951139909050822  0.74069911005160272  0.75300165315573453
  0.76144965571925460  0.76830132073137891  0.77552999927429855  0.78283084554348881
  0.79089216031953802  0.80174771679534484  0.81304233504633328  0.82443026533054831
  0.83557399200781068  0.84594981034472227  0.85558414881517186  0.86472136767535435
  0.87429154366313433  0.88377215926013664  0.89398747114110610  0.90364953712616514
  0.91432425916280602  0.92554968016087491  0.93799260063517154  0.95074212871022112
  0.96227531943200328  0.97446774607898257  0.98682925220223205  1.00000000000000000
 -0.00229535664096703  0.01015900999868572  0.02087630297145752  0.03128279004286138
  0.04151892162209017  0.04855768896854766  0.05459784439108613  0.06136066421928081
  0.06866852655653077  0.07698111830849484  0.08761175063636474  0.09904783582027743
  0.11005897974847000  0.12131519170693483  0.13326765927851528  0.14484590878739537
  0.15585548500864799  0.16648023407172355  0.17727973420962265  0.18830238892736056
  0.19933356680070252  0.21125667436429782  0.22357672561672004  0.23556646060155409
  0.24770053007863890  0.26090252374159623  0.27490717431761791  0.28840076892992489
  0.30002868250284309  0.31091084404423891  0.32069074099184469  0.33057954683967422
  0.33955850806356447  0.34935666163308526  0.36031273346094012  0.37225424222382231
  0.38248042040448194  0.39216339827149527  0.40158394405290260  0.41080957600117562
  0.42049382040572558  0.43131871802400873  0.44323781234647419  0.45585225030867865
  0.46622303423288153  0.47574252508048148  0.48461539990956803  0.49313836663390104
  0.50140838966493795  0.50896451069061632  0.51596563821327279  0.52430089069015096
  0.53553835304699182  0.54645600940150973  0.55784714149224968  0.56963473161623790
  0.58145618320084791  0.59383108510558513  0.60538332725295130  0.61664274731101598
  0.62723376284877264  0.63844810457302026  0.65044598111093310  0.66304360311482302
  0.67562698737580607  0.68821397833673492  0.70101105025100297  0.71379929192339753
  0.72646712379439848  0.73879943240150059  0.75052282416058413  0.76237421828745300
  0.77400348454642331  0.78543394854941673  0.79651263850196374  0.80653633224873311
  0.81624682493305900  0.82601168537874603  0.83646825152599280  0.84810724563372908
  0.86050114077520112  0.87229388287292631  0.88333736739606428  0.89462843706180495
  0.90653421135747947  0.91949326681985533  0.93131298606948376  0.94152680520780418
  0.94922219440070799  0.95452893014356655  0.96053708373207314  0.96715793312487663
  0.97354825441005988  0.98095960963662998  0.99069426917110504  1.00000000000000000
  0.05921616974480156  0.06230070837686214  0.06649849766682003  0.07078265603319522
  0.07457966219082117  0.07839915881406828  0.08208107547951667  0.08564681516189600
  0.08913506472772184  0.09256620865042152  0.09599748672547284  0.09940904164736951
  0.10284725832581036  0.10641461858673151  0.10994163406631589  0.11368878387208647
  0.11755790528317588  0.12140635886259182  0.12528252238341128  0.12917791923599189
  0.13311100483243637  0.13711216337516252  0.14120003160251901  0.14527721110030509
  0.14917439709465560  0.15319938399173810  0.15722164777427963  0.16128838281525870
  0.16558379587378849  0.17016741070501751  0.17522269278375913  0.18047852046099969
  0.18564961700075319  0.19154717413917288  0.19769401491831060  0.20382730499081031
  0.21008723727646114  0.21663908358274420  0.22304580207866895  0.22869704835364094
  0.23491855762568919  0.24140011857355359  0.24863505294643273  0.25700887769570468
  0.26491148352710292  0.27203808292311921  0.27973024615381337  0.28781269652663527
  0.29709898372746107  0.30531753710102272  0.31250360885748069  0.31888757034221665
  0.32603285001896515  0.33388885552061431  0.34155321283470985  0.34945613199572251
  0.35783086570647921  0.36649515994896559  0.37507479852950754  0.38598966137895158
  0.39756869655487126  0.41048383722786602  0.42501728426967117  0.44038225710539586
  0.44718820758411604  0.45446842555590167  0.46255304761163324  0.46943713705418572
  0.47567850770127701  0.48382447521310290  0.49212669042599366  0.50092804767470978
  0.51305123357861004  0.52656904201983934  0.53775952605350796  0.54897385744704774
  0.56277466043502655  0.57816524147467363  0.59732285052067768  0.62056856048148024
  0.64200104345277276  0.66086063397253547  0.67822502206425406  0.69710385219612325
  0.71933949500516170  0.73896408293875893  0.75961995251093262  0.78278729091201138
  0.80799579053187853  0.83297467688179172  0.85735369322027211  0.88337936424878094
  0.91295202390514918  0.94304808156367004  0.97093127900854059  1.00000000000000000
 -0.00260604080327804  0.01069196087964353  0.02133512142612567  0.03279426667958975
  0.04378504237351141  0.05369340258989618  0.06164494111779924  0.06923104170469237
  0.07647531521860318  0.08331721776287958  0.09260869959614022  0.10486683740882827
  0.11733655197639459  0.12895128555919425  0.14053528582442640  0.15151742126889384
  0.16163152461225294  0.17190488668465798  0.18239152333287650  0.19271644616767392
  0.20270945836506860  0.21164213683719130  0.21998541779980593  0.22793109766204034
  0.23632518083326393  0.24462072176125960  0.25281057555773495  0.26086013063170288
  0.26902914938163092  0.27787340353266549  0.28735327072779970  0.29705528555796556
  0.30725792791736922  0.31754610585707155  0.32805269106891016  0.33875490210807707
  0.34818849774198113  0.35864960067291457  0.36981880986243415  0.38323374071860139
  0.39882018864943808  0.41630395374656270  0.43358930129222834  0.44907350335816043
  0.46360188081254516  0.47703512434185086  0.49405125439689102  0.51237945940805907
  0.53045385149376634  0.54768631935804246  0.56447760012338932  0.57974594850987138
  0.59245597444973686  0.60494889905697258  0.61739031740281414  0.62927969441810594
  0.64041749729025865  0.65167221329614922  0.66343770334710084  0.67462663973633830
  0.68495326329299999  0.69336996471812673  0.69967366139347320  0.70592912893240201
  0.71228039009695399  0.71858939107374975  0.72447796913655749  0.73224106473584372
  0.74105349443310975  0.75023586840856238  0.75808566324083493  0.76519265076805054
  0.77206560347340569  0.77902117014063110  0.78543784293047381  0.79184576080809310
  0.79897878908117037  0.80681402252698209  0.81485887011640079  0.82346803959984982
  0.83224631257993886  0.84156952820631670  0.85152458908220785  0.86250668440753764
  0.87384310812119992  0.88579860007804745  0.89816694601539571  0.91005913960608720
  0.92203318068813456  0.93506534125569252  0.94812543428074303  0.95987028505136573
  0.97074688009581200  0.98090958155399965  0.99066872450356136  1.00000000000000000
  1.28625014511909444E-007  -1.0000000000000000     
 T T T T F F F F F F F F T T T T F F F F F F F F T T T T F F F F F F F F T T T T F F F F F F F F T T T T F F F F F F F F T T T T F F F F F F F F F F F F F F F F F F F F F F F F F F F F F F F F F F F F F F F F F F F F F F F F F F F F F F F F F F F F F F F F
  <DiscreteSampler_grid>
  grouped_processes
  1 # 1 for a reference and 2 for a running grid.
  10 # Attribute 'min_bin_probing_points' of the grid.
  1 # Attribute 'grid_mode' of the grid. 1=='default',2=='initialization'
  0.0000000000000000 # Attribute 'small_contrib_threshold' of the grid.
  0.5000000000000000 # Attribute 'damping_power' of the grid.
 # binID   n_entries weight   weight_sqr   abs_weight
    10   10   1.414194699446927E+005   1.897213186210090E+011   1.414194699446927E+005
  </DiscreteSampler_grid>
