 -0.00109477108005092  0.00265005194377167  0.00678778111980604  0.01122190206412473
  0.01578011200107667  0.02115128840450532  0.02709404452458085  0.03384871911783051
  0.04074149361088223  0.04772427087268329  0.05496712132128544  0.06275593558834283
  0.07148019756397647  0.08089653534749221  0.09089134738438322  0.10141561607466755
  0.11246520941818400  0.12396645923543720  0.13599614734736098  0.14838622414083519
  0.16105161503256490  0.17402019027207463  0.18665362638298544  0.19816766997329061
  0.20864911515924148  0.21964306983006832  0.23184396964282541  0.24471845275100457
  0.25769977448903425  0.27075292912074811  0.28389390959451316  0.29704901843149212
  0.31048073723178476  0.32378090635685297  0.33599613695737685  0.34786615279599126
  0.35946347900415571  0.37212336844384775  0.38522378953905168  0.39821696876137064
  0.41085744136651475  0.42368404379582519  0.43656208271953212  0.44950404243235165
  0.46292548156475255  0.47654903767375340  0.48965944230175351  0.50260988792887473
  0.51565948999220557  0.52934690400543738  0.54317275045132440  0.55704383602043961
  0.57067010839678622  0.58402011807315779  0.59707115518233977  0.61018967459369766
  0.62321819792992728  0.63647525463045640  0.65019231546723510  0.66429295511395337
  0.67821678880545122  0.69208621557850158  0.70565646532905002  0.71869527864223959
  0.73135481068911568  0.74371102520964261  0.75618304066767172  0.76853015619965848
  0.78041644212732120  0.79232544085508583  0.80452935030458672  0.81682420921829402
  0.82871096093306862  0.84011874134697950  0.85092827351825329  0.86037479570574626
  0.86932487206756515  0.87824989545375598  0.88839719732887068  0.89840080055619587
  0.90857327819362987  0.91814605001640470  0.92527495075331390  0.93083589646665599
  0.93666110257113888  0.94237489453518719  0.94767400808701319  0.95388537204643686
  0.96106803501824623  0.96796643139799521  0.97410285131506491  0.97980319126992510
  0.98506044837533102  0.99022799041180010  0.99520806895470804  1.00000000000000000
  0.00000312016802083  0.00000585815097298  0.00000948007610640  0.00001505658224807
  0.00001981149021322  0.00002324076670133  0.00002637811359841  0.00002954180820415
  0.00003316976846772  0.00003691307663290  0.00004049501355789  0.00004371941261861
  0.00004661308233242  0.00004890415065528  0.00005061517162543  0.00005230896722253
  0.00005402483600115  0.00005581086761425  0.00005757470312030  0.00005946811367332
  0.00006191186324228  0.00006523196031628  0.00006898191696410  0.00007279265227576
  0.00007680854468913  0.00008103486371479  0.00008565835428377  0.00009064482682929
  0.00009578429809279  0.00010100805697418  0.00010650951679839  0.00011211738995199
  0.00011829118568402  0.00012540880422147  0.00013342537845064  0.00014202816455524
  0.00015058274746776  0.00015906428986696  0.00016774740344316  0.00017707509186425
  0.00018728421529507  0.00019791344996748  0.00020896579865912  0.00022081600604614
  0.00023389516205879  0.00024825469629373  0.00026574179072449  0.00028423109652587
  0.00030436223386534  0.00032635080585240  0.00035028261288030  0.00037583673725240
  0.00040267220094317  0.00042895657933735  0.00045417467674048  0.00048029664757356
  0.00050887369848891  0.00054267220917568  0.00058197963539475  0.00062576497022126
  0.00067431248539484  0.00072840755919907  0.00078747737980050  0.00085283377069414
  0.00092242581973113  0.00099920104103263  0.00108750107818400  0.00118057393118184
  0.00128242172586264  0.00139196805678067  0.00151688523218961  0.00166208914112716
  0.00182522067897738  0.00199915166127040  0.00219848503369209  0.00241664831231135
  0.00267471299136302  0.00298174184165856  0.00334937953374193  0.00380308562947366
  0.00433844764701643  0.00497552986781388  0.00576107643901320  0.00672464173082023
  0.00795776604254112  0.00951494895568458  0.01144524925785798  0.01399218674820173
  0.01759684040270036  0.02280136775876330  0.03055426522254770  0.04278455960459043
  0.06230200156693314  0.10038334431742826  0.22156417154036326  1.00000000000000000
  0.00000035335368277  0.00000210190097050  0.00000466496318488  0.00000856597563956
  0.00001371959186297  0.00002035612071187  0.00002893845154046  0.00004003416630040
  0.00005312804234530  0.00006798255133668  0.00008626811174855  0.00010836715297251
  0.00013491986633056  0.00016678997037156  0.00020639459566005  0.00025601304835862
  0.00031616767295073  0.00038925688528129  0.00048031024297846  0.00059283145040564
  0.00072693497350084  0.00088436968889187  0.00106830969932903  0.00128526058497740
  0.00154299135950319  0.00185553779355898  0.00222508835733542  0.00267388141742685
  0.00321580201334031  0.00387449075292672  0.00465526906798394  0.00560025171012096
  0.00671525594474930  0.00804714352426865  0.00963256117273415  0.01151443774093023
  0.01377236332928465  0.01642917565022164  0.01941676875477480  0.02284199231658566
  0.02695628403978099  0.03180815650696622  0.03740278156602495  0.04370468767878912
  0.05121557469327337  0.06020294076570332  0.06983994948704439  0.07993367848932652
  0.09066723698521779  0.10390319275956096  0.11789203714229926  0.13168381644326441
  0.14745118908489255  0.16414879062552146  0.18305018375793222  0.20547384563940313
  0.23113255105910419  0.25753071819588796  0.27478285984798612  0.29312386365116622
  0.31169988102601692  0.32992520706094930  0.34965982679714480  0.37109826678117325
  0.39230112418548296  0.42150016213489522  0.45416261914534090  0.48822379824145545
  0.52278992663038326  0.55489806860128521  0.58779005090792003  0.61689696431292262
  0.64426577972173682  0.67264340750021434  0.69693305649604276  0.72194423989183976
  0.74786184516203169  0.77105693193423652  0.79051845834097534  0.80621099058861112
  0.81942421308000235  0.83226530413263300  0.84490545525584515  0.85912942545787674
  0.87370903774833708  0.88651970239602418  0.89772166696125799  0.90792355893088461
  0.91728328189535313  0.92580613835820036  0.93497181094599968  0.94446300929256366
  0.95421678029678569  0.96675855737715055  0.98202802932309019  1.00000000000000000
 -0.00172152349355139  0.00417479927358469  0.01048403413383375  0.01717612898496797
  0.02411116153303993  0.03086682808046980  0.03807881707644992  0.04528223317365935
  0.05284624124029792  0.06035035774815350  0.06737753427730372  0.07438552729036367
  0.08199069909705034  0.09033786606571251  0.09950849988596576  0.10841564219625709
  0.11740956018005180  0.12651091213516663  0.13605005598087910  0.14589292632522641
  0.15645133098245201  0.16726912073919672  0.17851319125790227  0.18988909770340828
  0.20108994877906028  0.21218007552817530  0.22326694435170125  0.23460359862520871
  0.24622858130141073  0.25773314667580199  0.26905323866179159  0.28037076104819358
  0.29234888577594342  0.30491635002453121  0.31818480472363919  0.33062308391479950
  0.34150976822025558  0.35203214872031896  0.36303353013787137  0.37609528223561861
  0.38936068143345365  0.40293255918320403  0.41591021622218199  0.42921105602451037
  0.44285771905398696  0.45791118551433024  0.47249673166029998  0.48681778899046868
  0.49995786061562708  0.51265646262319731  0.52538690964046053  0.53839064118215241
  0.55151968424289133  0.56461122288781818  0.57787065318834596  0.59134056537331137
  0.60494762924684886  0.61855176662725675  0.63225679304655569  0.64591195869788809
  0.65962229534613792  0.67234047460534241  0.68413257350368817  0.69585637569230296
  0.70768618252921001  0.71947385322883539  0.73171780404437725  0.74489505991795235
  0.75757115542796361  0.76526186003871766  0.77358489165656052  0.78173899926227697
  0.78966987528635113  0.79935381599203359  0.81074721919122361  0.82123086465978368
  0.83113421753686123  0.84140742547255853  0.85231217964324779  0.86317290664287805
  0.87417951731917298  0.88530316107541318  0.89612863215762850  0.90626896235146859
  0.91571149884596137  0.92459599616433663  0.93330151446507970  0.94187145737217692
  0.94986229801385202  0.95777392382402227  0.96537862553923937  0.97323253109856811
  0.98078033538262144  0.98768491917352008  0.99407255205867928  1.00000000000000000
 -0.00275244806889673  0.01041211753931307  0.02188792144287078  0.03394793990362269
  0.04577042550247779  0.05726316769062020  0.06837713263632544  0.07920395061157179
  0.09009348693204243  0.10113976237658188  0.11258100496601867  0.12315594906413130
  0.13355061585589648  0.14323137443082645  0.15274243528344719  0.16253919348227777
  0.17226722235013706  0.18302704317211299  0.19523856078096291  0.20256983393651048
  0.20926109751827632  0.21573350069762856  0.22208928053398000  0.23014508642518303
  0.24022530239777615  0.24988595476143846  0.26006835705848463  0.26999712539815607
  0.28051727822531286  0.29117485233660639  0.30198774300038167  0.31193268764163878
  0.32093706415768597  0.32989460537478976  0.33955066528712702  0.34999811679094084
  0.36070061140907628  0.37226256748811742  0.38313532436233277  0.39339795477819417
  0.40272492254642162  0.41202933575925971  0.42231059397984688  0.43338115919461057
  0.44516428530857288  0.45661290472986871  0.46812938153145334  0.47939275610299364
  0.49053160529660506  0.50110796933089674  0.51200545585060531  0.52294307842308774
  0.53430909420467820  0.54503988433638673  0.55549968810953565  0.56582425134586611
  0.57571212014919870  0.58571249700929739  0.59565483928514018  0.60584516240531849
  0.61637334935879118  0.62723785009303046  0.63842037089802339  0.64916486193943157
  0.65937697486715507  0.66958093048447398  0.68018137724076633  0.69116176138146446
  0.70258218177227616  0.71472777410934663  0.72670556172037837  0.73802181826212376
  0.74894892984580752  0.76024769652179369  0.77147320672207953  0.78245457588567269
  0.79367678149914056  0.80464745601251919  0.81536589906254131  0.82603109430268207
  0.83756051890935623  0.84909524431856753  0.86003604310150783  0.87024422277951785
  0.88038545185087669  0.89037935234073551  0.90108775156791698  0.91180025293799993
  0.92298218189838932  0.93492015204060919  0.94668088888790503  0.95857856966196997
  0.97012546429748092  0.98140071368796711  0.99072236634572630  1.00000000000000000
 -0.00276896683059516  0.01016998904003304  0.02179670540179923  0.03375368653222985
  0.04554926447279830  0.05648679295438934  0.06718072823510424  0.07828579961447905
  0.08995505115202326  0.10202547920983010  0.11338198734463070  0.12443436409355497
  0.13506590774347327  0.14578348124916338  0.15686817982195586  0.16793467489740935
  0.17901784615712643  0.18893862865010957  0.19755169879564521  0.20619621874902902
  0.21480137069926591  0.22363244698476847  0.23257706411787996  0.24177205855455502
  0.25213200971170319  0.26319484863701553  0.27435717499003381  0.28429023978030271
  0.29384009389104954  0.30402868299419594  0.31480202060908968  0.32621094759488728
  0.33721048883846455  0.34806237734157841  0.35908180405057710  0.36964120180007221
  0.38003425710735100  0.39081524905240084  0.40248592023160057  0.41476444605388929
  0.42672230841450043  0.43814397093557295  0.44934682128936959  0.46075151680532755
  0.47233546996159226  0.48353340068017908  0.49436060962606260  0.50506508499469849
  0.51588891151425675  0.52697172393810909  0.53814727824467545  0.54905889002082586
  0.56007042742276414  0.57185225863610667  0.58367260237433871  0.59460108185955329
  0.60489979315344877  0.61530681285794731  0.62583368434337538  0.63576268262403124
  0.64594306786410460  0.65653897736678724  0.66786868911553421  0.67938774960951076
  0.69015988352550095  0.70030203636902066  0.70984009756786515  0.71785286773683599
  0.72525169437096171  0.73263669902049644  0.73934396239809119  0.74594279597335833
  0.75403928261880870  0.76390641798333836  0.77391614563251965  0.78418961384774055
  0.79448066444613974  0.80552592736936046  0.81630421118006646  0.82674812457234026
  0.83707048259921391  0.84718789912192427  0.85710174646380244  0.86706260552450609
  0.87766816460202313  0.88820889061510633  0.89832507323380184  0.90837911651999492
  0.91894982549225523  0.93062100611008436  0.94232793115233182  0.95379365114541803
  0.96513601539451144  0.97655515134408843  0.98824120246713409  1.00000000000000000
  0.00412714350872223  0.00475398264091732  0.00569599785739759  0.00711417619647726
  0.00859753387419409  0.00983475610613377  0.01082257913363639  0.01171319498361762
  0.01257283248397479  0.01341673815924064  0.01425992007387375  0.01511953319904106
  0.01599261099220326  0.01687971749188876  0.01778591434188386  0.01872298000119451
  0.01972851218657402  0.02076690757600385  0.02184875418643400  0.02301315223316182
  0.02426427784420811  0.02555332279737075  0.02688573810370203  0.02826681995935907
  0.02966589245895629  0.03109196686288870  0.03255971896000334  0.03409546429398334
  0.03575189375379503  0.03750507754594205  0.03932365836611246  0.04120822594402721
  0.04331665801725625  0.04552637284043936  0.04777721738927418  0.05011328688473274
  0.05260918441625450  0.05518120234139482  0.05798519914384490  0.06070326820492932
  0.06376146253596360  0.06707711982517571  0.07035480366429668  0.07361417516216937
  0.07699670217389873  0.08049760268555703  0.08457745978264647  0.08894612289485497
  0.09345646913686197  0.09823170032115718  0.10345042888297745  0.10912562792706218
  0.11510358948567810  0.12115419572039196  0.12712112291572500  0.13290281482498534
  0.13862501319733342  0.14483254672768928  0.15203038752302458  0.15973800916734504
  0.16768736000851489  0.17593656897328142  0.18481213074139985  0.19411754783616417
  0.20433624844436024  0.21543037224138506  0.22887204754664897  0.24284397240830838
  0.25730268900763825  0.27281250130904405  0.28728603107069312  0.29882076604714414
  0.31070516840605278  0.32127359197949767  0.33306169054782697  0.34769361336147253
  0.36517376412861807  0.38886008306096631  0.41189235056367113  0.43461743948736054
  0.45907582600592889  0.48838289004050850  0.52060351169493324  0.55453136967514438
  0.58885767017066570  0.62426256680239112  0.65821186385561836  0.69282019943950668
  0.72474171162346601  0.75813393689071273  0.80033641556839152  0.84423589132411980
  0.87485656034505843  0.90685870998425733  0.94275138996244190  1.00000000000000000
 -0.00286239074105385  0.00953958059299744  0.02059381752720467  0.03140977262583491
  0.04260302177943881  0.05301828846815203  0.06282865005000889  0.07237936649280950
  0.08269314867616118  0.09368818959855336  0.10339819561408743  0.11279841536114946
  0.12186279655888399  0.13139432827212441  0.14128031150028517  0.15077374799101045
  0.16091096563012430  0.17156966625334313  0.18214609783778932  0.19205251547509711
  0.20168560355909729  0.21138618704616655  0.22128781082226970  0.23117511217634529
  0.24075058018346696  0.25005948780174481  0.25929398099733825  0.26859463347295459
  0.27795610136252641  0.28740572981119955  0.29714689533691602  0.30741155556179323
  0.31817512182062146  0.32887253695040319  0.33973276704152217  0.35076825568488140
  0.36161066878294135  0.37233732304036909  0.38330905777567348  0.39439303818387894
  0.40566351935896644  0.41722384750182617  0.42907762443014180  0.44088475567363861
  0.45283667349329348  0.46628428927954968  0.48130374909777257  0.49695428955628745
  0.51366098663041904  0.52998108285010526  0.54547870542741861  0.56026086145215037
  0.57413275908828321  0.58739558803710912  0.60020714371104933  0.61256804567387391
  0.62458332541529604  0.63546664384478169  0.64622788996815583  0.65625210876625906
  0.66598513900305800  0.67523042555791324  0.68427948967274410  0.69533643901240205
  0.70705897302520826  0.71759359180865490  0.72761394021857595  0.73709694520993851
  0.74620707321381985  0.75501600953996795  0.76372176220131582  0.77282452012226477
  0.78201512391875738  0.79037928690817505  0.79815098164473386  0.80581295951116383
  0.81375412775128042  0.82265631658768013  0.83291001286047561  0.84247447616282789
  0.85223484294264751  0.86171903847056364  0.87146470153633182  0.88041664234110550
  0.88944977128389391  0.89901627194275002  0.90986714407360980  0.92074349115698506
  0.93206959232846021  0.94367682189168756  0.95588905553070647  0.96833940572406041
  0.97970060844191664  0.98729586103484490  0.99383482416916835  1.00000000000000000
  2.27336863634465425E-009  -1.0000000000000000     
 T T T T F F F F F F F F T T T T F F F F F F F F T T T T F F F F F F F F T T T T F F F F F F F F T T T T F F F F F F F F T T T T F F F F F F F F F F F F F F F F F F F F F F F F F F F F F F F F F F F F F F F F F F F F F F F F F F F F F F F F F F F F F F F F
  <DiscreteSampler_grid>
  grouped_processes
  1 # 1 for a reference and 2 for a running grid.
  10 # Attribute 'min_bin_probing_points' of the grid.
  1 # Attribute 'grid_mode' of the grid. 1=='default',2=='initialization'
  0.0000000000000000 # Attribute 'small_contrib_threshold' of the grid.
  0.5000000000000000 # Attribute 'damping_power' of the grid.
 # binID   n_entries weight   weight_sqr   abs_weight
    10   10   1.509526218534607E+003   1.000736401392105E+007   1.509526218534607E+003
  </DiscreteSampler_grid>
