  0.02578078767515986  0.02579276498593203  0.02581653462893224  0.02585221193646030
  0.02589007103593429  0.02592894510088350  0.02596875280271401  0.02600931625249833
  0.02604993730551590  0.02609008954230305  0.02613021329351604  0.02617058467180634
  0.02621160293618824  0.02625258026964482  0.02629353973898155  0.02633451218172387
  0.02637697016519126  0.02641859415257445  0.02645977044481324  0.02650146685599790
  0.02654232546342499  0.02658542447917992  0.02663140735579015  0.02667925524092659
  0.02672820530639492  0.02677710057368069  0.02682606378368934  0.02687518657161947
  0.02692430323180380  0.02697172178392611  0.02701981468793864  0.02706822815620164
  0.02711704466089901  0.02716643002952131  0.02721557700206080  0.02726396016997902
  0.02731282766528321  0.02736233890474299  0.02741224888453871  0.02746351730188079
  0.02751506405879471  0.02756659948196161  0.02761802258186972  0.02766990417186714
  0.02772346846412180  0.02777739310467466  0.02783295276380527  0.02788904028928524
  0.02794617578658051  0.02800378498755470  0.02806171739613706  0.02812100738789193
  0.02818144629935761  0.02824265672480726  0.02830456899304545  0.02836508233685047
  0.02842563628960113  0.02848604403172767  0.02854731604496882  0.02860956868314784
  0.02867254264949021  0.02873590899583147  0.02879986736532247  0.02886407345254265
  0.02892831175469486  0.02899531830426723  0.02906642411082355  0.02913961756608711
  0.02921446825187912  0.02929104817678663  0.02936895105287331  0.02944939735598471
  0.02953148975973761  0.02961405029200085  0.02969809343201986  0.02978313744431628
  0.02987018845966832  0.02995941567471453  0.03004878345661545  0.03013869330192561
  0.03022961475890022  0.03032936075185949  0.03043303620316440  0.03054118544233326
  0.03065154301271650  0.03076468026420453  0.03088268477491663  0.03100899029256405
  0.03114153980942084  0.03128054136596248  0.03143134730856528  0.03159638308417249
  0.03178938904886372  0.03199296022260979  0.03204673415684460  1.00000000000000000
  0.02578370869960949  0.02582659895276454  0.02588411688699610  0.02595447669225212
  0.02602058247589647  0.02608461789083672  0.02614778277719098  0.02621127325235133
  0.02627377279191870  0.02633536886148935  0.02639722359740749  0.02645887122682814
  0.02652228804940625  0.02658510400041765  0.02664610415305959  0.02670771641600526
  0.02676883053310142  0.02683026018918028  0.02689243878333395  0.02695512849793427
  0.02701808038852773  0.02708101650600453  0.02714105510792731  0.02719954051009188
  0.02725920085083555  0.02731864525025555  0.02737802027390987  0.02743638583727790
  0.02749318856100317  0.02754854151652441  0.02760299956756805  0.02765741713665665
  0.02771265719479133  0.02777005477340250  0.02782994546803159  0.02789040704766526
  0.02795235860890867  0.02801524070295194  0.02807820905276715  0.02814048686675608
  0.02820146272360977  0.02826201308284108  0.02832246779387357  0.02838319875828319
  0.02844372488118781  0.02850404148030345  0.02856558011591268  0.02862800355655441
  0.02869078050938516  0.02875295041271896  0.02881391448607364  0.02887519354563136
  0.02893662952942867  0.02899177105724943  0.02904680941752880  0.02910203366439786
  0.02915959912802378  0.02922185316663228  0.02928619934059173  0.02935021955747985
  0.02941217935514711  0.02947630208836191  0.02954044805462749  0.02960604131399382
  0.02967208518242958  0.02973686880512662  0.02980099903947980  0.02986717170483327
  0.02993667204849252  0.03000787179365074  0.03007853295311851  0.03014878606472641
  0.03022116720369512  0.03029331723199414  0.03036458766956453  0.03043592212215961
  0.03050950898729793  0.03058403411823573  0.03066024805004859  0.03073597326708926
  0.03081124037794912  0.03088436536775125  0.03096148804585955  0.03104283845301197
  0.03112983701478804  0.03121817847314626  0.03130461046665763  0.03139278305656522
  0.03148454669849859  0.03158042239482458  0.03168282281372438  0.03179774327697855
  0.03193653625810860  0.03202425924303150  0.03205106426375289  1.00000000000000000
  0.19003498962424931  0.19234948165271817  0.19473455504566267  0.19758925069499628
  0.20045683303268852  0.20335182650587924  0.20644731974774078  0.20971769485784339
  0.21072209686393242  0.21133023890391961  0.21179901286832459  0.21262052286547320
  0.21377042594568058  0.21486670411512185  0.21596066563367286  0.21707019593352542
  0.21822253540762451  0.21949728884093009  0.22078808776659356  0.22215100135107310
  0.22349579925369395  0.22484632908200095  0.22617512878375876  0.22743433612800726
  0.22870224725030658  0.22997197634935079  0.23135561065473981  0.23283771600203654
  0.23437704140176180  0.23594893459486649  0.23755858784394496  0.23921800918306407
  0.24096295287035160  0.24278658337537234  0.24469772442575596  0.24668871775079571
  0.24879533678481489  0.25100339529981769  0.25316052035394837  0.25516491605683361
  0.25703455822607513  0.25884611818876124  0.26066692908234362  0.26247915531790483
  0.26423104166864264  0.26585527658291752  0.26740265938681357  0.26892773159201161
  0.27041838629545362  0.27189694280629584  0.27333692804948229  0.27466150324589345
  0.27592411955850649  0.27715823662740541  0.27837649554943583  0.27963006394977680
  0.28086164301109695  0.28207326517722586  0.28330689282033666  0.28459052788855438
  0.28590986199018043  0.28717481494449681  0.28834862998289684  0.28946978960739755
  0.29059708987401028  0.29173388730102628  0.29283535419870993  0.29389456247781442
  0.29494361214777171  0.29600029418827256  0.29703094526335455  0.29805314713910913
  0.29909019434387873  0.30016952293602123  0.30123605131776887  0.30226695441959417
  0.30324872076901382  0.30422965235009586  0.30517068213596399  0.30614487406216867
  0.30720835135648911  0.30833529067066429  0.30945949147803531  0.31053470047699411
  0.31154352267405594  0.31247471253647646  0.31342279608647589  0.31446157261575441
  0.31562809464139602  0.31688383498746520  0.31809277947986125  0.31918297210339086
  0.32022313069237607  0.32136378656333436  0.32721767619137421  1.00000000000000000
 -0.00825837918856786  0.05324393481288247  0.09089328652330050  0.11893012677693060
  0.14203641341660220  0.16270341624539361  0.18293184711298699  0.20200717995922032
  0.22074650332726581  0.23817367702914416  0.25406648162353473  0.26873395003744371
  0.28299029724487423  0.29669499187362525  0.31026775772840437  0.32312838412379119
  0.33587179386927091  0.34881231038305699  0.36087609077953953  0.37280664796707780
  0.38531616605466024  0.39817095989564821  0.40939681033427755  0.42051148949836437
  0.43195937749503543  0.44327748899878838  0.45385018243802805  0.46405368061755092
  0.47379189405233246  0.48403140622685031  0.49491721949427753  0.50544848321560754
  0.51479038978006453  0.52415505159774756  0.53318671515199645  0.54211048225877434
  0.55040188430276260  0.55866445820066113  0.56708337954685917  0.57599670667607650
  0.58444353814300321  0.59251959268003596  0.60045324000510414  0.60826221067098785
  0.61594360460079922  0.62347549837651672  0.63069015011980833  0.63770620760080654
  0.64478999216453481  0.65175664409533240  0.65851433153868555  0.66531842068239189
  0.67243849892817298  0.68014722872822408  0.68781125569648749  0.69649397642101329
  0.70516787999519848  0.71272999178567498  0.72005484146681453  0.72734698202979875
  0.73429486549184630  0.74211907961251666  0.75000187994780454  0.75793127962806861
  0.76604800968450826  0.77446056918667572  0.78309703432360400  0.79162241187969840
  0.79970478670537537  0.80850540339081078  0.81795465861289451  0.82746905439872442
  0.83558044653188956  0.84278385315794579  0.84977201360031085  0.85672557226045865
  0.86372611704592173  0.87069800392336860  0.87782373144442949  0.88518068298102059
  0.89229295818230825  0.89949211645978366  0.90673239128542138  0.91393507358603510
  0.92153402709507470  0.92939958084683716  0.93723808480882786  0.94459625320630292
  0.95111052078412717  0.95774033777922785  0.96438648724013443  0.97141989618911306
  0.97875491405991355  0.98579873043349064  0.99294697103085738  1.00000000000000000
 -0.00194201641368389  0.00999113724865933  0.01728395102548892  0.02479920927894193
  0.03197345696146711  0.03961347973670550  0.04762511889484786  0.05629532250373859
  0.06593801643179113  0.07604512498042983  0.08661574120828099  0.09768885520229749
  0.10839272084871047  0.11869663505032219  0.12926996832574481  0.14026757029911455
  0.15208063179023071  0.16348255761629216  0.17803427513361200  0.19107643565650453
  0.20317647847985465  0.21495769151368407  0.22587436379672526  0.23598785565221925
  0.24573514748996927  0.25598141154856302  0.26746068210046153  0.27860107354976310
  0.28968601207109079  0.30026967848961034  0.31069018616559835  0.32086749050138347
  0.33108014222523252  0.34145133475119493  0.35170123906302031  0.36181712047656972
  0.37204289255481460  0.38197433011745818  0.39176800229020298  0.40167940895197979
  0.41223183417859000  0.42337923103270442  0.43496234213684970  0.44734011659987433
  0.45922244266813833  0.46940145515037157  0.47924857120999376  0.48970017592644410
  0.50017561997522708  0.51017598229357575  0.52026814781461161  0.53157997692307002
  0.54342817386305031  0.55531862372450935  0.56617622952678581  0.57601475247989609
  0.58589982249840855  0.59582690907187730  0.60538205150618685  0.61443491366202585
  0.62343087039457945  0.63323220053401674  0.64396327212592952  0.65548784361763113
  0.66793132373825281  0.68005384820978620  0.69204116614307543  0.70339064290977393
  0.71415035274009575  0.72367967260486921  0.73315482751487215  0.74326724622035856
  0.75338621711229659  0.76408037652646843  0.77440790736907406  0.78502345898982417
  0.79542959982961980  0.80642249372195351  0.81815504213118806  0.83078082966050193
  0.84429256079318349  0.85828368768221186  0.86860164738358525  0.87931708231465722
  0.88968219968553575  0.89985320605751318  0.90934570081611055  0.91891644410215556
  0.93010672192128308  0.94126713409966922  0.95158928512698815  0.96178417875807110
  0.97121626070244815  0.98115149816046543  0.99052255692920343  1.00000000000000000
 -0.00075128599260684  0.00328729148705179  0.00732586896671042  0.01136444644636906
  0.01879279695608742  0.02745902674032915  0.03653048869057728  0.05205333238601467
  0.06779067956386878  0.08312461397467549  0.09827740191713757  0.11381984336228781
  0.13012779412066255  0.14666144336415918  0.16190654379665276  0.17651811017194755
  0.19062503534017280  0.20440460086891440  0.21814413641408242  0.23174148147915541
  0.24569667662834632  0.25975414147229159  0.27242939816880946  0.28522304297787227
  0.29728890156703941  0.30924033541108670  0.32110750753593553  0.33253018231359682
  0.34333209890241062  0.35401135399109929  0.36499677375680473  0.37580846632307779
  0.38672456760791940  0.39774605178847189  0.40918013365531392  0.41967884746752410
  0.42813589358550530  0.43660566929617722  0.44430559187070356  0.45388057150491584
  0.46397585194910951  0.47400326621681688  0.48427039431281210  0.49471307713498491
  0.50451420957771975  0.51392054350789074  0.52365606457074920  0.53330289233538930
  0.54270808269327109  0.55160403612801978  0.56034092513376699  0.57030828440037684
  0.58075248186214501  0.59205397808019500  0.60316484174413121  0.61429898137437378
  0.62513886591301127  0.63548333971262638  0.64565757099969123  0.65562281839063885
  0.66577361850626027  0.67637596829172042  0.68730672474197496  0.69930274080003307
  0.71496721113844586  0.72984684507981124  0.74140377821877446  0.75190068672492039
  0.76153923620552233  0.77070145998511597  0.77968027107981186  0.78884641965003255
  0.79844558005419730  0.80827406672006408  0.81788394629533323  0.82746180115394385
  0.83643532059006565  0.84526144239417333  0.85413334297636456  0.86259112006214722
  0.87118146063302526  0.87987940106656637  0.88890448068586514  0.89768787260582850
  0.90683523992422810  0.91621459640991243  0.92588975458951384  0.93562878988295828
  0.94393152770885913  0.95128029075154952  0.95873677154273684  0.96643495043890615
  0.97498285329473144  0.98331587289507860  0.99160840281116325  1.00000000000000000
 -0.00294950439869387  0.01232405827488593  0.02554704635631389  0.03871796162058498
  0.05054932210322892  0.06200014257109693  0.07324107626033668  0.08411114511519981
  0.09426883840173449  0.10441901794919872  0.11501673114433741  0.12621423363737919
  0.13739164230822884  0.14836061242253229  0.15686786275173314  0.16523490422909651
  0.17317273902662134  0.18185391538450910  0.19184340474246309  0.20343354916585571
  0.21466588471676282  0.22590777880658788  0.23684889119070751  0.24788237904783866
  0.25823840810747106  0.26789331448616271  0.27861161072536200  0.28969170580344938
  0.30039238680619845  0.31003572552056963  0.31988130750071597  0.33029423264689783
  0.34004156465460106  0.34919691018011378  0.35833675626839956  0.36778836096588752
  0.37721602765289292  0.38665253770042773  0.39643259197307945  0.40696723545469676
  0.41745971859926739  0.42769814184734434  0.43824913417813605  0.44914681733265477
  0.46023616094416053  0.47068287929312552  0.48102426646618146  0.49017634363297313
  0.49991631259686120  0.51009108995036356  0.52081532477491588  0.53128796827507663
  0.54145100978976335  0.55145405204838926  0.56163551340779783  0.57220212794058833
  0.58324493209412609  0.59326251038464739  0.60333641847529151  0.61304083213806437
  0.62250735308395189  0.63157751304700671  0.64060706939355239  0.64992616938538261
  0.65999394401554823  0.67048076830068071  0.68205286386573227  0.69408312709618469
  0.70716032352738156  0.71901366674800582  0.73101466292290063  0.74116484301396213
  0.75140959326971080  0.76173024200312689  0.77229747009430161  0.78503738727975969
  0.79719016881945926  0.80914427259702093  0.82282270038460836  0.83510306160389880
  0.84552396173489730  0.85516218826809265  0.86457504169185517  0.87407513656490332
  0.88379522535923893  0.89325046789554452  0.90340632513681529  0.91332504524528890
  0.92330468264685384  0.93366277129059938  0.94479033868004147  0.95570552274410459
  0.96609562143553973  0.97642466056438404  0.98793805939559975  1.00000000000000000
 -0.00291833199290329  0.01293945263100969  0.02498504785469817  0.03647980700111576
  0.04700824171030694  0.05711774802738977  0.06708685349836700  0.07716876168026202
  0.08776944244588547  0.09874109516015707  0.10931663290698891  0.11900295590778583
  0.12893738792926226  0.13957827915485149  0.15065503079589923  0.16123142572500712
  0.17182956976037664  0.18165966790832952  0.19100901808138263  0.19980450018187124
  0.20907079552348964  0.21893226847484223  0.22889168879350397  0.23872689186340312
  0.24912618599393468  0.25949017570862953  0.26957539021857729  0.28025463658164634
  0.29078995750220532  0.30122417354417041  0.31153437413720436  0.32162268363633717
  0.33204373715034857  0.34241598495194242  0.35325172529299981  0.36367415986795643
  0.37406634636184649  0.38452050465641163  0.39545322084183243  0.40639051856370845
  0.41790013784543134  0.42929676992372090  0.44046820391514896  0.45134751216770663
  0.46284972683993675  0.47555622276884191  0.48810703842328601  0.50039505438531995
  0.51294764313958674  0.52514792551778611  0.53736304258738310  0.54793483561337275
  0.55752134688248633  0.56777146469039053  0.57808393767394040  0.58794739974069310
  0.59736077354841921  0.60712845210326527  0.61763412481664048  0.62783184107370915
  0.63766361354721901  0.64760641942316866  0.65882184691564916  0.66975113555740429
  0.68059040172854468  0.69092600152401185  0.70115611005165424  0.71135417433230907
  0.72137159394887096  0.73105062540366272  0.74017320796225350  0.74961606079941134
  0.76046407268385552  0.77114185545468272  0.78136888258441528  0.79143820843335821
  0.80300561086520239  0.81482242215655099  0.82577632989847083  0.83650177259353908
  0.84629160359727229  0.85613741997223669  0.86596526720845957  0.87644796564713767
  0.88737763363184019  0.89798482095312548  0.90881714188937934  0.91950621625192819
  0.93091620331600389  0.94204807909427313  0.95260122522220847  0.96263354183760164
  0.97247442945654905  0.98217602548457894  0.99123328170676439  1.00000000000000000
  9.99710952461902868E-014  -1.0000000000000000     
 T T T T F F F F F F F F T T T T F F F F F F F F T T T T F F F F F F F F T T T T F F F F F F F F T T T T F F F F F F F F T T T T F F F F F F F F F F F F F F F F F F F F F F F F F F F F F F F F F F F F F F F F F F F F F F F F F F F F F F F F F F F F F F F F
  <DiscreteSampler_grid>
  grouped_processes
  1 # 1 for a reference and 2 for a running grid.
  10 # Attribute 'min_bin_probing_points' of the grid.
  1 # Attribute 'grid_mode' of the grid. 1=='default',2=='initialization'
  0.0000000000000000 # Attribute 'small_contrib_threshold' of the grid.
  0.5000000000000000 # Attribute 'damping_power' of the grid.
 # binID   n_entries weight   weight_sqr   abs_weight
    10   10   3.295110256587912E-002   2.025655037390364E-003   3.295110256587912E-002
  </DiscreteSampler_grid>
