  0.05146584088253646  0.05171815750398819  0.05224498188887951  0.05276308887427137
  0.05326473272214630  0.05375883662126941  0.05424744451973428  0.05473864401848907
  0.05523741249167655  0.05575492935506332  0.05629189341943013  0.05684417934303330
  0.05740397538874680  0.05798953056315552  0.05857695197694957  0.05915081569227202
  0.05969915036505441  0.06021938195274943  0.06074526574689984  0.06127635500173237
  0.06184953994433227  0.06243786254999822  0.06308922168352504  0.06384042011634233
  0.06460317582653467  0.06535391966763732  0.06614261279390705  0.06695415883397471
  0.06776803089638800  0.06857880391113362  0.06936175201257617  0.07015216755532286
  0.07097203907210851  0.07183340243619270  0.07272064464147017  0.07366122411311123
  0.07456481792778685  0.07545078274749091  0.07634014689650651  0.07723474671299801
  0.07814503820952109  0.07909993572636879  0.08012455771688447  0.08113943952183493
  0.08217268708047669  0.08316188597852517  0.08426040509974926  0.08541111478288183
  0.08660244482134573  0.08790425620614251  0.08932883910939875  0.09080630793011327
  0.09235531703239129  0.09391336534999900  0.09537490453175511  0.09681221994551395
  0.09827699931840948  0.09984046181384934  0.10150858323296678  0.10329474436568159
  0.10519650258234567  0.10721724389606456  0.10929621773344682  0.11143795158246089
  0.11365068455874641  0.11603907035431393  0.11860522809533507  0.12114745438324606
  0.12379964172209690  0.12676036879293875  0.13034869785683706  0.13419034359244175
  0.13809678317702842  0.14198295649878384  0.14604278191867462  0.15074125697587590
  0.15569154079955447  0.16073277410452924  0.16595396712126020  0.17141208145690956
  0.17728639168339080  0.18381495601204406  0.19171497013072311  0.20057743027084921
  0.21022549230845605  0.22111339889347953  0.23261008352234336  0.24618588480621195
  0.26074883413299255  0.27794968393531683  0.29916075385276264  0.32788001083470808
  0.36453500077024081  0.42148002375029836  0.53939642743951244  1.00000000000000000
  0.76622782886926077  0.79114677123790622  0.79520031086367560  0.79855102346691087
  0.80265997114253529  0.80739868106009904  0.81038417995881429  0.81298525981815983
  0.81566900534920128  0.81891447908138004  0.82185009952198063  0.82448273807357453
  0.82704107862314302  0.82953917190361992  0.83209633510722758  0.83468073456424607
  0.83720376338806080  0.83964722171497452  0.84222370352035336  0.84486937605979640
  0.84749862927118402  0.85006014517859840  0.85261855105370232  0.85518957631752723
  0.85762658220759747  0.85995634675384058  0.86200230904150821  0.86421631685958600
  0.86629272320430661  0.86853589403995213  0.87098075918720086  0.87350014377119989
  0.87577529494085038  0.87765326524070741  0.87934381613415880  0.88095038714805884
  0.88251156572298872  0.88421231422967261  0.88602480473188172  0.88779080121563669
  0.88949269748107496  0.89111286419138525  0.89271552325399561  0.89429353968491421
  0.89590694904538137  0.89760106526291250  0.89918782002730113  0.90073296127004288
  0.90233439081079259  0.90397556731696849  0.90539137668464054  0.90671656561841596
  0.90807609620161200  0.90957170464478143  0.91112234157912020  0.91264022088494445
  0.91416159256526086  0.91564072837528654  0.91716317356280208  0.91871654218523280
  0.92021511559148950  0.92164792668575590  0.92307423585537118  0.92453285067474766
  0.92602637168475710  0.92751970702495568  0.92896497634254227  0.93040277954508366
  0.93181863392536257  0.93334694113003980  0.93487454218959209  0.93643743543275504
  0.93798564035823595  0.93951147811384261  0.94098710894166526  0.94250237789820845
  0.94410195123180574  0.94574177313438990  0.94783559723327004  0.94972786759497307
  0.95165019320179023  0.95358868295404919  0.95548190982185666  0.95733961967594772
  0.95928467020717278  0.96128212964546145  0.96323056830296327  0.96548489101416268
  0.96805098840261949  0.97078012330557528  0.97361086862713164  0.97670783332767397
  0.98021896839323541  0.98512468281415977  0.98949098206151864  1.00000000000000000
  0.00015415998213657  0.00017388383751096  0.00017934465726322  0.00020706391120547
  0.00024461993043175  0.00026603946270868  0.00028166974371158  0.00029680892808910
  0.00031340141259646  0.00033004264592438  0.00034487969292688  0.00035867000321000
  0.00037177080526646  0.00038500001133789  0.00039930237643901  0.00041418974193851
  0.00042907984386952  0.00044286601046606  0.00045644535450653  0.00047031265974761
  0.00048604901785230  0.00050456971538807  0.00052333597550346  0.00054007488553184
  0.00055653736143531  0.00057377674394676  0.00059201164996026  0.00061199992247016
  0.00063445338525711  0.00065887893810591  0.00068344558139939  0.00070732880122799
  0.00073197931978696  0.00075698795935862  0.00078295468325570  0.00080989339604088
  0.00083743488202275  0.00086451552922327  0.00089344601673347  0.00092608343388594
  0.00096104485984459  0.00099781551353592  0.00104275931621483  0.00108488557137736
  0.00113170490071925  0.00117947497213196  0.00122480889898685  0.00127217189995225
  0.00132105377822570  0.00137010692966399  0.00142285769324411  0.00148800873843741
  0.00155287170716500  0.00161924867442153  0.00168875046070837  0.00176050139133245
  0.00184139542337416  0.00193078553036698  0.00202475627732757  0.00213229465491395
  0.00225646882258455  0.00238511214881435  0.00251845048622243  0.00265819388365483
  0.00280830570479522  0.00297549755037551  0.00316216980901664  0.00337048133765417
  0.00361174306018699  0.00388510788643318  0.00418200217783299  0.00450514014933374
  0.00485444518382811  0.00522944582805603  0.00564757487948197  0.00613709076128943
  0.00668248815066021  0.00729679650171178  0.00799912721526779  0.00879464807609940
  0.00969943047326706  0.01078316336341850  0.01217219173273848  0.01396292262680243
  0.01608468770705832  0.01853311906453554  0.02144311590355378  0.02514446421543325
  0.03007638472554037  0.03675800290168454  0.04620600154788243  0.05944888425698040
  0.08017363095867742  0.12200439422991918  0.18939197447853823  1.00000000000000000
 -0.00230395227235260  0.00797446550318877  0.01712621002405437  0.02512181528939866
  0.03256340673451689  0.04006988434432084  0.04787744208876484  0.05594859976355761
  0.06397037826367186  0.07131098225896682  0.07828964062548620  0.08578416504248400
  0.09434803838964503  0.10416675812569168  0.11444049899450501  0.12387396406326330
  0.13331086082481283  0.14269324244762824  0.15293595281638553  0.16297775379658869
  0.17231899587262628  0.18087030977681792  0.18942177113612391  0.19887976994672263
  0.20883351313748261  0.21944514538097229  0.22989683852161608  0.24054410673165680
  0.25169202657764528  0.26339965547705579  0.27498809760555093  0.28531768779963407
  0.29574747743935692  0.30657875871922186  0.31777156188880951  0.32881029493436892
  0.34118104400219296  0.35443438698574725  0.36777637363388621  0.38051157276931052
  0.39348183179589696  0.40686014637384305  0.42096642767688608  0.43552865570030397
  0.45029997085250217  0.46738707138103014  0.48483897057427361  0.50103004544882146
  0.51577727324292655  0.53086651547557984  0.54564907941101926  0.55941584857246862
  0.57319362239590310  0.58741688479361776  0.60189333274493717  0.61621999671254191
  0.63143863302230452  0.64639461669463105  0.65972761219722253  0.67188718844145412
  0.68354967777177600  0.69446349224973336  0.70515575417100751  0.71696904753834001
  0.72993833134468888  0.74373193936093240  0.75683687463380933  0.76809413370951496
  0.77888342125059107  0.78958466853897480  0.80076381499039018  0.81208346491367733
  0.82265171456661002  0.83285436451102446  0.84294198718124524  0.85273827562519389
  0.86201662615133778  0.87076563455098366  0.87923679122937148  0.88772057480256639
  0.89611689083624591  0.90270901467433040  0.91014477069102728  0.91745583516911910
  0.92458127719600980  0.93177910260531016  0.93841835572726495  0.94502390091988897
  0.95143978095157122  0.95807754521802713  0.96528467082015179  0.97247369636256964
  0.97965128989752215  0.98662918254791665  0.99337841597416565  1.00000000000000000
 -0.00237668095420782  0.01097360795407547  0.02226787282062431  0.03379098644787237
  0.04608599861878802  0.05940073420808580  0.07282879709143292  0.08563291755208258
  0.09815154210211348  0.11045627076359520  0.12314955018037180  0.13573378203777015
  0.14911577777845508  0.16201379190081464  0.17321358422994265  0.18301219834443377
  0.19325854018551536  0.20404524756512257  0.21535429006178633  0.22657846795793107
  0.23688411171146287  0.24746185909731563  0.25733792396741662  0.26857682120495319
  0.28058794965642536  0.29343114216890781  0.30544952428726968  0.31607368244051015
  0.32544734721225471  0.33506856073028074  0.34453230315844435  0.35431785046772513
  0.36475200090846938  0.37610487678301474  0.38897735277199419  0.40154791406559681
  0.41385230504367271  0.42554188389331782  0.43623154303667827  0.44494665872952988
  0.45322701841097879  0.46151628542545814  0.46999390524496554  0.47788509784701527
  0.48626763327776218  0.49509003215702302  0.50472319403300514  0.51464222155485373
  0.52471652715818140  0.53507041575523207  0.54570358169153832  0.55576310327421530
  0.56591440496654200  0.57592144248922050  0.58628953083908120  0.59711261686183426
  0.60736333571598122  0.61695500420678173  0.62628161200152799  0.63581288408594505
  0.64572372175432957  0.65532370066448931  0.66413056279385341  0.67377830748931733
  0.68464045279484220  0.69613034260607076  0.70736886355907413  0.71834463432518803
  0.72932740120654582  0.73963290287850614  0.74953887209559567  0.75946400233101063
  0.76926557253938910  0.77928009941509813  0.78945934727884826  0.79965731763578174
  0.81012654542625184  0.82008215395831563  0.82995660324951759  0.83996171300420086
  0.85007832915929682  0.85982793443381123  0.86887365936958105  0.87776970628327322
  0.88695332937225591  0.89680553022984999  0.90615395905857699  0.91729522428630583
  0.92904029701399216  0.94020461916251896  0.95062570271557023  0.95990016924923693
  0.96951450097239855  0.97916113910941915  0.98943582843386446  1.00000000000000000
 -0.00590590192182484  0.04432328794294924  0.07535548319745659  0.10092056937815014
  0.12303063133891874  0.14301893062149038  0.16206133651195093  0.18045918189631471
  0.19730996224854078  0.21219892340871471  0.22693681739678870  0.24165758844539775
  0.25607482915705598  0.26880368906473057  0.28074771437735030  0.29275601092768677
  0.30496256956793799  0.31640488770200209  0.32694254138824763  0.33784767428470086
  0.34947145064362345  0.36216189446519037  0.37458620186256719  0.38635238291819690
  0.39823304591790581  0.41078996732525447  0.42274213687138912  0.43354906941370158
  0.44388274000831596  0.45422425576892705  0.46491689787169937  0.47579273217073509
  0.48559823365943122  0.49400908070968302  0.50167159165793584  0.50908669239070037
  0.51673322874624561  0.52545603060494861  0.53514953569211099  0.54472635472718278
  0.55379393884174610  0.56238363232223265  0.57076032841494584  0.57901811300539041
  0.58700064652368944  0.59526374413282257  0.60327542853935701  0.61203982130109835
  0.62164997936142741  0.63124498138307816  0.64102758145837180  0.65099938894699494
  0.66020206188316799  0.66864206372028157  0.67616652667802901  0.68402053671572760
  0.69139626948165323  0.69875309153582521  0.70615894069435681  0.71333351990320637
  0.72022792250560963  0.72692440094347932  0.73365701964690522  0.74027689063889546
  0.74709366521555465  0.75442404836950061  0.76176046413753917  0.76873913226771540
  0.77535273679154726  0.78181883860831924  0.78839960655109487  0.79572257344384711
  0.80345875695059554  0.81151441286098347  0.81921850774286908  0.82658064911078322
  0.83347951464864622  0.83992069488311283  0.84630763613515803  0.85288562021472514
  0.85970626472464107  0.86664950970899535  0.87393887250946589  0.88197152030371251
  0.89046355978770919  0.89887831313132383  0.90767265697688215  0.91708515562614945
  0.92684824499806562  0.93619274962932608  0.94589384732223325  0.95613482247410064
  0.96683817921803039  0.97786717584193028  0.98887372622683023  1.00000000000000000
 -0.00324806134567477  0.01378011110511040  0.02499333387368956  0.03518810720181832
  0.04542311411384308  0.05602507351312379  0.06599357145697191  0.07511721591757804
  0.08494922380514251  0.09666804236357110  0.10881863154128932  0.12057051610611386
  0.13122810121374251  0.14164782701259354  0.15242282670718654  0.16376000941324131
  0.17539675827225448  0.18620749819937762  0.19677515972005843  0.20729185246284595
  0.21804964493091278  0.22816286793904594  0.23776975017543789  0.24778659091740382
  0.25897437238276738  0.27099905049664963  0.28267663721350650  0.29380075554962309
  0.30453280861736165  0.31503952198728202  0.32575163846979355  0.33700875986347167
  0.34885405097396055  0.36102430673054009  0.37213384281468986  0.38289506064917606
  0.39365550434718083  0.40462976882474339  0.41624183090947536  0.42668023015642387
  0.43699101341644769  0.44739115047775418  0.45725458407476821  0.46722146136253556
  0.47705264529959068  0.48698967239639429  0.49705797377399796  0.50673781928460526
  0.51634066119739996  0.52586344657500472  0.53650629143462425  0.54784902377419709
  0.55959081500176810  0.57062177483710730  0.58134971189447560  0.59148726915529604
  0.60137569526953538  0.61243166429527873  0.62272327366602953  0.63226666252692587
  0.64057896290304916  0.64979643983760649  0.66003708393820748  0.67015590048187401
  0.67963889009095080  0.68934856212105255  0.69960350780953084  0.70988343296907708
  0.71999323127798409  0.73072837781863176  0.74106809648038574  0.75143975330866442
  0.76224968348677413  0.77281426875868453  0.78334015532360413  0.79396646830673923
  0.80439316171614550  0.81483322425139593  0.82522450474897746  0.83572417525159681
  0.84588949173997396  0.85577044679188763  0.86525360235661042  0.87436983635572196
  0.88335346525125025  0.89243429072194902  0.90199821211702058  0.91212276347475763
  0.92253818141174837  0.93401514277974307  0.94552273781085039  0.95658709205829617
  0.96761520623438946  0.97883397864311550  0.98949588784149567  1.00000000000000000
 -0.00329643526269214  0.01139867829719158  0.02357161926428859  0.03578328974674575
  0.04812353901258164  0.06071554329831273  0.07239401617027542  0.08260848516435984
  0.09181453335272563  0.10078312945026890  0.10999028453750054  0.11969260533055052
  0.12981299400598101  0.13997801732203516  0.14989261339132573  0.15933192010797009
  0.16867768680616113  0.17811911258079924  0.18838756217229696  0.19957745470759394
  0.21032086047802015  0.22087190244978863  0.23145089289725584  0.24243109165490684
  0.25278861129433283  0.26312789879140736  0.27362307223739624  0.28471466659495398
  0.29652049928129154  0.30813563534975985  0.31934824147950525  0.33005614397232869
  0.34049833067179253  0.35085470878004815  0.36104778812062555  0.37127130049876766
  0.38174380718984097  0.39146385992213467  0.40106383940543322  0.41073553220111492
  0.42034606249275103  0.42916769621239453  0.43773328453294058  0.44662032781869565
  0.45631071900213738  0.46807370231342649  0.48037248672104843  0.49254343261242856
  0.50439816103104107  0.51642780256926968  0.52850959559658239  0.54082315222021260
  0.55321740925840013  0.56520242836479340  0.57694152924626008  0.58849882663255559
  0.59992237353847144  0.61089828290438430  0.62134528920364296  0.63120768800415539
  0.64079177223595962  0.64996475020143007  0.65884466317155832  0.66778153172719679
  0.67593088645443156  0.68367948326905514  0.69163298796799355  0.70068656097549198
  0.70942644190363058  0.71770748712589205  0.72640102388184624  0.73568322464703029
  0.74599430646995324  0.75632216629767413  0.76715392114539327  0.77904467805600286
  0.79112118990503877  0.80286534541493637  0.81349938293758794  0.82272155609539177
  0.83201184091096525  0.84183011591378276  0.85226381540226470  0.86308364027582973
  0.87455233258394682  0.88722947149235176  0.89961813773506449  0.91165232222762105
  0.92279398313373417  0.93230282555105148  0.94228076936647076  0.95292385400057800
  0.96322624381079103  0.97422886501259220  0.98629852146096431  1.00000000000000000
  2.49011539668912073E-011  -1.0000000000000000     
 T T T T F F F F F F F F T T T T F F F F F F F F T T T T F F F F F F F F T T T T F F F F F F F F T T T T F F F F F F F F T T T T F F F F F F F F F F F F F F F F F F F F F F F F F F F F F F F F F F F F F F F F F F F F F F F F F F F F F F F F F F F F F F F F
  <DiscreteSampler_grid>
  grouped_processes
  1 # 1 for a reference and 2 for a running grid.
  10 # Attribute 'min_bin_probing_points' of the grid.
  1 # Attribute 'grid_mode' of the grid. 1=='default',2=='initialization'
  0.0000000000000000 # Attribute 'small_contrib_threshold' of the grid.
  0.5000000000000000 # Attribute 'damping_power' of the grid.
 # binID   n_entries weight   weight_sqr   abs_weight
    10   10   2.221285606413060E+001   1.048258138843804E+003   2.221285606413060E+001
  </DiscreteSampler_grid>
