  0.00001022590880120  0.00001100078963368  0.00001161038601900  0.00001251049756588
  0.00001358735630357  0.00001486907374599  0.00001631445153193  0.00001795440550553
  0.00001975578704358  0.00002165736576511  0.00002367368579788  0.00002581297926247
  0.00002807017606111  0.00003049997344728  0.00003312894426588  0.00003558590736582
  0.00003777870761541  0.00003991945429590  0.00004196776033161  0.00004388802548978
  0.00004562723572453  0.00004715477515101  0.00004863635984959  0.00005018679811494
  0.00005178900808322  0.00005351486775147  0.00005539360420151  0.00005742968961368
  0.00005961929618577  0.00006171496027978  0.00006389412448246  0.00006618834955746
  0.00006859238516756  0.00007108108262888  0.00007368508231896  0.00007641885101783
  0.00007918890643626  0.00008199165080223  0.00008481319139028  0.00008787276092531
  0.00009117253197110  0.00009452377744934  0.00009798667214776  0.00010151235869453
  0.00010527285370492  0.00010918585727386  0.00011311781090473  0.00011730327839409
  0.00012217703188454  0.00012759661244598  0.00013314330283646  0.00013865138508836
  0.00014423151751195  0.00014992664456533  0.00015606368748023  0.00016266747481234
  0.00016951261270830  0.00017668019137629  0.00018413387585840  0.00019239976238526
  0.00020096968235785  0.00020950297364943  0.00021784587663345  0.00022859657188800
  0.00023985184652298  0.00025223365486739  0.00026678155501928  0.00028212222912491
  0.00029880426981170  0.00031675990129721  0.00033594029949360  0.00035650976603862
  0.00038050453606476  0.00040698196829289  0.00043730580721076  0.00047296410429193
  0.00051296612580349  0.00055718717517437  0.00060439285003005  0.00065583963521026
  0.00071557291586780  0.00078520713045688  0.00087058243465027  0.00097257276933327
  0.00110381054306850  0.00126642326020628  0.00146246871357607  0.00170836961980490
  0.00202796431704763  0.00246697738000835  0.00308723232129004  0.00409971186044131
  0.00590421474450068  0.00979992964552071  0.03222204053702570  1.00000000000000000
  0.00001081618188162  0.00001340421682576  0.00001515276336718  0.00001666312949982
  0.00001801405365544  0.00001932504917443  0.00002067973591021  0.00002226174016939
  0.00002400994347174  0.00002578512820265  0.00002770820848239  0.00002969226395994
  0.00003157020897821  0.00003337521315054  0.00003514901617718  0.00003687454904953
  0.00003867804031499  0.00004058238795069  0.00004263473872363  0.00004480135175209
  0.00004705552425725  0.00004950512083696  0.00005216088531179  0.00005497366254754
  0.00005788722307498  0.00006083837132627  0.00006398825302232  0.00006754997368775
  0.00007156937953456  0.00007606877091481  0.00008080832347337  0.00008528184562114
  0.00008983880464579  0.00009457999898287  0.00009951562438738  0.00010472796287583
  0.00011012617992957  0.00011574672338676  0.00012183273725835  0.00012851102281506
  0.00013563250832991  0.00014300563101381  0.00015054785594674  0.00015846932480625
  0.00016706916659948  0.00017711867245895  0.00018787757958364  0.00019952322860370
  0.00021186769854034  0.00022457644307456  0.00023802646702410  0.00025250896624161
  0.00026808232368095  0.00028492221335492  0.00030307687589697  0.00032310203439368
  0.00034545418851256  0.00037015557532089  0.00039673041176179  0.00042451899985204
  0.00045305493152012  0.00048251002027519  0.00051363532434597  0.00054714222532633
  0.00058435633671006  0.00062607134725730  0.00067392988163265  0.00073174773536331
  0.00079969689365184  0.00087047816965122  0.00094136054638365  0.00102083021385490
  0.00110947986166418  0.00120353107538649  0.00131136000117668  0.00143046108681665
  0.00155703961088144  0.00171696067823974  0.00192250604473749  0.00215524242204075
  0.00240963885628951  0.00269186278134957  0.00306335225733619  0.00354906981705532
  0.00413359621142170  0.00485938527117373  0.00579292848323318  0.00703359664053259
  0.00879665903466480  0.01134912714850745  0.01486287156971849  0.02125044984361855
  0.03463614385115688  0.06873044954228745  0.20340657657796080  1.00000000000000000
  0.00000964828983491  0.00001045743385975  0.00001127241167551  0.00001212864216605
  0.00001292279707240  0.00001375355156243  0.00001483950612350  0.00001607628037203
  0.00001745393142609  0.00001911488797112  0.00002081531044141  0.00002248981729980
  0.00002412630714687  0.00002572923971227  0.00002728665529739  0.00002876741305387
  0.00003019895103732  0.00003155258115680  0.00003295716303416  0.00003441289869870
  0.00003584007766140  0.00003713878418441  0.00003854362714402  0.00004014996440574
  0.00004196660227146  0.00004378995311050  0.00004555518779703  0.00004734662139383
  0.00004919168149779  0.00005109160998698  0.00005311005775339  0.00005513950073237
  0.00005721485757404  0.00005933927438799  0.00006150594841113  0.00006380648961447
  0.00006628710107699  0.00006892589510961  0.00007161930693823  0.00007434846416639
  0.00007731611010017  0.00008052474250700  0.00008380801896295  0.00008740099324848
  0.00009144061757408  0.00009588924431361  0.00010026395982570  0.00010525398655372
  0.00011029613090844  0.00011541687375995  0.00012049524906670  0.00012565619817730
  0.00013119591138160  0.00013715971401018  0.00014359668113246  0.00015037824116893
  0.00015741346196747  0.00016476269527928  0.00017241211617815  0.00018038058207261
  0.00018914070599545  0.00019896288393561  0.00020946404114798  0.00022082143836664
  0.00023339355029919  0.00024649602153246  0.00026114051909963  0.00027650840111223
  0.00029370550746839  0.00031463584644739  0.00033907783242614  0.00036620623323384
  0.00039597254297432  0.00042929514118028  0.00046486327077500  0.00050799655170531
  0.00055639430550721  0.00061266079899068  0.00067583653973600  0.00074591118225817
  0.00082454377965215  0.00091919850754951  0.00103562468636750  0.00118651872664378
  0.00137427295616751  0.00160929467817119  0.00190441357073037  0.00230048714640074
  0.00285502064308990  0.00363296074741975  0.00490036429490413  0.00733519277512458
  0.01317694799918561  0.04772590681663892  0.93467862127616597  1.00000000000000000
 -0.00183375481216080  0.00795783258817886  0.01754593067648771  0.02720982497342796
  0.03736429257779950  0.04816296181303539  0.05937166615457984  0.07012297410917631
  0.08038891538076842  0.09065695429274162  0.10080798674936017  0.11094468654513318
  0.12082314106043193  0.13086295965304268  0.14130694675021241  0.15187284047149890
  0.16219337935771205  0.17257344614180031  0.18289165270913915  0.19328539599395583
  0.20324254664388477  0.21366079170154970  0.22493214059073502  0.23593536590801273
  0.24659003090087525  0.25742315304153174  0.26808330564070681  0.27788487653016669
  0.28750454300263123  0.29750432375261754  0.30721836346499370  0.31676849372512428
  0.32602413498038413  0.33547841586087424  0.34523861209921469  0.35502821369907556
  0.36512370343461414  0.37540445435630926  0.38560649654369056  0.39628306440236433
  0.40689873173348373  0.41748279413563499  0.42812808181868062  0.43882047434523297
  0.45033078834364659  0.46158551406099835  0.47223885806869764  0.48298036873825212
  0.49392001243562711  0.50505310054591401  0.51622238829084155  0.52733317444842087
  0.53845148110877217  0.54950772480812848  0.56066432119622556  0.57176004073243947
  0.58282220391269346  0.59368511437381688  0.60417577780712473  0.61470378380183033
  0.62529770804372775  0.63577724906767386  0.64606881734370658  0.65632231669533037
  0.66685811589334010  0.67757444903653530  0.68849398857317412  0.69993901196358010
  0.71129472666259630  0.72279294536941152  0.73408162855654513  0.74479331824483030
  0.75554076429203465  0.76674442977961710  0.77790753819954117  0.78911469138410895
  0.80078337669074096  0.81247145562119116  0.82412435293101027  0.83505513419678123
  0.84572003636956639  0.85644878410655967  0.86747625852767696  0.87836638781906595
  0.88868525008454424  0.89918223969101052  0.91003878343827216  0.92085660925328905
  0.93155051481534545  0.94177048584781409  0.95184809203125076  0.96163633669082160
  0.97142376027923660  0.98099762718657146  0.99050294842750630  1.00000000000000000
  0.00010539119706220  0.00042474922713738  0.00088460171608242  0.00143736218155336
  0.00195684386288353  0.00249872253533329  0.00305083908856207  0.00361003404052978
  0.00422562769300854  0.00485712682026333  0.00549199413335579  0.00623291273918909
  0.00707613963559817  0.00792731959809018  0.00878178832054149  0.00980181101708247
  0.01085146789221201  0.01196240792001015  0.01315496584104730  0.01443148606656302
  0.01577823922127293  0.01718387557149014  0.01867942239900936  0.02029566547397564
  0.02206891321758088  0.02393573519805458  0.02593330962760057  0.02797594329976114
  0.03004839393934978  0.03217471330924226  0.03437307810923954  0.03666906021229979
  0.03904001849014053  0.04150384637051673  0.04417215045075060  0.04702118748108574
  0.05010840771195418  0.05335013618489671  0.05678248509187961  0.06028385747438873
  0.06422279429975981  0.06843563480550373  0.07281203520372992  0.07734254704821701
  0.08208613376114494  0.08708918536684396  0.09227516394663116  0.09768152238421485
  0.10352396157076485  0.10985070533814924  0.11643088113161988  0.12309461843820113
  0.13001197293120631  0.13739139646006929  0.14509642232406916  0.15316442656614374
  0.16144948345441595  0.16992536403001179  0.17881402051213086  0.18803999139560987
  0.19798417704700455  0.20888625931193611  0.22092598676079131  0.23333198462431520
  0.24577912602999455  0.25867748836814874  0.27209972671760807  0.28614189534811579
  0.30061514660657829  0.31521055393992187  0.33085158716829421  0.34729258289077997
  0.36509269358368968  0.38377075452401432  0.40303437507307582  0.42290205383456991
  0.44356191221325142  0.46464117154644829  0.48593323317434772  0.50782915523886929
  0.53099905746387488  0.55530872303894607  0.58017178892346988  0.60661429657148769
  0.63434460343889909  0.66217617267792650  0.69106122511705226  0.71952570450480335
  0.74848217761145697  0.77991855353745132  0.81242645293387417  0.84609156248167094
  0.88273854529310392  0.92106477165953926  0.96031044899172913  1.00000000000000000
 -0.00306547529600983  0.01191438497683771  0.02302531347535224  0.03423949741554473
  0.04512991460258571  0.05641338676090768  0.06776366964018628  0.07969667105580396
  0.09104389632601968  0.10217404655475655  0.11325261975605910  0.12451154584875983
  0.13571247047589741  0.14658282907930928  0.15696786552513103  0.16696107332627808
  0.17714676384198033  0.18747174203434239  0.19777626161377168  0.20822227884047453
  0.21892554158013178  0.22939441290104662  0.23949079969141168  0.24959387377851283
  0.26027366545672970  0.27114188696453417  0.28164380571168585  0.29193959622467619
  0.30229683035801730  0.31259383152695358  0.32293394402976283  0.33314414722107072
  0.34285010100671692  0.35271683090636285  0.36299591224655070  0.37363555703543277
  0.38371586490878029  0.39336865135818805  0.40364109954512545  0.41462517308843982
  0.42595080162776433  0.43755374246316187  0.44895651647359336  0.45990281864965948
  0.47034155492088386  0.48058324688612397  0.49068281148476056  0.50072756657543283
  0.51058236334287321  0.52055185461279918  0.53093593631775948  0.54181114740615188
  0.55300336550264295  0.56374915468897446  0.57386808688517876  0.58382919312517856
  0.59386060425866316  0.60434736832160951  0.61417296733782389  0.62322003872931697
  0.63295619117416935  0.64329603171758531  0.65361185623194407  0.66363797183675011
  0.67379130488833749  0.68427075392772518  0.69507584965719205  0.70614186459843953
  0.71720136123169287  0.72777552778403298  0.73814122474955046  0.74846189903162896
  0.75726956715810123  0.76610010580243570  0.77532797178621271  0.78473348245968055
  0.79400286799845710  0.80292605263299777  0.81208533698013730  0.82243800114764687
  0.83369173966338250  0.84506892533671707  0.85649428544170703  0.86777261343732504
  0.87902944473145506  0.88982586492091775  0.90049550723690008  0.91113439220802184
  0.92218586623387466  0.93378017786214340  0.94510761658901943  0.95623586510631353
  0.96768701752308783  0.97884923418320602  0.98961319022304384  1.00000000000000000
 -0.00010492715121635  0.00022581770799398  0.00099829839789971  0.00216500607966825
  0.00354457219909416  0.00500291803884516  0.00665768903405114  0.00863751446362097
  0.01087765708080324  0.01332278438910648  0.01596277652979769  0.01882305483921154
  0.02198409339360126  0.02540939707344237  0.02900807793236871  0.03272281028418117
  0.03654477455976924  0.04062202924865597  0.04532716530679886  0.05052949820654431
  0.05580301202406576  0.06110143725974927  0.06695025779493366  0.07331231848471341
  0.07999564834640213  0.08719105764532459  0.09467713858990552  0.10226341916676372
  0.11031076241563285  0.11853405645717485  0.12722362781135602  0.13641178798977791
  0.14559052446866702  0.15485886996115997  0.16458735249726156  0.17496358599776141
  0.18581579214806337  0.19681824838481629  0.20815290822927904  0.21987042700633730
  0.23197030036728661  0.24400400261933936  0.25620719673217168  0.26845707864798279
  0.28134797784118709  0.29418862078077213  0.30678153544314196  0.31915849121905554
  0.33206609074845905  0.34615710707544789  0.36079589492396041  0.37538180082491979
  0.39001833493858906  0.40395033061842300  0.41794401146402249  0.43167739576862596
  0.44561766416239884  0.45960372998228510  0.47309949672395191  0.48629628015119875
  0.49999485939932187  0.51423747673463838  0.52932047989034825  0.54442497392624545
  0.55872661429768300  0.57263585786501869  0.58618806264969014  0.59917129323249740
  0.61224542211954858  0.62556189660873651  0.63920079569889043  0.65225594258504027
  0.66521464725115043  0.67787207664352311  0.69119915191281700  0.70511329925712474
  0.71974669067482222  0.73437684639874901  0.74846247324052406  0.76243822790099780
  0.77606069140297995  0.79058740815265327  0.80519760735163881  0.82046918672608060
  0.83253630133475998  0.84372583392171130  0.85489322594874462  0.86697354517140512
  0.87907460179633490  0.89016476611715167  0.90204605047390618  0.91453056489410101
  0.92814484725083324  0.94244518115576115  0.97092747656187051  1.00000000000000000
 -0.00352688836753712  0.01473594718864125  0.03007736032856317  0.04597582373118667
  0.06297640894087302  0.07968234667398273  0.09545290840823661  0.11073244963926553
  0.12644996550121027  0.14237681687475134  0.15717789480070360  0.17064883304606518
  0.18374830699252476  0.19704181064184559  0.21057395578432819  0.22401377737947911
  0.23739374891534878  0.25051494046419903  0.26301214171430620  0.27529721513280531
  0.28754487919535759  0.29956284904762287  0.31117001459663274  0.32197637935096624
  0.33206419425984346  0.34127150400796896  0.34981586374789420  0.35837766013251443
  0.36648838283539475  0.37448858503356164  0.38245669830358636  0.39047553735389950
  0.39851318303255495  0.40625191098480207  0.41393843668883129  0.42113631498985726
  0.42786679116818438  0.43425903462940030  0.44049772673477960  0.44665300784703404
  0.45262153651770703  0.45852167308521075  0.46442205787647489  0.47049947765387440
  0.47662844693797762  0.48281200214625086  0.48896291929291874  0.49536758696555161
  0.50140219091189531  0.50710339056648424  0.51234900308932385  0.51759338039272096
  0.52295148949341197  0.52835500811135083  0.53387625851321674  0.53944583662391021
  0.54534292132249895  0.55146578419701708  0.55745554715712142  0.56354222778718155
  0.56990687158351705  0.57656909641651566  0.58339561326522227  0.59058512871412461
  0.59804841146019949  0.60603065799443401  0.61467461027243875  0.62363184711950437
  0.63299806729893882  0.64276501244237338  0.65246013712657192  0.66223840477332874
  0.67207656338302546  0.68189304955974550  0.69195463485550179  0.70245709324226024
  0.71381563219683930  0.72610285018523546  0.73886234250360738  0.75189822796654660
  0.76477684831973880  0.77779994609019043  0.79140823355235401  0.80572753744778014
  0.82061332921794616  0.83567735781999897  0.85129650499623644  0.86746909700801544
  0.88404834383589148  0.90120037487279925  0.91827471696193752  0.93457417432196577
  0.95091957103258373  0.96714559142380740  0.98330819443350337  1.00000000000000000
  3.34851879626555986E-006  -1.0000000000000000     
 T T T T F F F F F F F F T T T T F F F F F F F F T T T T F F F F F F F F T T T T F F F F F F F F T T T T F F F F F F F F T T T T F F F F F F F F F F F F F F F F F F F F F F F F F F F F F F F F F F F F F F F F F F F F F F F F F F F F F F F F F F F F F F F F
  <DiscreteSampler_grid>
  grouped_processes
  1 # 1 for a reference and 2 for a running grid.
  10 # Attribute 'min_bin_probing_points' of the grid.
  1 # Attribute 'grid_mode' of the grid. 1=='default',2=='initialization'
  0.0000000000000000 # Attribute 'small_contrib_threshold' of the grid.
  0.5000000000000000 # Attribute 'damping_power' of the grid.
 # binID   n_entries weight   weight_sqr   abs_weight
    10   10   8.351617278818886E+006   6.241042298719412E+014   8.351617278818886E+006
    16   10   8.472559464722006E+006   6.271876157818476E+014   8.472559464722006E+006
  </DiscreteSampler_grid>
