 -0.00188647335498395  0.00994032110789174  0.01875672200156406  0.02869104149793265
  0.03777874519408408  0.04713519205077984  0.05634165589692829  0.06589041645939903
  0.07582089189477226  0.08619004562889389  0.09707706773787268  0.10816646109778714
  0.11994225726100755  0.13198245293480099  0.14411170958517897  0.15599388336746264
  0.16829438687035397  0.18071521700083978  0.19262410852865766  0.20423012658681014
  0.21593061500424657  0.22772561879519665  0.23977040502267061  0.25187026940525131
  0.26354132543308734  0.27497747931706740  0.28458668403443704  0.29605295880853560
  0.30687416471129869  0.31688232742947153  0.32609378342453432  0.33571392373676817
  0.34645491580847720  0.35661909102642619  0.36637963802519086  0.37642565708817882
  0.38724838322504584  0.39871545094258787  0.40912328261901637  0.41986297048923288
  0.43082755962237851  0.44198428579614146  0.45257260341356254  0.46404037457900010
  0.47548966356732553  0.48534642637492814  0.49425459596965615  0.50387621717938502
  0.51544680549990807  0.52750885734331254  0.53945093920596399  0.55116993770700085
  0.56287111825710257  0.57483080684760801  0.58611979783903478  0.59555539265025614
  0.60463862976616167  0.61578674447505843  0.62793183571074385  0.63891644931559588
  0.64952657401973046  0.65999679462159511  0.67083325237087565  0.68093047974084109
  0.68993542951603504  0.69948913110336786  0.70951805138924284  0.72076907342893770
  0.73268134181644751  0.74457977442797518  0.75571511360569199  0.76699805304179047
  0.77812538067520931  0.78960055616868674  0.80100678372447087  0.81229409314017131
  0.82359225898186550  0.83483440145367549  0.84571227724715181  0.85627608688949330
  0.86594839188547501  0.87586503499780577  0.88599075106058678  0.89612053166183492
  0.90569836552488758  0.91446824343796607  0.92348012984691419  0.93313211264282803
  0.94256149694239877  0.95133141165657398  0.95939157588459245  0.96696637348212211
  0.97457232986584164  0.98312179032464408  0.99166433109015439  1.00000000000000000
  0.00457636724358741  0.00808894757372449  0.00977536684004147  0.01176602353172032
  0.01317855992275041  0.01425188279456053  0.01524618819120935  0.01625157439342878
  0.01724008968569676  0.01823214204876490  0.01922258237321740  0.02026327221621848
  0.02130661550948813  0.02232878750410173  0.02335680173264648  0.02442720698264155
  0.02554846693615288  0.02677948112191519  0.02809755469852623  0.02948745013168401
  0.03084588686341742  0.03205309911893987  0.03331361965810839  0.03475881266803751
  0.03634784009957037  0.03797871097725284  0.03958770700619725  0.04117811883159901
  0.04285161425562845  0.04463655012688673  0.04638827861525168  0.04816480385032099
  0.04981737888135245  0.05148492229799458  0.05319026833465255  0.05493872498957286
  0.05682215765824339  0.05884662557689332  0.06096336093661916  0.06315023123759875
  0.06560170888822650  0.06819000387966846  0.07068297007160453  0.07313161105267295
  0.07595848917883553  0.07893635994920158  0.08217921100432064  0.08591215440529933
  0.08988749252995611  0.09409329823027629  0.09865909346071344  0.10335443006719364
  0.10796343298569699  0.11288967123362761  0.11802835661645371  0.12346495088978313
  0.12919746961617282  0.13500560344471443  0.14161576661243802  0.14936705789684232
  0.15771434832360529  0.16559754424577250  0.17379283530111261  0.18248652489145714
  0.19305561066251958  0.20441266934499391  0.21563370350812824  0.22664178793862208
  0.23846521053825878  0.25128386435688260  0.26387751805495518  0.27610333812688242
  0.28859110892035550  0.30204827636913217  0.31689196516637341  0.33353744449280520
  0.35007912697678562  0.36687354205783096  0.38213339073642150  0.39795123426824730
  0.41604874577064965  0.43618901977078794  0.45918775885507662  0.48424401249294335
  0.50881215081063891  0.53311659384817034  0.55897377866664266  0.58737318711161912
  0.61921432147307043  0.65182852067704300  0.68641595081125772  0.72190231165232566
  0.76515744837325705  0.82157965931135601  0.89703280020690168  1.00000000000000000
 -0.00000088677679301  0.00016522435355532  0.00037662681071293  0.00056926723085540
  0.00076142542625359  0.00098843591028648  0.00122061701825098  0.00142825497023988
  0.00163309105786001  0.00185487897373460  0.00209820309558141  0.00236103589823281
  0.00262978161496750  0.00289523141579741  0.00316250805774116  0.00343194694774381
  0.00369980124162157  0.00398348269615821  0.00429757062661477  0.00464589242870114
  0.00500851885127183  0.00537155809856722  0.00574541178017526  0.00610966780804218
  0.00651516285254190  0.00690226053180347  0.00731957304395948  0.00776663865543122
  0.00819190067964845  0.00860075958890863  0.00901280598900983  0.00943522169198150
  0.00987091184150138  0.01032581719620168  0.01080276067719432  0.01130825652600916
  0.01184284806648193  0.01246121319489650  0.01307705996360719  0.01363237769178837
  0.01416501448902024  0.01472972608565691  0.01535173099182136  0.01600663034951476
  0.01666608463025728  0.01733974154576974  0.01806801120422497  0.01885919632425370
  0.01966612904506417  0.02053251717771668  0.02148564130507876  0.02245025807161558
  0.02343864147910908  0.02451658148492231  0.02580126646114330  0.02724381356396716
  0.02862506391860731  0.02995090108114684  0.03141071756909681  0.03285847381681272
  0.03426908805814869  0.03601954761994328  0.03784236326099349  0.03969797365119370
  0.04171809154962116  0.04413281834671515  0.04673521095621355  0.04933586343389711
  0.05218072479007993  0.05512302948852715  0.05812308236383264  0.06143808063632399
  0.06502919193575131  0.06879447874118202  0.07292098409102277  0.07729177978054540
  0.08158177197507137  0.08612826834281111  0.09114862477407658  0.09631324198602942
  0.10202172196826623  0.10874072683178290  0.11640467806790518  0.12572473830165026
  0.13684644820528580  0.14951669545540019  0.16271119548266511  0.17689319547018675
  0.19337579135316027  0.21650125644078028  0.24877541920157334  0.29034948756863499
  0.34742456662921817  0.43695257955668182  0.63016907169905700  1.00000000000000000
 -0.00143309007782120  0.00509676566485807  0.01164080750890391  0.01862125602759372
  0.02667738186869232  0.03511835190132970  0.04349596661120156  0.05231573463300409
  0.06122094453389534  0.06964743726866149  0.07784554251500639  0.08644281359537406
  0.09560142254506962  0.10495924700138649  0.11443971608243532  0.12370037654765172
  0.13299806127290079  0.14221937345825994  0.15144415217433385  0.16039777824259194
  0.16904439757857098  0.17798059115666781  0.18796891030243151  0.19931487519641411
  0.21017872249715619  0.22169273223871805  0.23318860060060753  0.24429267930048632
  0.25508585145743229  0.26576371203655486  0.27552056655127410  0.28450206970157588
  0.29371220019333349  0.30403372988635813  0.31502522180720571  0.32505831546447472
  0.33449414067790140  0.34415793099199821  0.35469700375362745  0.36497063339603891
  0.37475311440356313  0.38517324983669665  0.39596296296166483  0.40770309268525606
  0.41911400823536488  0.42938153989569505  0.43952386764924462  0.44979925847402485
  0.46105277342673912  0.47233416985269416  0.48440194357991989  0.49491925003810522
  0.50507287556867009  0.51461185116844688  0.52485576277025847  0.53551106240216839
  0.54635043191979638  0.55837048373488352  0.57132066954027727  0.58395341946410673
  0.59563347670733402  0.60678367774632058  0.61755896232675633  0.62809803836243416
  0.63925734781545074  0.65115068215131688  0.66345922650262990  0.67578744389981404
  0.68835384008562539  0.70096498881592251  0.71334374496332498  0.72486417321048768
  0.73702685356195385  0.74943763682699760  0.76118154608662436  0.77265820969070298
  0.78319993452112291  0.79341404732406984  0.80372702125263207  0.81482171404431580
  0.82710418674431541  0.83908017726041273  0.85033241816177618  0.86135315313790994
  0.87236239233607171  0.88378351712761805  0.89604424355354462  0.90836589044366323
  0.92045214308931300  0.93227038527660289  0.94449407971248356  0.95631219589364069
  0.96719906222673468  0.97810971730430174  0.98889603399205683  1.00000000000000000
 -0.00271021293691707  0.01097669066567055  0.02226470068323677  0.03450309153666498
  0.04711585759076749  0.05977469886428105  0.07180542104442422  0.08339808797691704
  0.09543440390137600  0.10733903246471711  0.11884906850547258  0.12974624262646139
  0.14068666563636745  0.15204922317299502  0.16298323701195708  0.17405409941299846
  0.18538105414495543  0.19728444738782203  0.20834741633452464  0.21845171691153720
  0.22887270511316354  0.23905557607570491  0.24821349839209952  0.25650941611353634
  0.26489413023935826  0.27362175285157958  0.28305359021285964  0.29257607084589554
  0.30243787069030070  0.31297733605100003  0.32485781558547261  0.33721963280657763
  0.34858181083264927  0.35946262415766261  0.36988414078947374  0.38007323552157374
  0.38989918511212085  0.39880847775780165  0.40736195571915496  0.41603568093637588
  0.42539595009349002  0.43472783441949592  0.44418185631597290  0.45389216318423803
  0.46294905095720423  0.47336638554111643  0.48184366268607393  0.49142107171574290
  0.50062653265467250  0.50939458744041366  0.51903842420272173  0.52813063458822984
  0.53853664169098658  0.54959192146388902  0.56082784276579978  0.57208269767984321
  0.58372934187131109  0.59651352698219906  0.60921998206443817  0.62076138503440492
  0.63095598910361084  0.64034630878125609  0.64946228797120797  0.65921129917330235
  0.66991139808380074  0.67985676535425343  0.68895767739832503  0.69787452726693944
  0.70697455911186369  0.71750826437309756  0.72835610059629874  0.73982585056042449
  0.75083027190416274  0.76206480939924959  0.77342963828997890  0.78546338791906711
  0.79663424331206201  0.80722380832732976  0.81752183200849526  0.82729961157904863
  0.83709977778083000  0.84688280973312302  0.85862374756646032  0.87150381085725459
  0.88319075208923559  0.89383567121890750  0.90512395981764149  0.91614742833741825
  0.92658319291395408  0.93744318660644843  0.94786618330194061  0.95896969958804779
  0.96936506409348844  0.98019960905011072  0.99022619010221813  1.00000000000000000
 -0.00142968233260143  0.00511267732136497  0.01142180196573358  0.01765693727595324
  0.02423856865522819  0.03107233708584421  0.03785048077508316  0.04464342163626476
  0.05155996095241628  0.05869482401527926  0.06599945212458298  0.07344659106670626
  0.08085817116203536  0.08799597281032240  0.09496249576158723  0.10229961338067442
  0.11084439233646946  0.12028944129751501  0.13027685707110345  0.14079035696066738
  0.15147835869649467  0.16191275474187608  0.17243051239092011  0.18311382528112619
  0.19387301833573928  0.20457386510112666  0.21574975364041485  0.22697365152938120
  0.23911749633772980  0.25075787544896000  0.26220733066493479  0.27372824590207040
  0.28551450821118696  0.29860808356749546  0.31161688515733127  0.32432039571293492
  0.33768650071086104  0.35124050825415776  0.36565448787968380  0.37941255738788904
  0.39138034016002510  0.40252861687836905  0.41437240147527232  0.42728838993542967
  0.44075245950813613  0.45523146432849365  0.47024870078425313  0.48508820105122402
  0.49927861643011828  0.51286731468678970  0.52787645258887583  0.54293720236031495
  0.55913583841467429  0.57350808304142475  0.58820133784585493  0.60337628973748503
  0.61833606397231089  0.63385708160540144  0.64883551507500337  0.66327130345881447
  0.67753409512107177  0.69186549956510734  0.70665632239662857  0.72183728075106590
  0.73808511070844152  0.75403326878785748  0.76873405838469011  0.78284728159755934
  0.79640596187498924  0.80963274528455276  0.82219372505429233  0.83497665998252879
  0.84710979534015951  0.85938333346946849  0.87141372654535387  0.88283750728426558
  0.89317201821166226  0.90294416471440841  0.91152583356792749  0.91918475484397943
  0.92654573536929030  0.93403098700501441  0.94154552918357770  0.94879024915450250
  0.95531717791869653  0.96056201752622494  0.96437752609883176  0.96803384462362752
  0.97186334541254604  0.97598802319100431  0.98055946799082239  0.98519363801454896
  0.98943484836888773  0.99315779839846985  0.99649252357749429  1.00000000000000000
 -0.00226692014823220  0.00860080858841046  0.01949781032031264  0.03107043635790830
  0.04245429850445975  0.05321787616887453  0.06339371321565825  0.07363370527632951
  0.08353957676931939  0.09375364415734050  0.10354364707783437  0.11308706688302855
  0.12172507473575093  0.13068202296537110  0.14078066293548971  0.15310012539724377
  0.16617252577622943  0.17815306300119937  0.18936632817390589  0.20007250395845269
  0.21065681645207474  0.22146777334930329  0.23120811574083361  0.24006614790697040
  0.24897931051664571  0.25929704785382968  0.26993252940366014  0.28014425895044581
  0.29003065847038689  0.29928948171212744  0.30834189821471591  0.31745436735293825
  0.32720307726597120  0.33801779876777205  0.34965225658462062  0.36101867689766509
  0.37159879690903369  0.38242983591642415  0.39334948042172607  0.40407747456261423
  0.41418037409302855  0.42428030502100500  0.43424561383672994  0.44421610064067746
  0.45439248253552694  0.46506493854346137  0.47591214188960507  0.48731741164969572
  0.49855457732157632  0.50906526643199823  0.51898353373308526  0.52871248321515762
  0.53935408304733490  0.55058340614759227  0.56166053923664683  0.57211844562082603
  0.58207336801786091  0.59250205494865860  0.60285074895792135  0.61294545736039097
  0.62277433159301121  0.63248122409629026  0.64196528862391200  0.65065766795273927
  0.65905552778250232  0.66760393936095141  0.67734323113917239  0.68823568651052092
  0.69970029627347774  0.71119857122242924  0.72281551606005312  0.73497578760614835
  0.74741101885611716  0.75948587253395261  0.77123298523092076  0.78248083076150488
  0.79295243991976361  0.80287331520100946  0.81288029916964843  0.82409094251984449
  0.83533212125786527  0.84627625417809671  0.85685038300355854  0.86801627148369376
  0.87990969564243082  0.89220109761985955  0.90482159138892426  0.91718070256289941
  0.92838137136672150  0.93925025134643236  0.95014837922331752  0.96080008728332811
  0.97053388133550034  0.98001647002836967  0.98977386290213298  1.00000000000000000
 -0.00382768974571337  0.01393309255314585  0.02710524026268930  0.03965814263974948
  0.05102003553121819  0.06136828728345917  0.07136507973102552  0.08167662240075999
  0.09261934437274869  0.10319418539040498  0.11329634635853907  0.12321523857868838
  0.13341833560534211  0.14465793616644021  0.15589413956662310  0.16583295089247516
  0.17586445389667074  0.18579217371962994  0.19641648451854615  0.20681151205324974
  0.21714449553851772  0.22754649434024282  0.23784762711325003  0.24683369241975886
  0.25545093333223151  0.26399794544563221  0.27340783207344660  0.28408059663475171
  0.29447613232214248  0.30500424629613193  0.31550829757747262  0.32680789354207174
  0.33972958865374697  0.35323166130169587  0.36470103313725355  0.37506004266755011
  0.38493825189841357  0.39529385151549423  0.40530995574789075  0.41580935576773392
  0.42615186852413722  0.43559514370280333  0.44455170442684760  0.45344562203624594
  0.46326228010088411  0.47303155354802801  0.48279771352620610  0.49199151936751057
  0.50068893117388769  0.50986460148489487  0.51938062371888638  0.52943460800844733
  0.54014686412914092  0.55098919617685993  0.56161659601427416  0.57141572789144612
  0.58105401225348530  0.59053483226093206  0.60026166503360434  0.61049926855374304
  0.62173744299595957  0.63308288035507587  0.64368150308635541  0.65497235097324069
  0.66489016766199516  0.67469725473175723  0.68510501325824091  0.69723617684176675
  0.70970637721297825  0.71996583141811499  0.72904787291119111  0.73794118039284384
  0.74675064148039716  0.75553064326256636  0.76449549351464097  0.77407556907185249
  0.78459858246617264  0.79545886944367861  0.80645611248249027  0.81822775526768998
  0.83033493485707055  0.84267398322399223  0.85482381850310596  0.86762729783762216
  0.87974774034645542  0.89109286777782126  0.90245420647912045  0.91409054265599232
  0.92468366558584358  0.93495371895686863  0.94531714774868392  0.95664424323583841
  0.96723068721293637  0.97771922952917545  0.98914010828230237  1.00000000000000000
  1.11438296496326978E-009  -1.0000000000000000     
 T T T T F F F F F F F F T T T T F F F F F F F F T T T T F F F F F F F F T T T T F F F F F F F F T T T T F F F F F F F F T T T T F F F F F F F F F F F F F F F F F F F F F F F F F F F F F F F F F F F F F F F F F F F F F F F F F F F F F F F F F F F F F F F F
  <DiscreteSampler_grid>
  grouped_processes
  1 # 1 for a reference and 2 for a running grid.
  10 # Attribute 'min_bin_probing_points' of the grid.
  1 # Attribute 'grid_mode' of the grid. 1=='default',2=='initialization'
  0.0000000000000000 # Attribute 'small_contrib_threshold' of the grid.
  0.5000000000000000 # Attribute 'damping_power' of the grid.
 # binID   n_entries weight   weight_sqr   abs_weight
    10   10   8.900651037383263E-001   5.626511674875781E+000   8.900651037383263E-001
  </DiscreteSampler_grid>
