 -0.00328368178495561  0.01569726640168463  0.02849064566701335  0.04029768221338841
  0.05102220886873028  0.06279072581479971  0.07413305117838219  0.08606063331736068
  0.09719644804025783  0.10821790514344648  0.11900832421728993  0.12999701248885914
  0.14122622717831415  0.15273465342785617  0.16431381837501294  0.17595157826201913
  0.18667468028631459  0.19662186540186516  0.20646627171684998  0.21692214419728489
  0.22798774236034602  0.23914486426511755  0.25043190411396371  0.26220738108818203
  0.27378345702137385  0.28457303056178740  0.29512778995868111  0.30539243774964275
  0.31555913592774598  0.32545798416995819  0.33530240509836479  0.34551968302796598
  0.35616529411438835  0.36703806405468253  0.37800544213795478  0.38894245204699779
  0.39965628045706830  0.41030917230019498  0.42120033807041757  0.43237821586665376
  0.44353983654895945  0.45420666317276470  0.46427457297453317  0.47413306732978105
  0.48426691104061231  0.49479078831713585  0.50555273650265498  0.51630868549119990
  0.52706001897545041  0.53751872390416944  0.54747030612329928  0.55710444544781612
  0.56673438809141896  0.57664392296222333  0.58699234282975032  0.59749319463298145
  0.60803661423475974  0.61840965583471452  0.62898788982337384  0.63953791986560771
  0.65025937407689949  0.66114178724876682  0.67177604016589609  0.68212369707687481
  0.69195777478507281  0.70166561787177539  0.71137922599939385  0.72142873285185116
  0.73233698925292290  0.74326597688366924  0.75408778116250585  0.76481690517557854
  0.77517118941908492  0.78500039236612207  0.79478271798742295  0.80464728349890535
  0.81493386400293877  0.82514789853287374  0.83549557267734509  0.84603929206410111
  0.85651517107990727  0.86695699608206023  0.87728884456277112  0.88705119552029943
  0.89674563924114070  0.90645748098975010  0.91659443059366341  0.92683554967432136
  0.93692183308165089  0.94666043263479138  0.95626332282672444  0.96603719236727670
  0.97569056936992660  0.98454095455839363  0.99255546489090263  1.00000000000000000
 -0.00344476836862974  0.01393678611298494  0.02690326665447940  0.03861494479852590
  0.04951477029899124  0.06025792771566683  0.07080188632469994  0.08147710385031655
  0.09208353931025977  0.10223256173501542  0.11174682446050534  0.12090751149759711
  0.13026383588556312  0.13979745422215453  0.14962149496341665  0.15978310266089066
  0.17014228152252142  0.18066892641349153  0.19127193803300710  0.20146499025469994
  0.21098577223949819  0.22016460949139863  0.22930242675870047  0.23850101254309206
  0.24766793925538261  0.25689809514812140  0.26626762280068650  0.27559991382639326
  0.28473007294685626  0.29411682399713873  0.30397247258769244  0.31399923334522079
  0.32396445752153452  0.33380312558305630  0.34357775775452254  0.35332105206948083
  0.36319558078200753  0.37329195734399706  0.38356329228509267  0.39396775550904573
  0.40437957930846391  0.41494640634362145  0.42568804422112005  0.43633772949166355
  0.44666043754124840  0.45698729718621489  0.46771191365511428  0.47835963603471909
  0.48873494724683531  0.49925310857917404  0.51035680540394934  0.52151073542714410
  0.53209908544660389  0.54262158169134156  0.55325000129614355  0.56283788281699021
  0.57250571586880838  0.58230418953097163  0.59216834718209910  0.60145871318837707
  0.61079727516941462  0.62041542284713924  0.63004107299706613  0.63957508345424796
  0.64872837249621185  0.65835514149925500  0.66803663511622979  0.67803681189161469
  0.68818142300263063  0.69844267623112699  0.70908088037280914  0.71995792676342341
  0.73073732471269870  0.74118273698612525  0.75119262073270532  0.76133598351167664
  0.77175091747591085  0.78296648798675461  0.79445282536845496  0.80564416287817364
  0.81684668035521368  0.82795930624186409  0.83900056292787017  0.85013471768591686
  0.86191859015179439  0.87400949593337018  0.88618957796991094  0.89840130507110416
  0.91077810381590241  0.92369775870461546  0.93663748832747173  0.95010753356270772
  0.96263619608369388  0.97535701458946511  0.98743283131810355  1.00000000000000000
  0.00161833599435065  0.00331020619729912  0.00402607051007023  0.00453559067431952
  0.00512522725346218  0.00571319351164866  0.00630571374891677  0.00692377513253228
  0.00754585620868831  0.00818463813732622  0.00885588957551593  0.00957207862902659
  0.01032006253173948  0.01111550954876328  0.01194246442077929  0.01283251518523189
  0.01376490143990281  0.01477268022327755  0.01581876968090977  0.01687388413827228
  0.01801214346061045  0.01919580261107084  0.02047995811199336  0.02182804720087314
  0.02329492572099437  0.02481708010440400  0.02642630668969064  0.02809188328536770
  0.02996705252562004  0.03191822528203463  0.03410568076941085  0.03640886410913037
  0.03899450049140091  0.04170486767669354  0.04462422549827411  0.04781847781599534
  0.05123296242364981  0.05484480938398990  0.05844663455829753  0.06225150800249672
  0.06634709967743845  0.07109719082541292  0.07616112003881462  0.08153757283040218
  0.08714925990635636  0.09321030889577754  0.09982299832941124  0.10702360318387293
  0.11477938749774304  0.12306762523386897  0.13172888899442722  0.14097123619408758
  0.15093186780339346  0.16163620508595478  0.17280936388806922  0.18476898013917700
  0.19787362742961861  0.21228148999432947  0.22759034457657440  0.24370983963902906
  0.26064730470363345  0.27875847735227666  0.29819481943115250  0.31893518954257349
  0.34107685025751677  0.36452186352718363  0.38934529041209287  0.41495067900516813
  0.44135687233404514  0.46775656324935178  0.49387186629198521  0.52009924017732212
  0.54640383835398088  0.57253837554534104  0.59791359579821368  0.62303311967945396
  0.64777285734758039  0.67042553552362649  0.69090358400426588  0.71004635801802141
  0.72831603513981213  0.74557165648330614  0.76190829608184840  0.77759368773588844
  0.79204418074457794  0.80553914215038647  0.81860165697926834  0.82945326973231681
  0.83791663409794470  0.84619387055718620  0.85576905779969137  0.86536531360006019
  0.87489783826947076  0.88232210422852475  0.88885918742078318  1.00000000000000000
 -0.00199399988215805  0.00766815788031737  0.01621597997119209  0.02457636992685189
  0.03324286446751677  0.04209022798905375  0.05108708136798637  0.06007513601037179
  0.06901837536102157  0.07805237136382233  0.08741619687411943  0.09732156834581332
  0.10756486391755306  0.11781165514884261  0.12791590642121775  0.13780498423589704
  0.14756830312938829  0.15727413324269693  0.16743375025199814  0.17728886999070051
  0.18699230447461579  0.19644620591099982  0.20585839495645417  0.21506727928420585
  0.22454204175866599  0.23376102775520510  0.24331462552468003  0.25258241490831673
  0.26122442744477364  0.26967389341165859  0.27858232177947329  0.28850247000252438
  0.29903236447275616  0.30943905246086395  0.32007603227640941  0.33101981720008211
  0.34122887799361762  0.35055073911051232  0.36046417752471427  0.37090827950037997
  0.38295915343324027  0.39487583697418349  0.40659658922695979  0.41819067893269846
  0.42969869854040554  0.44130804617973718  0.45286096767290412  0.46413502199482343
  0.47477943391822663  0.48501118509330982  0.49501393167160385  0.50522534878812608
  0.51547808064382361  0.52582478268125954  0.53637712020117378  0.54758786070428200
  0.55936375050748965  0.57158868785864347  0.58390863843329521  0.59619935724426498
  0.60768834485492862  0.61854451880944072  0.62921602390286713  0.63978265831498549
  0.65125565657408235  0.66280197145619724  0.67437340194667605  0.68574763310920683
  0.69747117062934194  0.70852187831524149  0.71931792553082807  0.72992484055194529
  0.74108969123682544  0.75313483374073131  0.76497660196515682  0.77656722868755457
  0.78805152749145135  0.79940268943190440  0.81053909184179662  0.82133890945315413
  0.83217745828048251  0.84313080704011667  0.85483677165737326  0.86548637406047402
  0.87602209635496897  0.88634868586621818  0.89754916551632280  0.90918575998615525
  0.92081879260635491  0.93275325010729637  0.94428161834597835  0.95564964162728672
  0.96677059317526659  0.97836912656542574  0.98938867218021675  1.00000000000000000
 -0.00286449444004600  0.01081607267087771  0.02196286479978410  0.03362502163252438
  0.04449099090480817  0.05479143675496756  0.06489726538688231  0.07476348963424564
  0.08395865292360566  0.09307259424036232  0.10234906141085576  0.11347681607243058
  0.12529627742787611  0.13648117992721015  0.14717035328427533  0.15693416964929788
  0.16666230353711434  0.17678923343097869  0.18699824065551404  0.19791922412765101
  0.20883211942790972  0.22035691977675956  0.23174959883882995  0.24261993850380714
  0.25331512209523593  0.26393357539472839  0.27436340712772428  0.28488358112847251
  0.29543759369992112  0.30626734558329721  0.31699796458878560  0.32800697992789263
  0.33922396763727458  0.35052141337161175  0.36183857147539572  0.37303582529785262
  0.38416941126192872  0.39465058047313534  0.40439750587053458  0.41376863434075117
  0.42320274413643905  0.43338489442850914  0.44420765800243545  0.45504478146536370
  0.46511829523362030  0.47494699479195251  0.48488147619617100  0.49501461881836079
  0.50514057856959960  0.51499089624361860  0.52472845018657510  0.53473540204194969
  0.54486315541503560  0.55532236380503719  0.56583285276035966  0.57659906959934826
  0.58728286459843870  0.59774728181652736  0.60833317974182577  0.61953622401656139
  0.63107600611704384  0.64248537112681514  0.65354173253631287  0.66442585452951963
  0.67529654075884316  0.68588452461090688  0.69634550156895370  0.70753143509296923
  0.71953626299143914  0.73083337476633359  0.74133746424866942  0.75168690683117101
  0.76276772161507600  0.77401916598659548  0.78516376631488605  0.79616127494696598
  0.80670247757982838  0.81714701410344803  0.82780859269402174  0.83866200959553727
  0.84965352498474545  0.86066183675680941  0.87176774840915450  0.88281242855607123
  0.89381177105856369  0.90482085642069088  0.91509550855668698  0.92444075250372804
  0.93339438220330362  0.94211476514488601  0.95192577550632407  0.96182625623144857
  0.97196460843155907  0.98117758856378579  0.99080648184329290  1.00000000000000000
 -0.00201622189640690  0.00854972981125269  0.01835767173828290  0.02866039912666235
  0.03907472038906479  0.04859894684847575  0.05834942443044822  0.06824819570321265
  0.07830688257868615  0.08778774218799509  0.09723236368575233  0.10679401300975833
  0.11668581520546739  0.12635756224698635  0.13617064636469173  0.14630698136684975
  0.15707458043120734  0.16780153428150080  0.17815415317954097  0.18840089325778880
  0.19858412236899714  0.20872689566282143  0.21880813884716285  0.22901576640339513
  0.23957856560426732  0.25016370489096335  0.26037559848595471  0.27059538618052498
  0.28132178312236406  0.29267335644802894  0.30362332829635613  0.31397813708447120
  0.32407991427806382  0.33447921872611874  0.34479532429231186  0.35481597482835608
  0.36494297047728552  0.37570122636390224  0.38704239012302383  0.39833426297413133
  0.40940864826421092  0.42072369408025617  0.43217169514442694  0.44374128489825632
  0.45536983619836829  0.46706031218329080  0.47865250957463573  0.49009862625808798
  0.50137649887269942  0.51189383299874291  0.52252098380727530  0.53369595684602111
  0.54568169326951033  0.55816352493243304  0.56955228757129939  0.58047877917112700
  0.59089263814616177  0.60186103297793381  0.61373504235832332  0.62577523711687233
  0.63735232256208518  0.64888766917944951  0.66007677396620934  0.67123464589956083
  0.68231573379081989  0.69366537090000047  0.70541425929770774  0.71678156456206221
  0.72765381070372448  0.73772619787536786  0.74760989015110801  0.75773113516122370
  0.76797332667477824  0.77833198113543944  0.78863737596363126  0.79876241018784921
  0.80947880459553423  0.82029300211317324  0.83114314678557266  0.84152875354829226
  0.85089084149085581  0.86045417163967730  0.87031939446572082  0.88089840547265286
  0.89187928996552701  0.90264154894466264  0.91310528860496532  0.92332795720391825
  0.93339145689932457  0.94326833971057400  0.95271464937317762  0.96212555076304396
  0.97110740595660050  0.98053440648776724  0.98996382303367891  1.00000000000000000
 -0.00205025946803719  0.01029307547429756  0.02102687565101925  0.03169199130291825
  0.04239796650052562  0.05289282671598916  0.06384079045256540  0.07503175643167417
  0.08611817156102421  0.09708376091734537  0.10794231421193323  0.11890334168728417
  0.12980773589220493  0.14055848291654879  0.15108799148878629  0.16132048819066311
  0.17107291699216717  0.18069043714439170  0.19040512818478017  0.20083457885274247
  0.21184904936364873  0.22287467804603009  0.23368243235211983  0.24432612887238614
  0.25539482718233980  0.26690280232746005  0.27830970638860780  0.28928081033116321
  0.29978028896488962  0.31017238508317480  0.32047187278920414  0.33040591011594389
  0.34018916278914840  0.35031350104651154  0.36090461591003620  0.37162298845421510
  0.38229713137013432  0.39285836999511975  0.40325245383157371  0.41345133888039493
  0.42351070725875600  0.43337964521157479  0.44357094530998081  0.45275342445737549
  0.46125745284242453  0.46989879013314945  0.47869752454940995  0.48994971001504956
  0.50128913905736305  0.51206430742518971  0.52287990392977113  0.53384677023583438
  0.54499953528784140  0.55645498837387364  0.56756140160312429  0.57858227191567380
  0.58968285185713232  0.60054311388629256  0.61138863310005698  0.62187236056539941
  0.63254289343414793  0.64356734609222987  0.65479080155154956  0.66618342672009501
  0.67685573762505646  0.68718876746163493  0.69767006344365956  0.70851353237591375
  0.71926904952352344  0.72998655178354888  0.74073327605711847  0.75174886633165416
  0.76241236287582159  0.77225901975233746  0.78166199218718024  0.79106975503483257
  0.80127679854484768  0.81183516853706006  0.82196071816797223  0.83196765009634321
  0.84157697735297965  0.85167461548982137  0.86235742462065301  0.87281660825051999
  0.88247308125837653  0.89218900398968659  0.90218407938506873  0.91284518843069085
  0.92352143716854918  0.93435676023928238  0.94510757452656602  0.95608609860540050
  0.96729066853792123  0.97862682256170996  0.98936997866464149  1.00000000000000000
 -0.00266242093683153  0.01035759262704791  0.02092928674413460  0.03107648032079061
  0.04116783686517918  0.05111430735030327  0.06138105698467419  0.07197634386832272
  0.08263811037442657  0.09280149736800423  0.10313970471332244  0.11373329337997691
  0.12469897436280400  0.13543634366499860  0.14588170480284099  0.15656190730861846
  0.16753383199395946  0.17780248619468977  0.18753265131107710  0.19730442404146764
  0.20767923169870495  0.21830278801619138  0.22878110227267287  0.23904761952511730
  0.24947397627835602  0.26002984690617015  0.27055418017627403  0.28147262182264149
  0.29244574835593207  0.30327478564652527  0.31392917930980391  0.32440715353891741
  0.33474119270388508  0.34484324445042014  0.35496312535843305  0.36542176618109196
  0.37628196857427038  0.38765235213879862  0.39912746236300251  0.40998283247975875
  0.42034367045750975  0.43064875049748930  0.44140836153314233  0.45230579874859800
  0.46316499164777869  0.47387710888141332  0.48460892249339022  0.49540322033534212
  0.50609332765198323  0.51655568298003141  0.52709664222201358  0.53771665523704726
  0.54810959259604131  0.55823088244375851  0.56811059946156717  0.57810298474143906
  0.58807688011733106  0.59816778222863121  0.60852328991746651  0.61917210203198991
  0.62973770227686288  0.63982410420765834  0.65023597073077133  0.66106520790664325
  0.67167006936934692  0.68196807461033104  0.69285891305842751  0.70390142443808568
  0.71515767574764222  0.72632874023414695  0.73793253288498462  0.74912943702009160
  0.75993541158617162  0.77073110473144790  0.78168298374625655  0.79291149865127275
  0.80343431665983989  0.81315847037173250  0.82302949473467957  0.83245104308642515
  0.84242574994247099  0.85276116687750425  0.86390561882742067  0.87542804430996490
  0.88634242894976056  0.89696175968876224  0.90775735319225481  0.91817571009759669
  0.92875773855311039  0.93936119289733855  0.94997713711874798  0.95985439923428795
  0.96951046751379688  0.97884443073606675  0.98934419417679986  1.00000000000000000
  1.60953482433540295E-008  -1.0000000000000000     
 T T T T F F F F F F F F T T T T F F F F F F F F T T T T F F F F F F F F T T T T F F F F F F F F T T T T F F F F F F F F T T T T F F F F F F F F F F F F F F F F F F F F F F F F F F F F F F F F F F F F F F F F F F F F F F F F F F F F F F F F F F F F F F F F
  <DiscreteSampler_grid>
  grouped_processes
  1 # 1 for a reference and 2 for a running grid.
  10 # Attribute 'min_bin_probing_points' of the grid.
  1 # Attribute 'grid_mode' of the grid. 1=='default',2=='initialization'
  0.0000000000000000 # Attribute 'small_contrib_threshold' of the grid.
  0.5000000000000000 # Attribute 'damping_power' of the grid.
 # binID   n_entries weight   weight_sqr   abs_weight
    10   10   1.421781549418803E+002   6.158344165170936E+004   1.421781549418803E+002
  </DiscreteSampler_grid>
