  0.00104481534002503  0.01412602561080974  0.03235274482492548  0.05407720522354062
  0.07736798214056707  0.10201743096995676  0.12521254482310112  0.15013474154271411
  0.17233834876929452  0.19126577316077467  0.21271674742181687  0.23203417513747007
  0.24846224627525235  0.26486921804852354  0.28306973781988737  0.30127750234491291
  0.31985220568431877  0.33804311866653669  0.35475939239725529  0.36982955993403654
  0.38364875563326861  0.39683246154533014  0.41017838758396225  0.42354554884972057
  0.43617276667074484  0.44896054473198077  0.46043155940969882  0.47082146056178509
  0.48113401447566773  0.49077508709115442  0.49899466684011734  0.50684779334418872
  0.51487837308627993  0.52333622086002340  0.53229125763435770  0.54172429556364743
  0.55075037548723738  0.55922090913790501  0.56717453199938028  0.57462583177577631
  0.58165132461054703  0.58818193440183653  0.59381094104379484  0.59905555066776761
  0.60447569540804869  0.60977191523667251  0.61549280771350079  0.62157293930734681
  0.62778263556515168  0.63400719364961433  0.63871095631431507  0.64334657593639366
  0.64778187641491891  0.65205571943796059  0.65629411098282675  0.66032673334039638
  0.66421488589724575  0.66793640744256588  0.67157658797656006  0.67519560341706419
  0.67898475196733887  0.68266614747079701  0.68625940631688664  0.68957546515406143
  0.69226918991515440  0.69485541002648321  0.69734624276111812  0.69978767589911917
  0.70221259956026139  0.70460512991014845  0.70708154889769015  0.70963503028030372
  0.71224239377711440  0.71487939037500814  0.71740165943845013  0.71980819358081261
  0.72211568934989112  0.72435037683410985  0.72660343596743748  0.72876565967771789
  0.73092712810357163  0.73314504541897951  0.73538657839395305  0.73741131295397844
  0.73910373609825941  0.74044255821844396  0.74156709007851862  0.74259059861956889
  0.74382949285147371  0.74510548189556047  0.74632680915819871  0.74750664396078059
  0.74875840911862535  0.74974730971417780  0.75001754509925744  1.00000000000000000
  0.00000869003433461  0.00002764808406673  0.00003496716170476  0.00003872856598305
  0.00004165107499425  0.00004628378675580  0.00005187400428641  0.00005849347304615
  0.00006616180994856  0.00007450667829522  0.00008462156281372  0.00009871942304034
  0.00011583468396060  0.00012808574671562  0.00013987823983811  0.00015202426514115
  0.00016488336415834  0.00017733834703114  0.00019645038927922  0.00021709844788845
  0.00023786521516907  0.00025840394460865  0.00028005325985137  0.00030686123449755
  0.00033455474147927  0.00036608698915135  0.00040188607483321  0.00044051333119213
  0.00047233308780525  0.00050139155818141  0.00053170644663714  0.00056385752215454
  0.00059851189299356  0.00063936324989639  0.00068089068436845  0.00072373029244507
  0.00076507508103846  0.00080727321563095  0.00085331140742104  0.00090743375012160
  0.00096550188379512  0.00101646795894400  0.00106529473165867  0.00112118662027798
  0.00118102707037878  0.00123934001391264  0.00130126863443094  0.00136875450633630
  0.00144362150904391  0.00153767130962921  0.00164585321569886  0.00176317842176087
  0.00188903305338326  0.00201086606854266  0.00212790307283436  0.00225606852339228
  0.00238336410859667  0.00251732212349664  0.00265022273434827  0.00278301386491440
  0.00291851481766993  0.00306478811493829  0.00327483143544433  0.00348448343344115
  0.00371080015866492  0.00395143151084026  0.00420713092508951  0.00449747323295948
  0.00480423932875370  0.00513899878233497  0.00549374846366441  0.00586348249139334
  0.00624455566381919  0.00663990517640025  0.00707242508743057  0.00755705310835893
  0.00807330520595288  0.00863851429109870  0.00930613874910833  0.01007048137916729
  0.01093568195059272  0.01192920041107193  0.01305666207571656  0.01435551927949959
  0.01599238478796951  0.01804845022360168  0.02048439641553702  0.02358362683879442
  0.02743045535556458  0.03227348993296168  0.03889518804960962  0.05012485643359349
  0.06808766649567763  0.10215468659995249  0.23855201563699119  1.00000000000000000
 -0.00002093196818304  0.00037207582798652  0.00081513615962732  0.00136084053851019
  0.00197418475107969  0.00259150484716043  0.00336303539373694  0.00422050507044513
  0.00528461878099003  0.00629792547746610  0.00728389884423978  0.00859031706819882
  0.00968567613984058  0.01075103235813731  0.01178793790341832  0.01295622252992254
  0.01451581389715201  0.01649451419828357  0.01880313008208100  0.02109652422531825
  0.02332779298758679  0.02542166337247549  0.02782573753878639  0.02982741856953635
  0.03174299407412079  0.03402367677893997  0.03636399856163707  0.03864546278203748
  0.04099713687160188  0.04340912851841025  0.04595080532244004  0.04876595464360439
  0.05200539409523094  0.05552098493077466  0.05944461313274638  0.06345151238721485
  0.06763015766844395  0.07193635194241291  0.07623949723441403  0.08065626117255238
  0.08525612009279238  0.09011046259356990  0.09553933524559317  0.10106592196584739
  0.10682286685427569  0.11306483831052910  0.11908516736816706  0.12484754830692005
  0.13063860964503077  0.13697979049228381  0.14445015460444668  0.15231708204149599
  0.15990269492503867  0.16663003923266576  0.17400485698837750  0.18138906110113415
  0.18871061402351910  0.19609555251377786  0.20374403061349555  0.21175171339851784
  0.22048277440371067  0.22972714217262702  0.23782129986386152  0.24525797340440100
  0.25250082896549902  0.26001749590831597  0.26762058012771844  0.27496568662289717
  0.28251306867932685  0.29038373491427094  0.29845181997660558  0.30640806234949386
  0.31608794131627910  0.32671784704646661  0.33794168793326590  0.34959721428118518
  0.36292462228855571  0.37662360043390408  0.39044096791404803  0.40415786868467091
  0.41759759675562858  0.43216016147070696  0.44848594026225447  0.46719610622050134
  0.48654512421437807  0.50645253966733572  0.53928616025798570  0.57636595112677258
  0.61656186164095061  0.65792351303383534  0.69593820677609131  0.74335641486377901
  0.79568371838607999  0.87507854463119683  0.93728750123135562  1.00000000000000000
 -0.00125953080925910  0.00546335358873417  0.01132470742462119  0.01727356985264375
  0.02266541542520831  0.02753219646894182  0.03275007067903446  0.03815546948313361
  0.04427385912460251  0.05076755777982055  0.05726857870747196  0.06386747897950978
  0.07065107530506685  0.07782959590627550  0.08590455890161759  0.09579767165866668
  0.10581148607673557  0.11520101193761997  0.12381532833952819  0.13222450143570014
  0.14050158122366802  0.14983441833761091  0.16004384650077730  0.17136541561824659
  0.18332269183755254  0.19502754676674597  0.20650086765122611  0.21980104749520932
  0.23129009681148591  0.24092934292734916  0.25015679531747137  0.25964193154261322
  0.26893093052357397  0.27753962614568545  0.28525884624168113  0.29379549584074616
  0.30407160631217861  0.31533216100395833  0.32738237807143139  0.33972560288616244
  0.35277937924285685  0.36677939844586904  0.38203120432307253  0.39638965275505433
  0.41146831244778326  0.42753715707678785  0.44499492802559554  0.46664470001385056
  0.48799622802423664  0.50547133828700130  0.51949791904490472  0.53191084796366217
  0.54354165381455388  0.55516805147254122  0.56830847006967644  0.58249555389394725
  0.59892605356923567  0.61673760847880776  0.63921076951141265  0.65648838789632802
  0.67145238203960089  0.68430177517652124  0.69531218626867086  0.70455880852591646
  0.71506637898926562  0.72554595015567247  0.73552854938986090  0.74606230867951817
  0.75717857363742269  0.76832965884013249  0.77927243283402847  0.78962455494520800
  0.79986652266395508  0.81028088550442712  0.82147395763115794  0.83437136681093560
  0.84715181186026367  0.85882774715321619  0.86962478339191518  0.87923695850477757
  0.88868590179524187  0.89722115391722912  0.90537058179573682  0.91328117018709620
  0.92108168049369565  0.92863834095542974  0.93615080488942781  0.94375684146168248
  0.95113217834690145  0.95878029156577049  0.96658718343625805  0.97318749507100444
  0.97995351812940279  0.98696522061292313  0.99355463486113649  1.00000000000000000
 -0.00139002520947166  0.00630774497555952  0.01357382229736171  0.02167273469307643
  0.03084151610156060  0.04085117500585588  0.05383498756046537  0.06884663416348745
  0.08253242876119141  0.09415109815267374  0.10386571705381352  0.11280708400507189
  0.12152751578202717  0.12981238635579809  0.13820241617083201  0.14700552721342366
  0.15554158668003762  0.16295974619630837  0.16985773119263428  0.17700756096645442
  0.18538692241316895  0.19487969597639315  0.20434014392862329  0.21370270752189000
  0.22268670230969242  0.23116097340232117  0.23962629861557089  0.24905692171491156
  0.26084273845614697  0.27490006730177002  0.28697964575769447  0.29843177574674656
  0.30912926521035411  0.31911688400106542  0.32788081782823103  0.33631922139793852
  0.34484834816095256  0.35413166179340705  0.36447032764410348  0.37643929497540052
  0.38897850048012644  0.40260492846056722  0.41737541030171793  0.43072718074605754
  0.44286372621421732  0.45600751412401164  0.46835877333924697  0.48069372162186674
  0.49374391735846523  0.50786450646090364  0.52226083034948800  0.53514140921722375
  0.54662955482226105  0.55808083012521503  0.56975299762943643  0.58073150369360682
  0.59093230029018340  0.60102959308951287  0.61161404333101410  0.62247376805391941
  0.63354836121466473  0.64361899490016761  0.65458707153930207  0.66652228891326448
  0.67860970553392441  0.68882083446649900  0.69832380961472817  0.70840444413696024
  0.71891969227307162  0.72927828851342025  0.73914811037995831  0.74927310272528425
  0.76060438314410495  0.77228832206662146  0.78338915689555533  0.79360260404133254
  0.80305910433565020  0.81202374158488455  0.82097762221403892  0.83044633567723580
  0.84077439701475887  0.85144886619065074  0.86286134077656229  0.87491831856502500
  0.88718298694468933  0.89929748828133560  0.91127051998439701  0.92297721171151570
  0.93428078454103836  0.94640173789392523  0.95778956483260136  0.96797977132867541
  0.97694183574119187  0.98480046778416397  0.99225814618650954  1.00000000000000000
 -0.00181352916309053  0.00789402916237570  0.01518185636763016  0.02359661416845555
  0.03181624794982270  0.04022753973056492  0.05091922605201216  0.06249346385614910
  0.07483791821135682  0.08632546412094957  0.09741101198909143  0.10762905172040564
  0.11728219464126116  0.12745213581024578  0.13777442081902599  0.14968355239741446
  0.16093028822381955  0.17264826961010402  0.18623311201096862  0.20009180924683664
  0.21278396832997645  0.22470980593244272  0.23621567639994448  0.24733959755910218
  0.25546146924021707  0.26244904634864002  0.27011901549936584  0.27838047222446327
  0.28749209723511010  0.29616760193819580  0.30362024498409118  0.31002084273407982
  0.31618545024097272  0.32263695034467121  0.32906455083357938  0.33657216111174182
  0.34522580304315115  0.35511429471031447  0.36674527870067486  0.37852717596909002
  0.38915157679059637  0.39894659105240143  0.40883567025349171  0.41922261766375030
  0.43002597445541224  0.44063999667228043  0.45110372584440311  0.46217514541545263
  0.47300425533813206  0.48320563887571655  0.49379887873483985  0.50444188474816432
  0.51557427487350638  0.52682724306747419  0.53742068810520405  0.54850693773712966
  0.55959449509384640  0.57044285274283391  0.58036966354571018  0.59259923153640048
  0.60436936123761065  0.61479657114548292  0.62521366438452297  0.63650457671850713
  0.64885006659205802  0.66103121726258907  0.67231845588478545  0.68384854360115854
  0.69625329070827624  0.70878437952830120  0.72016433537452640  0.73149934141066320
  0.74476552333827262  0.75864554170555176  0.77276048187393298  0.78699392459895123
  0.80070448885717094  0.81424252364687799  0.82559498545347820  0.83562886189648677
  0.84528616208545937  0.85513555628264881  0.86494474858881576  0.87622135927259870
  0.88742743123463608  0.89808853440400427  0.90826902224421002  0.91787151564119629
  0.92725371583364025  0.93692575982816539  0.94716738961845237  0.95687393738218485
  0.96775784200897941  0.97815275132598123  0.98930809809134423  1.00000000000000000
 -0.00361135589884109  0.01160664548956568  0.02563938804996473  0.03957196153673860
  0.05386428010175467  0.06624914671958732  0.07755754530188910  0.08943941943336295
  0.10040171872888276  0.11101426885958940  0.12188470814113962  0.13715590190338223
  0.15356418450604295  0.16884596019153708  0.18089513643967473  0.19130513398126472
  0.20143794975230364  0.21213942247055359  0.22342469359354616  0.23475535299755282
  0.24561674436429226  0.25579327633568766  0.26577600249095457  0.27663675215737438
  0.28792851671394959  0.29988679344730695  0.31213068805111926  0.32391541197640511
  0.33431878364196521  0.34388034530295364  0.35381410815153680  0.36430243806249824
  0.37463684940582992  0.38484953062348948  0.39582659455773050  0.40785459124459711
  0.41946239365102911  0.42896471344212894  0.43849549197877491  0.44753453395616333
  0.45601884370703821  0.46404689324173670  0.47197436153354505  0.48069208612872344
  0.49020187091151546  0.50026551927947216  0.51100232603678730  0.52132170613977991
  0.53007533615063607  0.53764942820009831  0.54471855230866917  0.55162392834033325
  0.55962695669824081  0.56720081729962868  0.57505799678474911  0.58254355187099505
  0.59088746473955667  0.59871555337014570  0.60632633131832436  0.61444934002811857
  0.62320279920031629  0.63173869632987167  0.63986187053511567  0.64933463564639837
  0.66056188968103480  0.67132654509038792  0.68164554698782831  0.69227919675110805
  0.70245861120757536  0.71300984158326652  0.72374806627965338  0.73525065416287005
  0.74733724531136680  0.76059278511098483  0.77221992021966679  0.78273378951408668
  0.79262391822327083  0.80265646213657216  0.81247989422496036  0.82151801371548827
  0.83029096269378777  0.83873258986072163  0.84679277255149910  0.85506746482154883
  0.86381419226946543  0.87323213488775697  0.88271572525909248  0.89252520560756143
  0.90441975707915168  0.91843277751059038  0.93352974953303858  0.94930605233169862
  0.96330668936637665  0.97659926336297775  0.98903315165492955  1.00000000000000000
 -0.00239418068273025  0.00930192645843791  0.02027017634812334  0.03282626268862310
  0.04511245043157987  0.05606854204525301  0.06656398088330773  0.07732882524682433
  0.08741421480697628  0.09569112599646752  0.10389478947947635  0.11309187252807534
  0.12219552678265215  0.13083679739593426  0.13901454279770672  0.14674245442333986
  0.15867728451310426  0.16825872948255932  0.17870068813133305  0.18919437842257084
  0.20137737893785149  0.21066881491214345  0.21917282472900590  0.22854544971905458
  0.23906114296974879  0.24911004806605311  0.25845907135467983  0.26816712113430463
  0.27935048221046355  0.29152117077313938  0.30415976256076266  0.31771651556550701
  0.33251622866545338  0.34694099242945020  0.35977754264824929  0.37152602642459875
  0.38423906690663556  0.39748302125323892  0.40934740980416068  0.41978212703853657
  0.42965778957788064  0.44006924856724666  0.45087638205010133  0.46080015513290529
  0.46874830185122773  0.47661370424176086  0.48502850379561258  0.49437210064240683
  0.50330684826007877  0.51177319007601185  0.52114969574439041  0.53224077304558226
  0.54348201107603389  0.55306823321031695  0.56191940057068401  0.57089650183933160
  0.58087237157739968  0.59148388823861342  0.60128877144558612  0.61122941183185819
  0.62147480739275340  0.63194821988136640  0.64197351688383719  0.65259128197182059
  0.66523691975969956  0.67894310970510341  0.69059285302918560  0.69953731424913945
  0.70814651111408988  0.71607131738357677  0.72388053160056010  0.73175230873864294
  0.73918055920333237  0.74637534699425578  0.75593937211193607  0.76920046494615169
  0.78454631235699912  0.79826335402286774  0.80977327718093473  0.81980910609199786
  0.82987786590070733  0.84030021343579708  0.85136805201873622  0.86276252773399520
  0.87381530810874464  0.88485936006126664  0.89578220317325852  0.90617209235711405
  0.91703686686260066  0.92952950214635566  0.94339490901258727  0.95708035786454926
  0.96942984687958778  0.98030300211422061  0.99009731722975469  1.00000000000000000
  3.69675837818821036E-009  -1.0000000000000000     
 T T T T F F F F F F F F T T T T F F F F F F F F T T T T F F F F F F F F T T T T F F F F F F F F T T T T F F F F F F F F T T T T F F F F F F F F F F F F F F F F F F F F F F F F F F F F F F F F F F F F F F F F F F F F F F F F F F F F F F F F F F F F F F F F
  <DiscreteSampler_grid>
  grouped_processes
  1 # 1 for a reference and 2 for a running grid.
  10 # Attribute 'min_bin_probing_points' of the grid.
  1 # Attribute 'grid_mode' of the grid. 1=='default',2=='initialization'
  0.0000000000000000 # Attribute 'small_contrib_threshold' of the grid.
  0.5000000000000000 # Attribute 'damping_power' of the grid.
 # binID   n_entries weight   weight_sqr   abs_weight
    10   10   1.833798049287888E+002   3.024544278305401E+005   1.833798049287888E+002
  </DiscreteSampler_grid>
