 -0.00005732903389278  0.00295075172832364  0.00648977891942719  0.00944689063407675
  0.01235020801498036  0.01526767313635416  0.01810594498396139  0.02071828272226445
  0.02313169768040054  0.02533290893321562  0.02739973671847956  0.02933952729974669
  0.03112598854009679  0.03275121164724864  0.03426822778895473  0.03554950849878664
  0.03677469908236589  0.03795177733233003  0.03906868277045811  0.04012154407614751
  0.04113938371724914  0.04210855834950034  0.04305290179241984  0.04395141904742873
  0.04480877777836465  0.04564574835057447  0.04648707967674099  0.04746396312099568
  0.04901359227364740  0.07768972825638269  0.07968514250017830  0.08045358729867032
  0.08105666281730431  0.08163606466114372  0.08219716404690898  0.08271155899117459
  0.08323892376881765  0.08378434127835145  0.08438988569283226  0.08501412873924638
  0.08565974287229196  0.08632957579622971  0.08701690536272118  0.08773214330939083
  0.08847860240081125  0.08925818988479738  0.09007747953072370  0.09093821335498874
  0.09182805400427849  0.09274019130651355  0.09367239957951949  0.09465992744763281
  0.09568094760179707  0.09673769956997509  0.09781807070653584  0.09889041235798708
  0.10009340256648283  0.10144357924061471  0.10287124572019012  0.10434690500409276
  0.10584413523077520  0.10742762255989954  0.10902695167518224  0.11072855975899380
  0.11248770144691886  0.11431664117409314  0.11620083557484902  0.11832737752528451
  0.12077467127550170  0.12353618137586753  0.12663633270750291  0.12992329371146752
  0.13336130217200062  0.13694122048729546  0.14057561682534792  0.14472289499060068
  0.14914139752390224  0.15389896602800804  0.15896750335892115  0.16419547927488229
  0.16997783487794407  0.17701706092136868  0.18491737670433558  0.19329061727770983
  0.20245938098429206  0.21343307206542037  0.22592655669623235  0.23934621245221496
  0.25572009181824412  0.27415464885051971  0.29567098343797676  0.32140072984287638
  0.35346744907502053  0.39867076069299578  0.43635585157004503  1.00000000000000000
  0.03043271158701825  0.03791998124887776  0.04877347266386044  0.06092097505342497
  0.07224610200556922  0.08315948961015790  0.09385717966919790  0.10444860183683362
  0.11543719697779020  0.12635350109458243  0.13678882539214826  0.14721921064731733
  0.15765038058964381  0.16934129363428901  0.18045426948363555  0.19165429455627320
  0.20204163725872332  0.21143763734618184  0.22033611341919471  0.22886709972053665
  0.23787187920120370  0.24718366783933013  0.25690173071228345  0.26673884039355306
  0.27673013500581023  0.28663665027982360  0.29652475175462278  0.30650286901000623
  0.31641599981361729  0.32567954327147025  0.33474106770083251  0.34392297100227981
  0.35339828042164573  0.36233365550194724  0.37110532407567831  0.37967839306551365
  0.38894163535703741  0.39912942327702672  0.40891882693983883  0.41902668880173755
  0.42962333093619920  0.44052595175697556  0.45071873232485876  0.46062971942238484
  0.47075364053511026  0.48063432992418048  0.49026874662936437  0.49999443145279288
  0.51024607530345523  0.52112273800014686  0.53175399499284126  0.54158199350490754
  0.55124267775387514  0.56136527535690772  0.57238740582534842  0.58373261688788969
  0.59445090709832016  0.60474042255449523  0.61504120441262022  0.62558661811580163
  0.63603563054234291  0.64643565475190345  0.65721993036752713  0.66797877092133495
  0.67866276571264617  0.68873501982393470  0.69842555242622073  0.70816297234470638
  0.71840388288986845  0.72841125731642298  0.73755307898207012  0.74618436544737077
  0.75482874151144597  0.76391420192757553  0.77384718781333273  0.78348585013172123
  0.79281946712262630  0.80196493593132967  0.81121891015985581  0.82089138775666182
  0.83100661484804816  0.84136126012294787  0.85189502323539912  0.86257734581291623
  0.87329877206511208  0.88397244328823965  0.89467141174579379  0.90532690661600301
  0.91620170819971747  0.92705730650058260  0.93720393395933788  0.94647515128385462
  0.95556111189310022  0.96383920392531386  0.96905148628347260  1.00000000000000000
 -0.00603110690503309  0.01004882331500018  0.02687221710168556  0.04658970648537821
  0.06311812579383205  0.07671575521171260  0.08966818245373671  0.09471109978530057
  0.09927152796273048  0.10489653254047010  0.11050611633126270  0.11639586870410250
  0.12196190386109015  0.12761128605241975  0.13348728437953680  0.13910162243116012
  0.14488924235017264  0.15188924894517264  0.15905114154940950  0.16564761791495861
  0.17272850879757667  0.17951096096458249  0.18656955909948061  0.19462127613051744
  0.20243046024905170  0.21021115914972618  0.21853816020134598  0.22639781821350888
  0.23374683685332887  0.24163779831877030  0.25132107343517102  0.26041028934015553
  0.26861160806308793  0.27659014836497331  0.28548896278496139  0.29510000291536276
  0.30470432758020821  0.31417004617464894  0.32342142362947413  0.33239410144710446
  0.34082125726318152  0.34938195809431577  0.35838814496110816  0.36838653303079816
  0.37912935586251628  0.38950937876796404  0.39957475928345376  0.40946568593095273
  0.42000641700105240  0.43074806556043788  0.44255624556801904  0.45438525367477944
  0.46539912978625569  0.47558099682201238  0.48590463924754657  0.49688663548720063
  0.50856748636169891  0.52087830716365202  0.53382913073384541  0.54668759050440818
  0.55931829317675497  0.57181784644520839  0.58535924130511285  0.59944122849810011
  0.61332952195687107  0.62689033821451645  0.64043624358101425  0.65393165366004247
  0.66783458282449693  0.68099990004695665  0.69355930353783657  0.70621721374380031
  0.71906267970961846  0.73224526082788777  0.74550498404695797  0.75749442556019808
  0.76907336492721923  0.78097647609539600  0.79334931224439587  0.80660192235840544
  0.82013129038444221  0.83375103129326922  0.84698882587024615  0.86009019023338651
  0.87328354855230605  0.88589516660243905  0.89701151370226229  0.90800897445297413
  0.91906337541423366  0.92991535957973659  0.94077046351762084  0.95157067237968651
  0.96279942482678127  0.97452726477607154  0.98685283220715081  1.00000000000000000
 -0.00206269371268896  0.00964311956659734  0.01893370011226406  0.02862055968959980
  0.03780076064683742  0.04727721827757124  0.05669563476896331  0.06623599283744210
  0.07651718765775017  0.08650507439029954  0.09686196903900676  0.10771220109810309
  0.11925623779746292  0.13014141522383454  0.13882777137307181  0.14726629578761302
  0.15591441891747748  0.16534832430490568  0.17586780246821954  0.18693793561603980
  0.19860797989095419  0.21026593475489191  0.22110341584477552  0.23238534913869643
  0.24378938041217835  0.25509249190332661  0.26570874813490075  0.27654637391142955
  0.28764305010596636  0.29891997301797130  0.30999544686402769  0.32021584516255525
  0.33042678109394963  0.34009046867380105  0.35017522215321739  0.36046453683518132
  0.37077869892439907  0.38139435603306376  0.39193075453720172  0.40236850453225703
  0.41300319115251971  0.42413387491148130  0.43542386516412146  0.44587752975266221
  0.45581212395594772  0.46584592831559324  0.47556175210350682  0.48496629625521331
  0.49450717085528884  0.50458501324195315  0.51502342984385319  0.52555634754984304
  0.53609257477481154  0.54710056617071856  0.55863027951418587  0.57007303268859377
  0.58115724385730905  0.59153266251024172  0.60192121481172323  0.61207221679840440
  0.62230033584940192  0.63294668684803768  0.64389016919697217  0.65550355197940191
  0.66641388188092332  0.67771250980250497  0.68888186727285661  0.70100257489787432
  0.71304155771432132  0.72497303514986899  0.73661663203240579  0.74732979632665342
  0.75717711693033296  0.76635985927142503  0.77557815153640963  0.78520905512400607
  0.79513063452649757  0.80547488699197844  0.81589400556287717  0.82636085470062692
  0.83666631277753600  0.84705286774405231  0.85770251493376282  0.86852765127081388
  0.87911354190140967  0.88950529660288091  0.90042004210313376  0.91200779927770848
  0.92390391098355540  0.93564865883516901  0.94757207643139041  0.95939795685106533
  0.97050108621462250  0.98086938464947537  0.99042977517313313  1.00000000000000000
 -0.00229588728661147  0.00825974949347868  0.01683470569838997  0.02667032228853257
  0.03682447703796490  0.04621173903861758  0.05484395594966587  0.06360657991517332
  0.07363478688026620  0.08411203313374406  0.09384098366786954  0.10322950713455822
  0.11255724104419389  0.12195176084908824  0.13133360484921516  0.14079643767597896
  0.15049748046730593  0.15980687683707362  0.16888265969103206  0.17815570132656391
  0.18791737946135084  0.19870524441019444  0.21007883478703365  0.22127480490965915
  0.23335468991945751  0.24455945472064200  0.25596088585563725  0.26736144351102786
  0.27891474999921562  0.29002872078606146  0.30086172475488321  0.31157014204996447
  0.32247372288574638  0.33423254093413085  0.34643548674493174  0.35795760915115710
  0.36897310685634843  0.37919359067842034  0.38925694191887206  0.39903832117906879
  0.40920415367647761  0.41916842361855600  0.42922427621999260  0.43869746690393341
  0.44806127297893300  0.45738535494218346  0.46717035390287642  0.47762600719669440
  0.48759683493717909  0.49840058208863941  0.51005503721997647  0.52150013161767139
  0.53353549610816398  0.54531480826306833  0.55731552685919628  0.56778969038189619
  0.57758920300561944  0.58800081913445168  0.59868053085034723  0.60982458300846565
  0.62052956495559597  0.63160535303246068  0.64280500419240205  0.65417792501343786
  0.66575555712915879  0.67735667150189627  0.68871883561312597  0.69954224051768366
  0.71010095491441749  0.71980334345829300  0.72872399473794891  0.73767992130037585
  0.74753952759512765  0.75840133964703760  0.76990500408093065  0.78173878247267115
  0.79341009224516490  0.80411098189881836  0.81444467363561057  0.82450032977845911
  0.83466606697174994  0.84450879192995287  0.85460613340094060  0.86517851070676532
  0.87626078590273948  0.88733292042702250  0.89848921646809154  0.90998997286516770
  0.92189711048528822  0.93358323536791399  0.94580544158959157  0.95761210962682042
  0.96868657963774163  0.97899119595980466  0.98962765358025051  1.00000000000000000
 -0.00217329136703146  0.01005642958158526  0.01984073917381991  0.03094029029780845
  0.04141655476591550  0.05203996947880943  0.06341958618269408  0.07564616587305387
  0.08702849056837506  0.09795466565506544  0.10917437512474783  0.12088453242149846
  0.13196760969417562  0.14182126141260135  0.15109728701706610  0.16015118959853103
  0.16970093732881328  0.17921603845124995  0.18892980316424035  0.19898930454532643
  0.20918243022905170  0.21965474841012514  0.23044994106050362  0.24178135194394615
  0.25353870284687841  0.26539599274935455  0.27731162854303010  0.28875768395693796
  0.29948003098067355  0.30951143541064868  0.31926421433879393  0.32924920724274015
  0.33967176378132891  0.35090427116216311  0.36260703493377966  0.37408977615402517
  0.38501500496454477  0.39595732311549203  0.40635901987792228  0.41643094461215391
  0.42668024353357376  0.43704678032353594  0.44680472827578177  0.45605586652277769
  0.46513333348840658  0.47440104040695630  0.48389190892328121  0.49309184655730354
  0.50239849180944840  0.51154402579041125  0.52077699211942940  0.53047598039284494
  0.54082942621103047  0.55160426304095100  0.56191183323690541  0.57146688402597634
  0.58104600175789323  0.59139372393380518  0.60250689769671439  0.61294414538826625
  0.62304470289564717  0.63351195498197177  0.64500754743118704  0.65718353659472284
  0.66914688814309997  0.68108187964668077  0.69247877881968889  0.70317431472733094
  0.71346228705488257  0.72350637895849923  0.73383700742650126  0.74429195908464973
  0.75452561915499705  0.76531390897877782  0.77665374705407253  0.78760964494251351
  0.79877923730188005  0.80965601692403599  0.82101139321278105  0.83132380231088143
  0.84128337178155743  0.85110965553534479  0.86099148596096331  0.87066227763485537
  0.88053575810962281  0.89072432752160302  0.90097723289313691  0.91136176112148637
  0.92248272289958833  0.93400327242940040  0.94576844424440998  0.95711089234803770
  0.96846952658009322  0.97973056854116480  0.99011314691752739  1.00000000000000000
 -0.00324766059628330  0.01550654754216703  0.02959183146944082  0.04251966724358412
  0.05518618417339993  0.06786548720796286  0.08006111042819566  0.09159458621040614
  0.10252476568596033  0.11278682261960321  0.12276026652046129  0.13295355191599750
  0.14383079050416125  0.15530099132409997  0.16604496200267385  0.17659738027891922
  0.18730544522594680  0.19972979879714134  0.21289280896295767  0.22618130835369246
  0.23755717130615936  0.24859284893438813  0.25877617137570613  0.26906989851882734
  0.27916325488831872  0.28884090074832175  0.29833754916194011  0.30797752568935288
  0.31716372401160142  0.32555402511651482  0.33382720611610711  0.34242697534251726
  0.35165726339698494  0.36138537031556683  0.37054178254802189  0.37959236081179992
  0.38848939513785613  0.39804921995802212  0.40837231728249784  0.41884606426889748
  0.42862058296793948  0.43730889111650517  0.44585270899060470  0.45447231018172640
  0.46339851546798372  0.47305222220441656  0.48239573953866499  0.49130623958907077
  0.50000969037120513  0.50919173498540971  0.51857707422655897  0.52792653420502655
  0.53677954373568304  0.54519226111201247  0.55335104931921064  0.56168795259586712
  0.57020664520341924  0.57869108748404752  0.58696004973765548  0.59503214557336337
  0.60336180621041657  0.61268328637296787  0.62281568517430630  0.63343128053360431
  0.64390609383601716  0.65420174510327489  0.66433184279628277  0.67444404855451390
  0.68476057438901328  0.69422344935738400  0.70322429434654155  0.71244760334248658
  0.72231302611307990  0.73210945415482342  0.74178920016322047  0.75177097469962473
  0.76231347357230950  0.77302679946355668  0.78365365761196482  0.79434276688873529
  0.80520372302615362  0.81597230975750390  0.82652154233063846  0.83692127687928586
  0.84708473639304582  0.85729148020391732  0.86805513334129614  0.88031157224156908
  0.89434806125576660  0.90960006676974070  0.92499435205418634  0.93945279009175486
  0.95286302665813161  0.96714363804573455  0.98316044395785207  1.00000000000000000
 -0.00210152214719990  0.00919134657447296  0.01849627085534862  0.02823982712932838
  0.03844096588359525  0.04982170584853333  0.06131909766798142  0.07275224500090320
  0.08407589582042241  0.09513952735958636  0.10594694850003268  0.11628473263703955
  0.12683312314400749  0.13710296429366586  0.14747086785588148  0.15752359577590902
  0.16768182131604323  0.17733873086819371  0.18729157985268596  0.19691352768745055
  0.20652335288404472  0.21652718310617822  0.22739515365902338  0.23856005140936415
  0.24914277070493690  0.26067709905289022  0.27248565113214129  0.28377832027863920
  0.29389700970294402  0.30355434142163368  0.31288684063434680  0.32242036968919030
  0.33238945805649334  0.34273344444964815  0.35276688231186920  0.36232191302065592
  0.37183165183611777  0.38188056190427211  0.39283061647798756  0.40417720197568813
  0.41548106948608710  0.42708825814109347  0.43824751429281139  0.44878673396158142
  0.45910144302316569  0.46985748119492404  0.48078579009295763  0.49176882055293963
  0.50303862463848348  0.51435656631964000  0.52568218693751567  0.53574073766786712
  0.54564122567579298  0.55518973641419622  0.56487524512082776  0.57499166179580241
  0.58493871454649815  0.59448709310880254  0.60409083974162936  0.61438169029857070
  0.62530306846659989  0.63582846964529072  0.64610633211269308  0.65643034774523401
  0.66697471521318297  0.67783820167270392  0.68890006017975980  0.69975044335274883
  0.71044664825273174  0.72154678018727703  0.73332814201999319  0.74517356899352627
  0.75709035852430007  0.76885439496461716  0.78042878596656984  0.79269433764324693
  0.80522017538555268  0.81753353494692349  0.82921572950447564  0.84024799744163170
  0.85080727508419507  0.86116217656082372  0.87169117361169002  0.88244042389214750
  0.89322230796475899  0.90367145346499189  0.91316827658250144  0.92206244675488491
  0.93104627639295556  0.94018567236404693  0.94961331260341242  0.95940429124591886
  0.96963008158341935  0.97995437304873234  0.99013518010955492  1.00000000000000000
  2.12855390756233787E-010  -1.0000000000000000     
 T T T T F F F F F F F F T T T T F F F F F F F F T T T T F F F F F F F F T T T T F F F F F F F F T T T T F F F F F F F F T T T T F F F F F F F F F F F F F F F F F F F F F F F F F F F F F F F F F F F F F F F F F F F F F F F F F F F F F F F F F F F F F F F F
  <DiscreteSampler_grid>
  grouped_processes
  1 # 1 for a reference and 2 for a running grid.
  10 # Attribute 'min_bin_probing_points' of the grid.
  1 # Attribute 'grid_mode' of the grid. 1=='default',2=='initialization'
  0.0000000000000000 # Attribute 'small_contrib_threshold' of the grid.
  0.5000000000000000 # Attribute 'damping_power' of the grid.
 # binID   n_entries weight   weight_sqr   abs_weight
    10   10   4.938409654112136E+000   1.217089284771934E+002   4.938409654112136E+000
  </DiscreteSampler_grid>
