  0.00150602530959298  0.00286461026350037  0.00406224469027386  0.00528018915718562
  0.00648340031051862  0.00788774972464825  0.00941216597413159  0.01103293010825221
  0.01317970719344714  0.01501330458849597  0.01677010066987957  0.01867225353989300
  0.02063405956157548  0.02267767932421230  0.02488674905365785  0.02713906391911098
  0.02930330304562299  0.03152869890130563  0.03358098797919455  0.03589136862111739
  0.03828288548301684  0.04132689182865006  0.04411822766992649  0.04650428127929422
  0.04886641491798795  0.05115426186805989  0.05382130624562249  0.05664624339040755
  0.05959588264829779  0.06266567193803306  0.06575059735233185  0.06876076583385549
  0.07159204666725341  0.07439387877345878  0.07718577445941523  0.07990291036357199
  0.08275022489958776  0.08580138323532130  0.08891140463322866  0.09230552888718611
  0.09598458065708709  0.10000566254034667  0.10459024110166797  0.10920771325998969
  0.11365588647275357  0.11776724002676672  0.12206571153409849  0.12664278048335831
  0.13130538643317502  0.13604613382151254  0.14114428079985755  0.14675622509317493
  0.15264157428714387  0.15819527038636014  0.16389627291980544  0.17029483028238426
  0.17701251729947876  0.18380995247918591  0.19069859439116046  0.19772066847952924
  0.20517127717370692  0.21315074697383479  0.22119485583889359  0.22880239372676375
  0.23656934129618321  0.24480012078317759  0.25360998700905152  0.26202648186149463
  0.27086898778630436  0.28021325558949706  0.29014994268384764  0.30046092949859449
  0.31163304629414529  0.32382696364168406  0.33666193476541373  0.34946048299907206
  0.36149021532384307  0.37305226537524694  0.38495395244075509  0.39736169683986317
  0.41047973448387060  0.42418544509500028  0.43816020093600355  0.45281282737640410
  0.46879264074707183  0.48502181521136706  0.50237919950185139  0.52198502811320180
  0.54403391042033999  0.57030891959556451  0.60073748004824790  0.63694395851993502
  0.67655723420067226  0.72378198377216851  0.75391418947841060  1.00000000000000000
  0.00258542650066309  0.01453018762397821  0.02219592680430605  0.02777341875434583
  0.03270406066606679  0.03957985663599484  0.04687193735152905  0.05347556175113721
  0.05991164966376923  0.06563150922749292  0.07095511246123341  0.07611392994946073
  0.08088595005132167  0.08588043029704014  0.09174918173387124  0.09835967705804942
  0.10454445385922700  0.11059441535150426  0.11642846452118877  0.12247460520979063
  0.12866318807842578  0.13475046629535625  0.14101239547472577  0.14805045914732065
  0.15590177472930580  0.16314976161859673  0.16983322925446287  0.17602368171416521
  0.18197768051264637  0.18780029369933349  0.19348943736006524  0.19917469246547059
  0.20520610172993942  0.21150116407522851  0.21780047145402823  0.22337218824128471
  0.22966047372104489  0.23536680398647716  0.24139272621899521  0.24807940210919305
  0.25503565500590447  0.26222930884272899  0.26967515978493972  0.27711844286938275
  0.28430592722809617  0.29116472328136411  0.29841439729439156  0.30598779416606137
  0.31387139529591934  0.32175002745211168  0.33020351298430994  0.33859657908494278
  0.34670635555186591  0.35488701308161102  0.36302953210562738  0.37124796792350490
  0.37978828832453299  0.38839635071103956  0.39718623660828939  0.40659103753429254
  0.41658855774432868  0.42650396581527178  0.43609889428022952  0.44567811002103869
  0.45550400583744072  0.46565122544618803  0.47598692736883608  0.48639756121557309
  0.49702181059744599  0.50777437471662357  0.51818396983378245  0.52858969087355023
  0.53867198439478003  0.54884997224229870  0.56001769805938229  0.57131473140747602
  0.58295454485952458  0.59485052949805228  0.60706116348311212  0.61984788166443017
  0.63279690479718920  0.64684343159768298  0.66116116174685602  0.67573058346782666
  0.69090263628445758  0.70749219867912405  0.72517711260720596  0.74392289181073123
  0.76333331539141291  0.78301201976188728  0.80434764753196120  0.82841677439116490
  0.85601192637639778  0.88901429770344409  0.93366227084399356  1.00000000000000000
 -0.00002285236975097  0.00153562042049547  0.00385571820027175  0.00638943629812830
  0.00901712126602119  0.01198185224510778  0.01497877242665367  0.01778225362869751
  0.02069326247374790  0.02386952330784887  0.02696865978199888  0.03009274850011774
  0.03345843169212163  0.03683860293695225  0.04033375075722731  0.04379170217913470
  0.04730801938925572  0.05103884395892072  0.05500759917384263  0.05900117829162993
  0.06295622631937728  0.06692477038973069  0.07078482922990607  0.07449454709551222
  0.07825566381792425  0.08215021122343753  0.08618862329486919  0.09018693682429367
  0.09417095403436186  0.09826193859743587  0.10262297345979322  0.10725099575551164
  0.11175485494162843  0.11625222853496131  0.12091737179385355  0.12575291791100204
  0.13133026802270459  0.13725102513481804  0.14313787691542246  0.14885569981877042
  0.15476497833435596  0.16089995360328163  0.16731539234987419  0.17381356494893954
  0.18022199817701495  0.18663130011438120  0.19330439352161785  0.19982290072102288
  0.20631677826017011  0.21309061240149266  0.21977048252864739  0.22688895220259453
  0.23459242264415864  0.24244840271231349  0.25004536534338290  0.25738336157498953
  0.26455689837005320  0.27165291920053947  0.27932164096280743  0.28746868439808715
  0.29558056205094413  0.30443138314697504  0.31346430688482313  0.32225813028689326
  0.33108426369153027  0.34017655601901203  0.34965754490716677  0.35963131961914979
  0.36945652487408664  0.37857478565840591  0.39252031176151381  0.40622580428153865
  0.42026587818680700  0.43549509912329915  0.45106084871657143  0.46696211227214751
  0.48345838774874722  0.50146230444798634  0.52049387891068122  0.53942310971238161
  0.55816398354463126  0.57704035698720879  0.59635653891452178  0.61731779009989096
  0.63995372508486181  0.66263763353795591  0.68466101492863951  0.70652052468995408
  0.72966320708332255  0.75413339221359377  0.78218568721185833  0.81570877965258615
  0.84972073796418468  0.88775380875144183  0.92997792940035584  1.00000000000000000
 -0.00239444270902474  0.00865637468049686  0.01808511125165746  0.02695605249942674
  0.03561984248861375  0.04400246880155689  0.05186006009316203  0.05922217002921706
  0.06677237094058733  0.07509128494727496  0.08438103082661888  0.09412112278518615
  0.10331417078524963  0.11212097441733582  0.12057521978418713  0.12903026408916818
  0.13804077100726686  0.14756770041276995  0.15730139004869489  0.16691310651237345
  0.17643531150733027  0.18585205868491536  0.19541193943478258  0.20499389840491600
  0.21508364166807312  0.22565308853588756  0.23604880759495228  0.24618450347329526
  0.25620272195150184  0.26550202296114722  0.27464955763475196  0.28357493098116515
  0.29313992713566761  0.30362931213988009  0.31386744491565005  0.32399043092397262
  0.33367679561619751  0.34317824207066111  0.35281984137426575  0.36309095505838301
  0.37328617135234837  0.38345483794446927  0.39391600008653477  0.40521302481546201
  0.41694878847921807  0.42784412443552305  0.43873612881840979  0.44883853409492369
  0.45953859524927015  0.47078629565332092  0.48175423338816953  0.49355657604022884
  0.50530413099252591  0.51831754373703864  0.53002446392796077  0.54115729408493018
  0.55294155600468131  0.56478805622630990  0.57631329258049391  0.58871525083766996
  0.60195796914020250  0.61538054082370419  0.62863265126092327  0.64110094385731553
  0.65286098528977987  0.66463245817468986  0.67628720665060305  0.68792152483826685
  0.69956864556678233  0.71127471146078791  0.72200448390920935  0.73342813679277030
  0.74488674664681476  0.75620743446968763  0.76679273398328696  0.77669909912510515
  0.78693565024023371  0.79873534929255297  0.81112724582237605  0.82367464701027049
  0.83667913951556960  0.85099889477995083  0.86520376995197645  0.87854506109673924
  0.89107754088710800  0.90204399920119394  0.91179835646176488  0.92149137168002204
  0.93101085467801770  0.94054509814496401  0.94990818218505679  0.95950423200737001
  0.96978779693602657  0.98005980560076322  0.99006230645115600  1.00000000000000000
 -0.00271160218999363  0.01128293172172001  0.02280757041001454  0.03300144456114920
  0.04255530588579054  0.05259197869921022  0.06228277523692149  0.07213499575544190
  0.08177013436502625  0.09299748575946035  0.10463135042112591  0.11545760370755560
  0.12566139355561168  0.13494465623987453  0.14403224093091097  0.15346510450549325
  0.16267854458405556  0.17171075089624971  0.18072608175551352  0.19152899315782010
  0.20346843167716855  0.21551317938017417  0.22698970330023502  0.23854377843440852
  0.25022753119699903  0.26120956718580379  0.27122760452545136  0.28082620932331154
  0.29045447689424980  0.29983003900223992  0.30921715863475779  0.31936261061533910
  0.32981435839634243  0.34088051738360575  0.35197893891322468  0.36344228278697177
  0.37441801448549622  0.38443050072643853  0.39419320065056762  0.40344355291468992
  0.41241357466772155  0.42126343876146166  0.43042605746945850  0.44107055409686191
  0.45251699266948098  0.46308256345478038  0.47298762573292980  0.48414725324684310
  0.49493777339684836  0.50544783882609012  0.51579281467454385  0.52676938786178251
  0.53783173882739788  0.54814857989633470  0.55761061963423675  0.56669716070158282
  0.57584162616491730  0.58540110660242128  0.59529490157276144  0.60555187577757941
  0.61604506032696171  0.62662070572500539  0.63740147956451987  0.64842378707752280
  0.65930399368459380  0.67055808918977788  0.68116487911577694  0.69250968117303680
  0.70313732380233862  0.71404269121311614  0.72489914249699872  0.73637653571493877
  0.74773687388314214  0.75905675543056628  0.77026006999029817  0.78115603541821799
  0.79159253367127480  0.80140867933853865  0.81139992676325279  0.82177581588615578
  0.83243202685402828  0.84368938269952332  0.85538175158283603  0.86821506056733644
  0.88026155003597761  0.89180035467215546  0.90251446382299882  0.91347917578374160
  0.92361744924950040  0.93406202076987432  0.94438542740060361  0.95512551317159200
  0.96648966409025294  0.97845344020321445  0.98955688411016229  1.00000000000000000
 -0.00312652536045684  0.01505566575447084  0.02932133173293646  0.04323564453547699
  0.05732212467600973  0.07068488932495401  0.08290801560812529  0.09357937360463055
  0.10492114487313733  0.11738079501080301  0.12871893619126801  0.13949491138210374
  0.15056779070206405  0.16277896619264534  0.17401264384654966  0.18543449640821483
  0.19481133953145388  0.20366724311828041  0.21230726929320173  0.22115744530908685
  0.23020126807440644  0.23928359804667595  0.24881207424166751  0.25940881922561387
  0.27050639962586909  0.28151770052933900  0.29269227709229312  0.30380819396004177
  0.31520982616036747  0.32643760307940450  0.33753923580716311  0.34851696497667906
  0.35974229891350612  0.37105805669295527  0.38254007239691662  0.39386060827228359
  0.40517014564993431  0.41615698345612845  0.42617034176499602  0.43528811772065107
  0.44446031647114087  0.45396485568201778  0.46420449659194629  0.47472884030212226
  0.48557907872122441  0.49593381110287538  0.50652918652042411  0.51713531744387353
  0.52842946351947018  0.53873702968576254  0.55052865161861930  0.56221684205893274
  0.57341624044770279  0.58418825939120300  0.59391696566072405  0.60292870208877214
  0.61198831814109267  0.62106689656833147  0.63166534186542955  0.64233591706852811
  0.65245940986233264  0.66208784327494341  0.67128460163163961  0.68089160998907416
  0.69065962229370081  0.70044196947401460  0.71069083577957504  0.72136758157483893
  0.73231322835078450  0.74320569416987370  0.75375963021609527  0.76402227883024298
  0.77491164657884870  0.78623702058243228  0.79711534527959671  0.80742615162914733
  0.81736730294703663  0.82769775098038323  0.83761926662380282  0.84780919160419277
  0.85744341706996607  0.86704486515095258  0.87691751827660258  0.88626360171436913
  0.89543275812863798  0.90477610050192259  0.91489995431836679  0.92494491855580374
  0.93479032828092168  0.94393359339596583  0.95321601381647603  0.96244181895917691
  0.97148946511022372  0.98033502259095795  0.98984033994379228  1.00000000000000000
 -0.00198676695237081  0.00927589109709855  0.01820644229824922  0.02789342616779194
  0.03770103005999842  0.04766454560736758  0.05733760482797738  0.06765689554988547
  0.07842115571276323  0.08957806645107304  0.10083026962005183  0.11144150250626446
  0.12147695126327877  0.13162800421883220  0.14170152610047376  0.15209801699886760
  0.16293635426906927  0.17451824494402723  0.18666859987900039  0.19844770450740887
  0.20972536297218350  0.22074852685184887  0.23190272270432410  0.24317018960945222
  0.25454912797729540  0.26596070222761931  0.27678053361371135  0.28696484068979811
  0.29724388934911006  0.30782531547101560  0.31810949557536483  0.32757424767337395
  0.33876483330964469  0.35043463505252920  0.36130929268067452  0.37108257751824997
  0.38179514770526707  0.39292675324417659  0.40346680536275309  0.41386774624739237
  0.42517166636473225  0.43716494484774082  0.45053597434572368  0.46267892787569598
  0.47403609704831812  0.48412569592208315  0.49370920298519172  0.50391749120000107
  0.51456988717374097  0.52508495417446810  0.53421777397841186  0.54227531712510380
  0.55015239811956052  0.55843265603291592  0.56784286018251617  0.57749057877687904
  0.58720352006434806  0.59710769133915720  0.60815230775026929  0.62038012543991594
  0.63224119586051297  0.64271966477406606  0.65344688093333614  0.66369966781471534
  0.67398102306199725  0.68411215184691720  0.69494130306598945  0.70628359137291230
  0.71745986205813106  0.72943216239477904  0.74277555878490431  0.75509402720366936
  0.76512408538995769  0.77558001273660604  0.78615054135947793  0.79711942394890056
  0.80757128051748484  0.81822330357469353  0.82879901685100310  0.83867589306121149
  0.84822606011265911  0.85729011884096040  0.86593154318325849  0.87453419884342909
  0.88324643195672281  0.89182850336045449  0.90014048710037620  0.90809186884754334
  0.91724748428848368  0.92885577832959021  0.94090382717702958  0.95197176549669260
  0.96252640129272415  0.97405288859708450  0.98637230922005681  1.00000000000000000
 -0.00249194469700120  0.01070402460139827  0.02112477080716025  0.02989350327049178
  0.03849168409198489  0.04706361775838325  0.05596513254493465  0.06484366678335496
  0.07369185129695663  0.08260585015859706  0.09251983285142661  0.10279375618427029
  0.11259138979200524  0.12270402665129128  0.13299653565958811  0.14330573410677477
  0.15336697089273083  0.16352734634939314  0.17371067793158526  0.18403087495294990
  0.19489796714791585  0.20606230290993571  0.21737625630810520  0.22861325076914879
  0.23932939595939171  0.25009470859315952  0.26053352734158997  0.27048151880414351
  0.27996457742072212  0.28990936684141455  0.30113044096026298  0.31312947202038555
  0.32431825391550367  0.33485723106220411  0.34562523082270169  0.35651346788367305
  0.36739613274310234  0.37860321377115280  0.39025350370157186  0.40240394750185943
  0.41551902127890211  0.42934455289441276  0.44131127018312155  0.45113710161068332
  0.46077523805273063  0.47011288313845589  0.47958747615426051  0.48911932216450116
  0.49936390154470606  0.51015606307538686  0.52106961939963958  0.53164180540910499
  0.54222890456520156  0.55275272742289294  0.56306371464228955  0.57318441346194804
  0.58298383723428238  0.59292597837539351  0.60374024764548317  0.61458308426981534
  0.62514989285030764  0.63475926078986866  0.64418456077997155  0.65431721232042672
  0.66547500227828338  0.67845526215736407  0.69136178653246538  0.70455816887662770
  0.71636775649036466  0.72835372255061470  0.74040291138702707  0.75185534948042276
  0.76206525207430864  0.77224656720975737  0.78246198133418554  0.79251280058277951
  0.80249621788772096  0.81280907605600994  0.82333943763040873  0.83419490583170652
  0.84528437680661084  0.85679021958957646  0.86842854743802267  0.87980797357499629
  0.89101831705376910  0.90239589887327964  0.91374029966647208  0.92353860486505790
  0.93212240851949213  0.94036490788355287  0.94927218837763305  0.95787033347421935
  0.96694030995459213  0.97632736803805076  0.98766165012268470  1.00000000000000000
  4.90266822410041045E-014  -1.0000000000000000     
 T T T T F F F F F F F F T T T T F F F F F F F F T T T T F F F F F F F F T T T T F F F F F F F F T T T T F F F F F F F F T T T T F F F F F F F F F F F F F F F F F F F F F F F F F F F F F F F F F F F F F F F F F F F F F F F F F F F F F F F F F F F F F F F F
  <DiscreteSampler_grid>
  grouped_processes
  1 # 1 for a reference and 2 for a running grid.
  10 # Attribute 'min_bin_probing_points' of the grid.
  1 # Attribute 'grid_mode' of the grid. 1=='default',2=='initialization'
  0.0000000000000000 # Attribute 'small_contrib_threshold' of the grid.
  0.5000000000000000 # Attribute 'damping_power' of the grid.
 # binID   n_entries weight   weight_sqr   abs_weight
    10   10   4.422232463979364E-006   4.974744419540063E-011   4.422232463979364E-006
  </DiscreteSampler_grid>
