  0.00000806488992916  0.00000816107960702  0.00000826549448695  0.00000837636938423
  0.00000847340443183  0.00000864247835206  0.00000883156751019  0.00000902351345833
  0.00000924713463483  0.00000952006775142  0.00000977076654611  0.00001002142761345
  0.00001024595931936  0.00001044245715465  0.00001064244978453  0.00001087385835975
  0.00001110526693497  0.00001133581007111  0.00001156612205968  0.00001193270101157
  0.00001246795687203  0.00001314470463199  0.00001399474255333  0.00001480556792048
  0.00001550464283085  0.00001606990947631  0.00001666229890582  0.00001727599387224
  0.00001828804169114  0.00001911189374156  0.00002007817312026  0.00002115687254146
  0.00002231053307685  0.00002367287811995  0.00002494933354827  0.00002626638473672
  0.00002739273757621  0.00002831753710065  0.00002944704811597  0.00003062120419503
  0.00003189683675675  0.00003358492160278  0.00003508795708233  0.00003638184650482
  0.00003773171257755  0.00003909162269142  0.00004070718808868  0.00004368985325588
  0.00004634143206373  0.00004904645985661  0.00005162122523820  0.00005410995558225
  0.00005644800577408  0.00005889735706286  0.00006133848560963  0.00006374693228010
  0.00006611201302036  0.00006837130202573  0.00007119593449013  0.00007533679062444
  0.00007953042248321  0.00008638532602239  0.00009484179247875  0.00010355691010515
  0.00011231127395036  0.00012134105048196  0.00013156920937021  0.00014311040558124
  0.00015749563838812  0.00017370698900120  0.00019164748968898  0.00020909376083492
  0.00022415421931964  0.00024012558255170  0.00025826395301326  0.00027842569888252
  0.00030482344434674  0.00032942443822032  0.00036226803576037  0.00041308381250758
  0.00047469748242877  0.00055311008818702  0.00065330290868577  0.00079643853497083
  0.00098489103587907  0.00122959116250098  0.00155453894218822  0.00199261685081285
  0.00263754818175251  0.00368978756373403  0.00537016773729468  0.00831480474602330
  0.01354231811947221  0.02621326552120233  0.06612759901521265  1.00000000000000000
  0.00065345332403867  0.00114083146211189  0.00210636889027181  0.00236324004618367
  0.00254813369718325  0.00272358345448710  0.00291735030225557  0.00318887209343362
  0.00349248178626524  0.00379281819759854  0.00406397410572046  0.00425949066313653
  0.00438711435526460  0.00454295699902279  0.00472193818355980  0.00490462568530600
  0.00510819480592008  0.00529715888436144  0.00547699555652782  0.00564461945927706
  0.00580907351665168  0.00599981914952803  0.00625958199969266  0.00659005050707861
  0.00692753394461006  0.00726258617916759  0.00766578498522897  0.00811767210877797
  0.00852466841031266  0.00885533037615495  0.00912651883263907  0.00941437778205644
  0.00977923045040406  0.01024250782533979  0.01070442678852190  0.01112046615494527
  0.01152959853539831  0.01196726897052888  0.01250334098771300  0.01316718050479168
  0.01390028149266078  0.01475847256767495  0.01549121599652208  0.01626003880106049
  0.01710653080527194  0.01802632251789862  0.01904091630335266  0.02008618208193154
  0.02111782063588848  0.02223488243170760  0.02380699830775442  0.02568365246314089
  0.02754283155282160  0.02952488677506646  0.03191955543665011  0.03455216167999108
  0.03678038209618896  0.03869885177836698  0.04085164518147383  0.04329513335830906
  0.04578582971446156  0.04904300463127981  0.05244176086659283  0.05622460150609497
  0.06002167670637900  0.06339401033828464  0.06682265134022854  0.07039396517768567
  0.07445392412782093  0.07976965502236394  0.08578471052397077  0.09124633967619925
  0.09584576705649600  0.10010624755924233  0.10430825649285713  0.10860077379052060
  0.11381651796194679  0.11840384102073313  0.12305588133733243  0.13027233986863399
  0.13959639826100706  0.15165456889381532  0.16479918624038001  0.17960540743902159
  0.19676800676897166  0.21686560487688608  0.24074385715298216  0.27071418100241296
  0.30290541777772428  0.33856062525037889  0.37528540046963771  0.41626055816648222
  0.46951079779334920  0.53605583917802380  0.67990353827010130  1.00000000000000000
 -0.00486945905053027  0.02011548312095092  0.04049212596492086  0.06076516423430400
  0.07393769232029009  0.08661149154524053  0.09921740851220781  0.11156316005684475
  0.12664223807304606  0.14126568656522653  0.15419881304931227  0.16687526990431542
  0.17868157392896439  0.19158319991430137  0.20557356179881114  0.21602882818098995
  0.22549428367072322  0.23579097049349557  0.24689487407263977  0.25813114222347805
  0.26957189893135458  0.28221258641016150  0.29358323264563768  0.30245585856389989
  0.31080990692559207  0.31814946680864320  0.32547492763427638  0.33230150819831250
  0.33808378291234292  0.34531395782726826  0.35261450590415555  0.36307008508259186
  0.37561902680900855  0.38889278253803272  0.39798951812865641  0.40386932938381831
  0.40970937061373658  0.41636467418816286  0.42350235859099061  0.43159082582279334
  0.43939028897842491  0.44649833471262168  0.45271563975159662  0.45931627442755979
  0.46705975697785718  0.47694021683986121  0.48721019404081978  0.49818333194437070
  0.50703030021053641  0.51726245599781051  0.52735854488624401  0.53873782137877957
  0.54925657014904150  0.55796155701685934  0.56573452962216042  0.57308443639443840
  0.58086478977185152  0.59300086933684315  0.60195373600157465  0.61158719362802150
  0.62073164033231942  0.62990397365290540  0.64088189860238687  0.65079449079732976
  0.66127675390414165  0.67095678473330966  0.68001057753750149  0.68907377643087331
  0.69548285036846191  0.70245231410760833  0.71058113047827021  0.71965825202705302
  0.73104939702244920  0.74327718651888675  0.75583730933308113  0.76858272960364615
  0.78067222135055581  0.79065102410999288  0.79979503742633262  0.80839556501948673
  0.81650644173871423  0.82593260274362601  0.83688875301127330  0.85218040990133115
  0.86574007733570946  0.87815921460627255  0.89175628857636879  0.90618016362138454
  0.92058232664872142  0.93385251617424891  0.94580419165968743  0.95648947140353680
  0.96660090007450827  0.97660487527115025  0.98786817713912389  1.00000000000000000
 -0.00251103126951563  0.01114102174595938  0.02177176995246848  0.03249103827830269
  0.04467744635936990  0.05771809169640923  0.06883043129291649  0.07902869628725413
  0.08853143524053347  0.09915398491172833  0.10957110579635193  0.12079020603206284
  0.13330639675246664  0.14512370789830631  0.15376912038659679  0.16203620828873078
  0.17020577607049933  0.17877216139505528  0.18968085302622786  0.20220483792368860
  0.21522695115226526  0.22762102631426431  0.24047942340883005  0.25367202830726404
  0.26730959441242264  0.27950593476151248  0.29255629608378764  0.30912051445131000
  0.32564125404186239  0.34124934855272676  0.35625633460953160  0.37135667486082430
  0.38491878270826346  0.39440362025537329  0.40312923607161866  0.41206738396277537
  0.42026751572453358  0.42896664440370635  0.43674550340228235  0.44348031677169347
  0.45046085490762028  0.45823994930793460  0.46775340349581834  0.47796925728984779
  0.48946630638947591  0.50112858007086092  0.51248685913806291  0.52435269557278730
  0.53882424169276788  0.55524729735299494  0.56677296623990059  0.57446034749819475
  0.58097176533616302  0.58648405727594188  0.59249188860973812  0.59874176478640873
  0.60649104074543281  0.61384131996923386  0.62068815948148293  0.63056827341182653
  0.64205288589994447  0.65312841354479445  0.66445923065943224  0.67655595349832920
  0.68909397479241907  0.69914536979421671  0.70682190559393621  0.71473371205379865
  0.72262356473460032  0.73086081869582209  0.74192562302598453  0.75424884916752355
  0.76775035969278171  0.77847266309761987  0.78811066761898174  0.79817298897271682
  0.80877167633911218  0.81950143779332263  0.82920495751086332  0.83771724023194927
  0.84523117049009211  0.85382692288481854  0.86330491466797965  0.87309049752399492
  0.88314037169355353  0.89226759527630595  0.90069267316984625  0.90857909560113570
  0.91815522108628045  0.92765663528051490  0.94055577073052421  0.95439360629070780
  0.96675688510955371  0.97799069474380773  0.98852420417019826  1.00000000000000000
 -0.00181218848449388  0.00950432126285417  0.01953465304476015  0.02886555315530736
  0.03510058472123154  0.04134486247061193  0.04745348323749601  0.05327814949283492
  0.05943984671143068  0.06584176334008357  0.07258546515191763  0.07968169247114620
  0.08747002382923937  0.09932081359448290  0.10983588585455833  0.12194809926258311
  0.13654076279372118  0.15131869867477449  0.16630800669021892  0.17980335277747037
  0.19289729023510838  0.20449839852498106  0.21592780797295671  0.22675246444174457
  0.23776688732430015  0.24983083387138130  0.26226540114972363  0.27340588781377267
  0.28260064939775043  0.29179814688949579  0.30257293850936606  0.31324657154764479
  0.32278882730612729  0.33168015624041458  0.34071868272047823  0.34976446064266953
  0.36033670420062625  0.37070906162645550  0.38218318750677471  0.39515115437123294
  0.40936463869776146  0.42484337649575665  0.43755772917709429  0.44873664230138777
  0.46056299146903112  0.47479856899839840  0.49195756237795851  0.50883555410392500
  0.52372692710265367  0.53628353070070289  0.54849295264614839  0.55954245965041938
  0.57070172401931119  0.58288124116351347  0.59662097688857274  0.61203629034849061
  0.62584064479150203  0.63941201469696840  0.65112480485445390  0.66051208560594532
  0.67023406518158024  0.68072843166427255  0.69154678606798436  0.70387707376584441
  0.71703065818417966  0.72901186250926531  0.73959933504303721  0.74917120117677494
  0.75830735290773754  0.76511603783757476  0.77226899437021190  0.77913163893532011
  0.78773902221722525  0.79623273324665134  0.80496923387320929  0.81426166567730407
  0.82192852064481692  0.82894677966822716  0.83655465646677130  0.84487011842996240
  0.85302129839022145  0.86493500919460564  0.87936839159836078  0.89210183821340916
  0.90255930794128070  0.91297215987483660  0.92145106870692339  0.92944184674080588
  0.93898324839202341  0.94855143411785436  0.95774223551796778  0.96605511363518570
  0.97310047411823697  0.98155371851662854  0.99057326750484698  1.00000000000000000
 -0.00145310258196931  0.00635623955277485  0.01488512545044039  0.02331533718297307
  0.03535496495028967  0.04609214269801244  0.05535550118624542  0.06478385940036382
  0.07506404478783822  0.08580169090613941  0.09638604934315817  0.10771887308849640
  0.11900510981846439  0.12928673304000454  0.13914312208830310  0.14961686594321585
  0.15978228752154924  0.17070961422425740  0.18251533319549126  0.19667495372774507
  0.20901934383988502  0.21929399404846270  0.22833428323147481  0.23721822943743159
  0.24632979537451669  0.25601163965446816  0.26429209272228599  0.27317217045370079
  0.28470171336434691  0.29613703023264382  0.30671053910497564  0.31772397551185044
  0.32861291068499693  0.34004709307019360  0.35085567728570921  0.36168042851023829
  0.37282709633871525  0.38221832133733036  0.39104825941318394  0.40052051471142175
  0.41031006992402436  0.41891689879154598  0.42824600237453586  0.43743796603970958
  0.44655377021579501  0.45878721253946370  0.47009553105371238  0.48108081524380147
  0.49233803116571201  0.50397731562598147  0.51720989109210902  0.53069161652324559
  0.54331429493770100  0.55500152378176149  0.56716515775739029  0.57911773202780681
  0.59002085569244522  0.60144047554225866  0.61314902191398635  0.62434672510569722
  0.63478055975556635  0.64534624111948846  0.65565054246931442  0.66698583752728469
  0.67743717056635488  0.68682858579487627  0.69701634548703151  0.70567010210099435
  0.71403121628480315  0.72270920423845719  0.73145964923336348  0.74294247125173285
  0.75590848940830191  0.77013637632704801  0.78423624985801554  0.79800414225485006
  0.81225458615428903  0.82540702971897739  0.83556193259467004  0.84495500603142304
  0.85445519511036261  0.86464476386558309  0.87643585947593672  0.88566495261237022
  0.89398578382276817  0.90135111179237914  0.90891833399970523  0.91662775377870709
  0.92473288103451401  0.93297300614835177  0.94296598783421026  0.95617904560649125
  0.96684007948399897  0.97738800802043890  0.98850895335007327  1.00000000000000000
 -0.00279765056110750  0.01328711105256238  0.02522643610104832  0.03695539803660770
  0.04927481629931001  0.06218248149392817  0.07492393342097597  0.08641553934835271
  0.09632780249431212  0.10500859941737298  0.11275537733262596  0.12103321993030781
  0.13014314717437681  0.13983507168059750  0.15190908432672764  0.16179536596476982
  0.17197819933706709  0.18176309021574247  0.19051590302824795  0.20052118035452479
  0.21065966877532069  0.22001860335036302  0.23305357497001220  0.24518928664801734
  0.25708041033206430  0.26862685962002159  0.28112022792474928  0.29196206283282999
  0.29984157395587874  0.30713801689348230  0.31416582020302924  0.32141194756601893
  0.32927017534158026  0.33611152362780417  0.34233401822192300  0.34874555882485436
  0.35600461708798498  0.36537202092055454  0.37554499632245908  0.38564682011505241
  0.39539735328053782  0.40782954827912965  0.42063727315927701  0.43358539080799835
  0.44751177947082876  0.46053386266391266  0.47151235703463390  0.48125079709039359
  0.49002266745542766  0.49956077211545258  0.51033523005126258  0.52151081771094510
  0.53419064804139993  0.54652647498677542  0.56012646093262419  0.57413366791359111
  0.58572976795407095  0.59546900155010629  0.60541267964610601  0.61440208210116998
  0.62501000724342104  0.63780746319328041  0.65278953415423058  0.67035169258671101
  0.68831602128500202  0.70621079272689813  0.72110516224352705  0.73300081079822865
  0.74230092022284822  0.75098998984008836  0.75984625087955060  0.77000202328021305
  0.78202285345779154  0.79065832579772288  0.79919295671341939  0.80757624181793386
  0.81590837344957412  0.82627748126242528  0.83684976982928827  0.84331015240216278
  0.85024852866910616  0.85744549874694287  0.86553301009018790  0.87680021274955833
  0.88800103818907361  0.89901011576560186  0.91029254076666499  0.92100074740638549
  0.93207007370248629  0.94236961543115949  0.95076380431319263  0.95888044887352442
  0.96691069944568719  0.97668799959578279  0.98835883787816226  1.00000000000000000
 -0.00324347254203839  0.01505818588853649  0.03048553837648440  0.04555357760613274
  0.05629614087852169  0.06536120739579328  0.07449103057453527  0.08381922529929864
  0.09457993203700002  0.10819786073088319  0.12268574945783746  0.13547744944484288
  0.14764834960934348  0.15606894070756946  0.16488781182581688  0.17308769003640737
  0.18226734043075946  0.19305878624118272  0.20390599122639208  0.21373061812513086
  0.22360482497137674  0.23347484387104736  0.24537628143195189  0.25798699686242543
  0.26991165521534488  0.27946225140873371  0.28723007184876131  0.29345966484899444
  0.29946425227346746  0.30758227362554647  0.31685365154461143  0.32788199374026589
  0.33918515290152040  0.35015854043026928  0.36146737279330809  0.37150683387505828
  0.37957734108856350  0.38709350081753774  0.39516492898891897  0.40349336384119505
  0.41182778031808942  0.41959876764763371  0.42684356737917872  0.43545405768705986
  0.44835533765368035  0.46136546747746354  0.47381170245516013  0.48415458473003142
  0.49351409467466162  0.50299857513384250  0.50907493544237770  0.51548237259823093
  0.52083856859936073  0.52622542087877588  0.53331402109075798  0.54212110224811183
  0.55066420346058575  0.55867687802231081  0.56758570481623638  0.57677969697379972
  0.58884053162428152  0.60567578092156349  0.61911792192304871  0.63217405462363085
  0.64481059755364878  0.65759093098052546  0.67068018046960420  0.68302686416235936
  0.69644261857119338  0.71138098899869529  0.72630703601423308  0.73830518120136845
  0.74761888163066281  0.75615747239709086  0.76480591439713042  0.77426422741029866
  0.78427478198205625  0.79573223598517118  0.80651655740111083  0.81673105529141710
  0.82696037203887374  0.83838716998244756  0.85009642309516653  0.86171289644025129
  0.87327290395274970  0.88261025231440016  0.89030595267706913  0.89959047484748389
  0.90880029941251395  0.91859720474724393  0.93080820179281076  0.94316154160218291
  0.95558313140249884  0.96865612822052571  0.98268102470910601  1.00000000000000000
  2.98688634587374909E-010  -1.0000000000000000     
 T T T T F F F F F F F F T T T T F F F F F F F F T T T T F F F F F F F F T T T T F F F F F F F F T T T T F F F F F F F F T T T T F F F F F F F F F F F F F F F F F F F F F F F F F F F F F F F F F F F F F F F F F F F F F F F F F F F F F F F F F F F F F F F F
  <DiscreteSampler_grid>
  grouped_processes
  1 # 1 for a reference and 2 for a running grid.
  10 # Attribute 'min_bin_probing_points' of the grid.
  1 # Attribute 'grid_mode' of the grid. 1=='default',2=='initialization'
  0.0000000000000000 # Attribute 'small_contrib_threshold' of the grid.
  0.5000000000000000 # Attribute 'damping_power' of the grid.
 # binID   n_entries weight   weight_sqr   abs_weight
    10   10   8.460557606435501E+000   7.126432299530529E+002   8.460557606435501E+000
    16   10   5.358598505161494E+000   2.788296766332856E+002   5.358598505161494E+000
  </DiscreteSampler_grid>
