  0.00002015719249236  0.00002076954875144  0.00002146989647000  0.00002261564697961
  0.00002372310647371  0.00002477226966833  0.00002575700324482  0.00002671463473065
  0.00002776224666317  0.00002885970304288  0.00002942081105361  0.00002986207413820
  0.00003029745061507  0.00003071926197064  0.00003116551924357  0.00003169684588529
  0.00003217099690247  0.00003333162829616  0.00003459651963020  0.00003611844790776
  0.00003791216414477  0.00004014039376473  0.00004349898966984  0.00004639628069807
  0.00004920574615137  0.00005212328562510  0.00005523095627683  0.00005850290949952
  0.00006230445626762  0.00006619950342448  0.00007006370180968  0.00007380275722925
  0.00007744961379604  0.00008144352944013  0.00008574026438677  0.00008983700768638
  0.00009370544750639  0.00009776219223010  0.00010212403715525  0.00010661408228362
  0.00011085664841469  0.00011503527257159  0.00011992108994312  0.00012589648140013
  0.00013335128600769  0.00014349145701344  0.00015499168045246  0.00016584441678217
  0.00017659558016049  0.00018686843381430  0.00019731505031612  0.00020717616140311
  0.00021839658387032  0.00023303519936937  0.00025269355762059  0.00027657122737298
  0.00030293642583765  0.00033257155528369  0.00036833315794977  0.00039892161265336
  0.00042610047016387  0.00045211543225958  0.00047791953696681  0.00050722367641501
  0.00054257749461923  0.00058118030382136  0.00062427963156848  0.00067276554934966
  0.00072526722139369  0.00078000143494934  0.00084559674259679  0.00092652796507950
  0.00100521610950184  0.00108914246463490  0.00119707979688409  0.00135149835396629
  0.00153884985598017  0.00176327581720546  0.00200044679154437  0.00225159856411563
  0.00253638958046327  0.00293656503951072  0.00343741137093488  0.00404925312086634
  0.00485032646200708  0.00608788993519834  0.00796594377679497  0.01045490036944648
  0.01341724608432537  0.01711903146560377  0.02258690306965557  0.03097991452629396
  0.04138939494495182  0.05817753263329339  0.13246420509992096  1.00000000000000000
 -0.00003107266583512  0.00025296113491442  0.00047958806624917  0.00065465464499587
  0.00083192174394739  0.00104750687714326  0.00124995990777314  0.00140701552702606
  0.00155909511349859  0.00170409593453751  0.00191692814897173  0.00212041542072747
  0.00233022370724010  0.00255029748629329  0.00272843569772583  0.00288286973745865
  0.00305820615332752  0.00324846013248260  0.00346028875151856  0.00369924681899762
  0.00393026002829284  0.00414270529911848  0.00439543703192131  0.00468537171974543
  0.00498669821091613  0.00529916150347461  0.00563317242238851  0.00595575995834636
  0.00627105159115035  0.00660155512086454  0.00694801589373931  0.00731620761563944
  0.00767145275558440  0.00804596040653104  0.00842590048155184  0.00884915776153500
  0.00929375867816373  0.00972896877551726  0.01013379783139910  0.01056687511859919
  0.01102368306355082  0.01151039230330528  0.01198622783304883  0.01252615900820091
  0.01308476247176915  0.01364880610958243  0.01424303512555740  0.01490739988960846
  0.01560590447051275  0.01633561845148109  0.01712119384155638  0.01795731985275551
  0.01882013236773403  0.01956346247905852  0.02021400185902270  0.02093590626138205
  0.02169081315419085  0.02241356137157118  0.02306749123948118  0.02374160226069842
  0.02447737624189634  0.02523600160982001  0.02604938157085335  0.02689903488528844
  0.02806586804349661  0.02975123050674171  0.03156142511838952  0.03345256151167682
  0.03564848323000903  0.03821187065188565  0.04106404525579106  0.04401837705534353
  0.04694421544179578  0.04990295153325695  0.05309223983685262  0.05676286876211600
  0.06092092306977380  0.06525460163770258  0.06956222568093322  0.07401792642017443
  0.07856618190548653  0.08318505435647812  0.08947285271091907  0.09679389898334642
  0.10765945490684781  0.11963214400579643  0.13438345038887103  0.15207239767936165
  0.17665512541132233  0.21280865098953661  0.26228623973635234  0.32366560479035822
  0.41006087852337636  0.54586815546012657  0.72891734692246246  1.00000000000000000
 -0.00000023496918775  0.00000524208797237  0.00001369373571304  0.00002238323331406
  0.00003036478268069  0.00004021319004693  0.00005028446280583  0.00006098374056392
  0.00007148768486233  0.00008414349711327  0.00009792845530687  0.00011643648838326
  0.00014265153770349  0.00016913391946986  0.00019158584358848  0.00021460206300727
  0.00023849014090280  0.00027175610835126  0.00031267824911763  0.00036486301274647
  0.00042428141084353  0.00049511405386706  0.00057519265868581  0.00065156594307864
  0.00072779122729457  0.00081452848781437  0.00090879337679429  0.00102483274954724
  0.00120121816289673  0.00137286538529062  0.00154523467294438  0.00174875904523731
  0.00199883167609812  0.00235122542098467  0.00275293847065588  0.00313000357803043
  0.00352929022776507  0.00398227404221087  0.00450007509174309  0.00517783404436556
  0.00607111486159717  0.00683974864719187  0.00758246368919742  0.00838042642818489
  0.00921198642381149  0.01008492536087990  0.01125850314206928  0.01277250037811683
  0.01490079775353196  0.01752734758083198  0.02054238602037972  0.02388615578331533
  0.02819926139258417  0.03278303758852408  0.03625908639785096  0.04033440256030398
  0.04408202609604753  0.04773439378379146  0.05366448552967307  0.06248307248066148
  0.07338089431296481  0.08635584809585869  0.10240010571688929  0.11930363541128958
  0.13508856920973455  0.15376190327878811  0.17549001747506524  0.20124030136589383
  0.23367679826880078  0.27545926383158553  0.31250630394182044  0.34930206146668225
  0.38548596616899711  0.41600499567329147  0.44528202395912014  0.48774448830063744
  0.52932064112125932  0.55990040427445664  0.59208688343606997  0.61558531998319288
  0.63601478249487675  0.65536866095262702  0.67206451775080023  0.69132498359407124
  0.71121422000075341  0.73064800967286225  0.75209180149608112  0.77495866593390828
  0.79900017784039401  0.90479447720397588  0.92259470264738186  0.94039492809078784
  0.95665891546293369  0.97110594364195546  0.98555297182097734  1.00000000000000000
 -0.00196951880704104  0.00624037120843504  0.01400968967141858  0.02222810677752584
  0.03050092745927219  0.03837159454888762  0.04527568838669777  0.05179900840967246
  0.05914735172202688  0.06710109321207701  0.07450080289863951  0.08040943946256400
  0.08656530673926960  0.09403945246778768  0.10225030426788841  0.11240795951504261
  0.12391515341962574  0.13513259556970225  0.14586363683286768  0.15389158774465625
  0.16241378515371729  0.17112480688454104  0.18012912407940840  0.19020805639186592
  0.20044089821726072  0.21251029728120666  0.22593341519787019  0.24019174002702276
  0.25393295892123074  0.26722315479221820  0.28099931505408227  0.29311969097684237
  0.30500762120935737  0.31692101439553588  0.33032466172442676  0.34446349281580230
  0.35940835481918387  0.37397957327678416  0.38755453559674063  0.40111704932395503
  0.41377062930326713  0.42583297946859849  0.43700228595208085  0.44935072207594079
  0.46519341302628547  0.47937697181566952  0.49236114079245996  0.50583217181153883
  0.52037172121453201  0.53402571523933506  0.54767583113874141  0.56167025153465999
  0.57560864845248005  0.59071135918892681  0.60756305551874834  0.62381065955347148
  0.63664074634213108  0.64705349089954933  0.65726496116048927  0.66824887195783922
  0.67971427597695055  0.69106259057011377  0.70411398232185662  0.71715369529169981
  0.72782031771194067  0.73597023009839468  0.74406994651079195  0.75278199580168936
  0.76217514079735160  0.77215630165154925  0.78228758988022806  0.79358518883586204
  0.80526482117432940  0.81613039201194304  0.82662177444926643  0.83746653826157424
  0.84581796720170321  0.85247475180034848  0.85921724168724489  0.86518714822699072
  0.87004830891944529  0.87456549380135229  0.87992706652472019  0.88667032745059571
  0.89278941142714996  0.89727150284189272  0.90498992869673600  0.91447627509427898
  0.92435526818947078  0.93450084854629611  0.94531401844119956  0.95665157090243136
  0.96806817387824717  0.97894497902545474  0.98981872843006657  1.00000000000000000
 -0.00207320688549334  0.00937461607323820  0.02047253183602733  0.03157470164784171
  0.04445828933717001  0.05709880609948211  0.06928044417086975  0.08079876468628046
  0.09293250302925612  0.10517391779611900  0.11664315686627125  0.12645441391045742
  0.13530967410580252  0.14338543102775061  0.15181440235877613  0.16054224233689868
  0.16980935753377258  0.17637928098801620  0.18273815706542215  0.18915428043433322
  0.19572699167370991  0.20440053116503445  0.21463944902504409  0.22610754827142196
  0.23620473157806166  0.24575572736691248  0.25611007077364339  0.26733764876164567
  0.27852334337626727  0.28928215099424170  0.29914421190955759  0.30861270428477627
  0.31817654759435826  0.32733439233031841  0.33678406337604649  0.34636053900393898
  0.35701251630656827  0.36959742684129970  0.38094103765781362  0.39015415895384919
  0.40019356393995897  0.41167530684432779  0.42368830585543832  0.43652624023218850
  0.44962496794137896  0.46283735469126103  0.47658214937435939  0.49033225450033779
  0.50337929453478836  0.51527664642511362  0.52564471138372959  0.53674538157983209
  0.54701660437186228  0.55692136476743925  0.56911982793832017  0.58178787566823131
  0.59775515093253717  0.61316230228802182  0.62976429407444090  0.64771264112144766
  0.66500609341362438  0.67985482216835835  0.69185444131116858  0.70239982066191342
  0.71276973607971805  0.72290932204956182  0.73082016706655528  0.73725547287292814
  0.74386369239281847  0.75087283474733446  0.75951018140506699  0.76923982197381502
  0.77919119937146097  0.78954310221185364  0.80005508390903912  0.81108220516797924
  0.82425605878289077  0.83227974862382492  0.83913241848821141  0.84538015883526785
  0.85154864008955600  0.85732223762602988  0.86412839681876041  0.87507633141968766
  0.88542182750083642  0.89597768485343554  0.90784000289303202  0.92090260362141996
  0.93348094918972768  0.94508513837245989  0.95558354113065302  0.96395333510467462
  0.97186264270396616  0.98024184809993731  0.98914663750827547  1.00000000000000000
 -0.00201139739432747  0.00610789885254970  0.01474559199355548  0.02429070156546223
  0.03463759991001240  0.04446387286857316  0.05330368701939726  0.06001645084831368
  0.06684380534968185  0.07487120149176316  0.08265095268351114  0.08971675527921438
  0.09784164543468174  0.10766392265778561  0.11484162780936073  0.12066703499401643
  0.12705356445008220  0.13488209344148869  0.14491060887622370  0.15416207855294864
  0.16424467478792881  0.17540342293256819  0.18757038350559846  0.19828968564952260
  0.21015826509968460  0.21971568266037611  0.22888453613102455  0.23718696159136432
  0.24668445913879805  0.25758365364328611  0.26971045281148714  0.28183702995214466
  0.29265799781510110  0.30276202811358899  0.31269175650799436  0.32344322656283975
  0.33511587503225310  0.34767186051309312  0.36187387761630918  0.37897104659421260
  0.39409005799280300  0.40190078457310252  0.41004766111374380  0.41946447472338350
  0.42951109675153698  0.44035512183675468  0.44955547854305822  0.45869798795002015
  0.47185465256003462  0.48319386121119723  0.49259043634140398  0.50306241374491290
  0.51324529220602522  0.52241234540749271  0.53086784719571267  0.54072863360941548
  0.55428370824681605  0.56754357537028699  0.57849506250659499  0.58910950983662813
  0.59997788827865906  0.61142037805177996  0.62338164503176097  0.63403815232794225
  0.64488365378755752  0.65531205526248648  0.66576917973215544  0.67995155777169369
  0.69309694151653811  0.70620751043072683  0.71895478979371541  0.73228312268586315
  0.74463966663554315  0.75587336970625518  0.76612476893226356  0.77600075525977696
  0.78684248509820953  0.79909591270335378  0.81183549035734970  0.82556523075581423
  0.83910153187630210  0.85171561888843594  0.86252956945852277  0.87244406041605882
  0.88355615431570333  0.89387453331152622  0.90307969428147006  0.91205762012178715
  0.92119626131237697  0.93043405440309246  0.93984263661175382  0.94919190513712925
  0.95941373988026468  0.97186593653516895  0.98648592516958589  1.00000000000000000
  0.00146131561939109  0.00182491581252508  0.00208307387907718  0.00230558384898450
  0.00253975246440752  0.00277601270294997  0.00303605301448182  0.00333335388418641
  0.00364343719653375  0.00397146279607115  0.00431831114555419  0.00468433953266944
  0.00506919669533842  0.00547214067342537  0.00590222661249396  0.00635307605198916
  0.00682697103324194  0.00732415286714594  0.00784034457911724  0.00836761737976992
  0.00893491956959972  0.00954183121339911  0.01018890615908783  0.01087341934587168
  0.01158934097275183  0.01233799171118564  0.01310462021716245  0.01386534073090522
  0.01465505515541886  0.01545097093729176  0.01627566681750361  0.01713311483868398
  0.01804817479986603  0.01903808108639096  0.02012154258742275  0.02142598222728111
  0.02275712499642869  0.02403213559929766  0.02531274074868398  0.02661289383770048
  0.02795299948410200  0.02945354288278147  0.03104442473152778  0.03267782941394645
  0.03435365270022831  0.03628842938045698  0.03761207814414751  0.03843128001610793
  0.03929222461612580  0.04017320464297675  0.04117501016563215  0.04239810509646319
  0.04426739129917814  0.04650789178307651  0.04873589320026592  0.05099629246653125
  0.05389248333058374  0.05709917995946040  0.06034241833498632  0.06386240834239770
  0.06779955619373271  0.07240391392291826  0.07737010759402238  0.08301424949152073
  0.08963323598351523  0.09661925354615257  0.10407042958818373  0.11261939227093912
  0.12266778971613905  0.13326159602737597  0.14084844703739452  0.14843061236919303
  0.15675932852502641  0.16730973503041202  0.17942890515287549  0.19250169986138027
  0.20703269923074544  0.22589599253127227  0.24724395413895098  0.27256996349673240
  0.29917182383574215  0.32581740723316938  0.35529461205032475  0.38713727190237962
  0.42162054869476051  0.45910149168188907  0.50582725425875819  0.55769028434404899
  0.60763319663314908  0.64647147443771913  0.68524779604332009  0.72206229803885413
  0.74828021335358030  0.78444302295531010  0.85642616310082498  1.00000000000000000
 -0.00079414265851354  0.00234005087137538  0.00700254253657106  0.01179206298835802
  0.01645185690881310  0.02123538181922403  0.02686092200954215  0.03416967260887427
  0.04062808289857258  0.04770392232939857  0.05537908163602024  0.06329952558115051
  0.07227143673357034  0.08107731836032181  0.09071031738554328  0.10065128791213188
  0.11134803270985320  0.12222898971860684  0.13461365058006913  0.14693817190772482
  0.16001460311672416  0.17386789595389099  0.18780341920466015  0.20049858093295567
  0.21256267427168787  0.22467965943509602  0.23645325030414319  0.24785009564958480
  0.26040681994801479  0.27413052832921897  0.28901927071611905  0.30287653769726802
  0.31567598705503375  0.32859379258122751  0.34169263297086067  0.35410058412366907
  0.36454376499435709  0.37515552276966696  0.38596046709196358  0.39527453740523283
  0.40268194189206141  0.41042994214935935  0.42077417385123717  0.43686096030519167
  0.45043351998917147  0.46312170207180142  0.47383824288904058  0.48439234823405353
  0.49456784137378640  0.50723391431163067  0.51950270725391279  0.53315683894369859
  0.54556580807173705  0.55957440156937310  0.57573102834999590  0.59355356011164262
  0.61012889598150832  0.62414043923228590  0.63680731109817279  0.64868862448161346
  0.66016635921054745  0.67094448485346181  0.68178893966215892  0.69325926515174963
  0.70573225968243603  0.71915291680120230  0.73282872032668145  0.74678218144343544
  0.76088798370384159  0.77488312481125943  0.78986108837596747  0.80313063189555345
  0.81589864892377806  0.82742499882364384  0.83774447410842534  0.84485150837337120
  0.85270208783378210  0.85989716659468518  0.86768072257547724  0.87575647899259557
  0.88415514917267435  0.89214585910085842  0.89989378506782736  0.90653244291514934
  0.91355288702537873  0.92131752742093653  0.93008106338315821  0.93913468535761868
  0.94857491806714123  0.95742957373652815  0.96496862528636784  0.97204179900798970
  0.97910413284888009  0.98532063219806587  0.99230296326692258  1.00000000000000000
  7.90835733613967641E-010  -1.0000000000000000     
 T T T T F F F F F F F F T T T T F F F F F F F F T T T T F F F F F F F F T T T T F F F F F F F F T T T T F F F F F F F F T T T T F F F F F F F F F F F F F F F F F F F F F F F F F F F F F F F F F F F F F F F F F F F F F F F F F F F F F F F F F F F F F F F F
  <DiscreteSampler_grid>
  grouped_processes
  1 # 1 for a reference and 2 for a running grid.
  10 # Attribute 'min_bin_probing_points' of the grid.
  1 # Attribute 'grid_mode' of the grid. 1=='default',2=='initialization'
  0.0000000000000000 # Attribute 'small_contrib_threshold' of the grid.
  0.5000000000000000 # Attribute 'damping_power' of the grid.
 # binID   n_entries weight   weight_sqr   abs_weight
    10   10   2.194899441422074E+000   2.751118140609618E+001   2.194899441422074E+000
  </DiscreteSampler_grid>
