  0.00135861790575789  0.00350952637840698  0.00469466461892213  0.00646649132732541
  0.00826459662222285  0.01013469681080391  0.01214167752298656  0.01473108429136437
  0.01746460426087429  0.01928988123388834  0.02089002308915115  0.02340087688504172
  0.02675857210873105  0.02993934318016002  0.03270481886595358  0.03532955427899123
  0.03758684992884880  0.03970193853091059  0.04180515443927795  0.04434615840803111
  0.04745066037562511  0.05128159961179366  0.05584805585766017  0.06025198611520056
  0.06453272514754056  0.06877510158885303  0.07307524301102652  0.07741114281345303
  0.08161637502036592  0.08569308215195795  0.08932018075643698  0.09300704285813827
  0.09687121621162012  0.10157081502872478  0.10594082793741380  0.11057843443615942
  0.11582955540360801  0.12090106541764854  0.12594088915537069  0.13075757057743206
  0.13599688876839555  0.14187059613293876  0.14888022879303944  0.15656813497264499
  0.16450154620058560  0.17117818684631608  0.17751171357388937  0.18390090146888244
  0.19029516735950658  0.19832774661787633  0.20663553397509862  0.21474836062811012
  0.22321122991495995  0.23227972243299821  0.24265423273778591  0.25356296246516769
  0.26454481693344495  0.27503421178908077  0.28526040694641902  0.29570344574338436
  0.30718596050996516  0.31983333946872528  0.33284769713917606  0.34644725098575957
  0.36093685140064208  0.37676036770041110  0.39257208852555209  0.40769924489273290
  0.42232162913180776  0.43685556508464157  0.45149337024730019  0.46617746458681847
  0.48198640072450505  0.49715402379812013  0.51213830208620825  0.52713010724762621
  0.54179504158800407  0.55572373114982287  0.57024666772065313  0.58564635994978986
  0.60026099513840614  0.61389381992459435  0.62702351249170463  0.64001805820025215
  0.65300679987097998  0.66586889642114644  0.67824934415261295  0.68964829750473711
  0.70079072937198683  0.71156695427910599  0.72215636153413731  0.73285947614519986
  0.74215965852503940  0.74841380433636684  0.75042549128555602  1.00000000000000000
  0.00003700908146019  0.00004307839889453  0.00004875104999613  0.00005380368240387
  0.00005986944751527  0.00006670339741443  0.00007350461575825  0.00008014425686175
  0.00008676056001369  0.00009299478038519  0.00009851704395024  0.00010370612968874
  0.00010896505970277  0.00011486622537279  0.00012303658261190  0.00013350468103707
  0.00014719588783269  0.00016240330502810  0.00017546048239094  0.00018878471624099
  0.00020356332199942  0.00022078456939577  0.00023735609617925  0.00025192171300185
  0.00026666521889508  0.00028303881505201  0.00030441278483446  0.00032928014337006
  0.00035753877533837  0.00039116415592095  0.00041847371602763  0.00044715634131424
  0.00047608935192441  0.00050570623519403  0.00053884082094525  0.00057900254961156
  0.00062439417820321  0.00067152316067003  0.00072137557591991  0.00077174412131897
  0.00081880110281588  0.00086545807547754  0.00091821216912468  0.00097650707616199
  0.00103415922107241  0.00109621551929289  0.00118014961115020  0.00128511118439194
  0.00141150464044658  0.00156346068546977  0.00172522775980891  0.00189031267306686
  0.00206539748660692  0.00226110747323964  0.00248344935622949  0.00272240655506282
  0.00296186334932314  0.00321006923139112  0.00346455769274408  0.00374502052927396
  0.00406434345051132  0.00437721944520491  0.00471008662002658  0.00507075862387964
  0.00549943635712412  0.00595087491099900  0.00641921936952745  0.00691832517846635
  0.00744141163622080  0.00802510574776006  0.00874886678970388  0.00967639524723917
  0.01069697073360406  0.01175707869657746  0.01289311325911418  0.01419296046611545
  0.01566854929919148  0.01744475489656575  0.01944267943468358  0.02154912394319203
  0.02382609268916730  0.02656282175847522  0.02980977132575868  0.03381357570117478
  0.03838997598617162  0.04347043156708447  0.04963055065173994  0.05794897001775895
  0.06849624527048521  0.08148084693573024  0.09847215967014383  0.12244867960580411
  0.16146750400733156  0.22848680711822289  0.39985290335854085  1.00000000000000000
  0.00000321374065033  0.00002902485563383  0.00005103005318179  0.00007383975408840
  0.00010654718126740  0.00015865963564795  0.00023200564725475  0.00032168597788233
  0.00043233959550845  0.00055051400175030  0.00070911663013649  0.00092433310649776
  0.00116649290832819  0.00151164983173025  0.00196516957498725  0.00243392898660124
  0.00299469553622784  0.00369867986143376  0.00447427505625223  0.00527525641858272
  0.00618654091370967  0.00720359159342153  0.00835421654974398  0.00964497526391201
  0.01107753188893618  0.01254860497467107  0.01403384745232468  0.01581401173970613
  0.01799310688264623  0.02047656667302265  0.02299226790376235  0.02581799681566092
  0.02899191580878435  0.03269517766712021  0.03642055468877158  0.04015187049078035
  0.04397173416415411  0.04802113987559310  0.05238130405616729  0.05691999380825341
  0.06188582157613161  0.06705135066955169  0.07217004904261949  0.07694667870004183
  0.08147006245914291  0.08629528739256905  0.09164571166168542  0.09758453417188266
  0.10422143846446648  0.11145024897869182  0.11906093387805923  0.12773255777786402
  0.13649743546250409  0.14469800622735937  0.15233273826977378  0.15945637132342794
  0.16835049211660530  0.17615650378194969  0.18417112674010336  0.19269114895199890
  0.20151495130631730  0.21328214721537708  0.22578319027570393  0.23799318994386628
  0.24973407386058497  0.26147616892499143  0.27374011840777529  0.28665846962986019
  0.29932290683070401  0.31186866588665024  0.32418700549376517  0.33693368593501977
  0.35104255637006926  0.36698151718885041  0.38490543802906313  0.40243336476661506
  0.41990563436000705  0.43879658098923197  0.45771195708419360  0.47683912364908110
  0.49642786728239907  0.51669059067464485  0.53586959300895920  0.55461348823056023
  0.57526132655184259  0.59709319989568799  0.62546076570100795  0.67002491658457042
  0.71244585771028168  0.75565244750703486  0.79512287630473144  0.82455855836754910
  0.84510399386149548  0.85923946137000828  0.86303570920542827  1.00000000000000000
 -0.00081322313955048  0.00192618835951157  0.00536767314263487  0.00909978346267188
  0.01325963951508212  0.01886133176947697  0.02503411388157714  0.03145391936418667
  0.03784600603358734  0.04486942497342990  0.05177600923006190  0.05845848152701309
  0.06504346637309334  0.07224289682522092  0.07921408744133324  0.08657647350098853
  0.09411939088089272  0.10269108517297026  0.11155360870052471  0.12025737001540132
  0.12938318530712911  0.13945806407320413  0.14986565426308412  0.15765553683272807
  0.16432321756118967  0.17149094407056786  0.17937804189579021  0.18759718844949289
  0.19593371586240080  0.20480919316955526  0.21581651632395402  0.22779537967099578
  0.23836459108886635  0.24884919164797528  0.26033287424447538  0.27264778176271026
  0.28454797204963611  0.29690234352907141  0.31094196989732475  0.32480370807095993
  0.33804822340331431  0.35237617249746805  0.36738943874316693  0.38279592055411255
  0.39701043425671317  0.41055638689978130  0.42430912376163216  0.43900133425833510
  0.45342918871500520  0.46756047532253270  0.48133458474233215  0.49561190287568085
  0.50920026219996917  0.52323947980574936  0.53744139012167946  0.55227542866599388
  0.56827316856656573  0.58572945522534348  0.60233516789575647  0.61717256673108756
  0.63072449232746530  0.64479105305049511  0.66081078601248922  0.67757257121069003
  0.69356494713553440  0.70923695355584049  0.72549379105400791  0.74125496431078597
  0.75689731762582968  0.77189024468383649  0.78482171513482146  0.79772484535109589
  0.80874557065971231  0.81942266121662433  0.82913184319930711  0.83938300193015880
  0.85134630731009020  0.86207241371662036  0.87093402859399516  0.88017300532733678
  0.89010047738084219  0.90161165907951546  0.91317805257051166  0.92365683800509446
  0.93247735907476381  0.94029876117622779  0.94754287035302776  0.95468222900933430
  0.96222079138138394  0.96860125080253989  0.97415811440169131  0.97953944868245957
  0.98436715967137034  0.98952097811014150  0.99477453863025012  1.00000000000000000
 -0.00184488058722773  0.00841854812769886  0.01674376599454289  0.02596947593403688
  0.03506567219819352  0.04291337620489414  0.05179129848889918  0.06095318633461342
  0.07070024580734996  0.08079854344901742  0.09017366846850580  0.09969260038046530
  0.10991688315252296  0.11898073587501640  0.12737384758095879  0.13561901504477483
  0.14450698358514383  0.15445416992850747  0.16448611063193425  0.17478262289242885
  0.18544697923551132  0.19680249480292789  0.20946808748041745  0.22374886601524141
  0.23836553188063353  0.25133360402442351  0.26383804211090817  0.27691705752246820
  0.29051620333885314  0.30266821793912746  0.31456627259248637  0.32773868027408887
  0.34210023109058196  0.35559395216899869  0.36750296226643631  0.37859966768256020
  0.38898177362139819  0.39944070579293184  0.40998281339502063  0.42043988300906993
  0.43058171052170585  0.43949799613897716  0.44792734329183914  0.45665283351731584
  0.46329120176806732  0.47024000231824314  0.47904762510359816  0.48819931806334227
  0.49739929553815615  0.50696651414091842  0.51724213018021825  0.52775475746123890
  0.53834086218036925  0.54914290072475413  0.55968536606880115  0.56883654277824924
  0.57677044500987440  0.58447513266517304  0.59289530177920458  0.60196752562583955
  0.61153151956587903  0.62086098171540494  0.63000798740342701  0.63990376989133024
  0.65014447897514838  0.66289473635202623  0.67482465811269254  0.68733900630333578
  0.69955008026920606  0.71000443959780024  0.71903090201342001  0.72822361170366645
  0.73870721030911457  0.75005366024388986  0.76174408460172804  0.77306069670864053
  0.78465511790398290  0.79587828032974461  0.80610591222470873  0.81562302859337155
  0.82512448783467018  0.83515510553647687  0.84550275598629299  0.85582753576059645
  0.86632002942596931  0.87724408059503423  0.88918294321575075  0.90119752484448890
  0.91364689182322989  0.92556663463151512  0.93861192022437123  0.95106732582900844
  0.96269733043077355  0.97484548105849311  0.98753173745897627  1.00000000000000000
 -0.00267961365463310  0.01072453668636409  0.02030037581355180  0.03089830400441573
  0.04127931309177596  0.05240137126132868  0.06322622635809858  0.07429713001761473
  0.08591624499730323  0.09841938140637851  0.11065631001299051  0.12244681320333274
  0.13327859381888801  0.14408505982323380  0.15482323907355439  0.16553964940380927
  0.17675037767792443  0.18889450409698019  0.20168513597242929  0.21447613567296514
  0.22674496007541370  0.23819938338149299  0.24903835946218847  0.25860391637553010
  0.26734959272418402  0.27575664858998677  0.28373528000353887  0.29245469926694578
  0.30176508602866098  0.31182300460653706  0.32060154493074444  0.32880132158780145
  0.33771918436307469  0.34811761972189381  0.35885844806345124  0.36774718963588510
  0.37634698319253901  0.38475441255518594  0.39376737236234000  0.40353256995323122
  0.41361015883093821  0.42410131161899350  0.43486345884107652  0.44530924782180853
  0.45540044480617731  0.46539966223766854  0.47513200303276559  0.48495282448206806
  0.49506337539792911  0.50596516246452983  0.51738081773336653  0.52847916985912424
  0.53907367711898990  0.54968164683457865  0.56015692982920584  0.57067476148868412
  0.58115099253337565  0.59165415577640590  0.60233153081238033  0.61309589308208667
  0.62446438134685123  0.63559436662486035  0.64575665503371593  0.65519506404872652
  0.66428992778543328  0.67369986210892163  0.68345742097685436  0.69404636239144846
  0.70490418505280361  0.71554603936459882  0.72618220973336522  0.73779877213837119
  0.75006595903277007  0.76295140857342592  0.77499027153448041  0.78629774082310677
  0.79763863649134503  0.80848650414176437  0.81905685849954968  0.82887218781398186
  0.83957273666245658  0.85052072202678020  0.86201675550663304  0.87289641419565822
  0.88299188786620642  0.89373833246452294  0.90465046814348260  0.91368702612061847
  0.92203785750777678  0.93033067636153277  0.93940118005741302  0.95089960895246461
  0.96278897445445177  0.97507710420779148  0.98758279320868447  1.00000000000000000
  0.01007955439099644  0.01482233617766949  0.01913961740526288  0.02617807884575776
  0.03408274521539991  0.04274043054675340  0.05467254603028997  0.06882936867408955
  0.08037594340927616  0.08918969417168762  0.09738767886945174  0.10538214469908230
  0.11405744797941393  0.12324619903696518  0.13252164746383710  0.14244122473140694
  0.15219725124471400  0.16157963508970505  0.17109589001372175  0.18139357716053683
  0.19361342014748761  0.20745736107485752  0.22142305622329422  0.23459178581712870
  0.24763698823474897  0.26132399333237460  0.27499180396530370  0.28661766464680749
  0.29801485264866717  0.30905117654448855  0.32148146588805881  0.33493805860399334
  0.34786552041285701  0.36079024514039360  0.37317790061287281  0.38411137418552521
  0.39502467713137179  0.40517948321985686  0.41393297490505304  0.42258764698078038
  0.43182773940689795  0.44165327644020241  0.45138016618419846  0.46073499220969927
  0.47098151346981371  0.48300273891023837  0.49618017182555701  0.50962977405884580
  0.52311981652238582  0.53575870894439459  0.54643018290684342  0.55578194698538241
  0.56666783815720145  0.57941765514864108  0.59255581261434254  0.60595514989043420
  0.61965305903643886  0.63252605216442082  0.64476708577407671  0.65683804000334678
  0.66912549313152259  0.68073677669054755  0.69301773190332727  0.70405695346373975
  0.71447716815350193  0.72490692074032170  0.73645076671956966  0.74812285715697568
  0.75831881075523311  0.76767057521096727  0.77660464779236094  0.78606478389604251
  0.79536672422272547  0.80489216859231050  0.81367520728836451  0.82422417231333389
  0.83369020040539710  0.84334215274204105  0.85275188938352808  0.86062010941453793
  0.86938803227482742  0.87830457393288974  0.88644008618781456  0.89401444694752152
  0.90110192796219235  0.90858698637719582  0.91611981761130434  0.92466483033743907
  0.93346779309204986  0.94234894991896201  0.95158441726944409  0.96057968853724640
  0.96978826506364058  0.97912045547847515  0.98914693733868220  1.00000000000000000
 -0.00283766367408966  0.01268042727926724  0.02519968345834925  0.03766018718275367
  0.05105774342928945  0.06531179012329957  0.07787743810355423  0.08933235985938015
  0.09997203184435909  0.10973866579099800  0.11955184353439602  0.12888268112795565
  0.13900254140275006  0.14922197508463203  0.15962061821376766  0.16998992012825292
  0.18055975859217482  0.19144925801801907  0.20273894538911660  0.21410088243478795
  0.22337466218745922  0.23229474705446007  0.24035550300431630  0.24850412343183864
  0.25741736525705261  0.26598675734345301  0.27525389784684634  0.28452584343853421
  0.29595926866393507  0.30789473004885815  0.31879602626904607  0.32860050023286341
  0.33876634547847739  0.34975195125336100  0.36142139415877650  0.37378662099008386
  0.38702831852800890  0.40017606995729993  0.41190767727291627  0.42340337642070419
  0.43424139945581708  0.44608188072494637  0.45846473780412689  0.47203283016417547
  0.48709378252242980  0.49809915619355993  0.50582395019265691  0.51323653164923577
  0.52070034885845806  0.52962686568056239  0.54109208324063474  0.55355707089756789
  0.56509590492835582  0.57422970047632338  0.58307702805895789  0.59239320432442766
  0.60231893221079735  0.61264295649685996  0.62324171027891972  0.63293861491623127
  0.64270730469166693  0.65278434697689847  0.66330189534033557  0.67354309780972621
  0.68284795900377604  0.69169721953666929  0.70057493681612237  0.70960991170268561
  0.71895515710542623  0.72847372516777309  0.73820306594383722  0.74800303754207165
  0.75770308969564659  0.76648374912161432  0.77397133895452253  0.78196273995829835
  0.78951536300883818  0.79987009777888118  0.81015390469304405  0.82113684960375111
  0.83260615228368429  0.84396469223221859  0.85578400834915180  0.86728773459847841
  0.87893574566311505  0.88925483525534266  0.89921596769796952  0.90978442595762843
  0.92084194155896348  0.93152686565252474  0.94205706423777003  0.95277537865876250
  0.96418437705970583  0.97545676456599451  0.98738666176155176  1.00000000000000000
  7.47948971673109325E-010  -1.0000000000000000     
 T T T T F F F F F F F F T T T T F F F F F F F F T T T T F F F F F F F F T T T T F F F F F F F F T T T T F F F F F F F F T T T T F F F F F F F F F F F F F F F F F F F F F F F F F F F F F F F F F F F F F F F F F F F F F F F F F F F F F F F F F F F F F F F F
  <DiscreteSampler_grid>
  grouped_processes
  1 # 1 for a reference and 2 for a running grid.
  10 # Attribute 'min_bin_probing_points' of the grid.
  1 # Attribute 'grid_mode' of the grid. 1=='default',2=='initialization'
  0.0000000000000000 # Attribute 'small_contrib_threshold' of the grid.
  0.5000000000000000 # Attribute 'damping_power' of the grid.
 # binID   n_entries weight   weight_sqr   abs_weight
    10   10   2.740018716056302E+000   6.168749753937428E+001   2.740018716056302E+000
  </DiscreteSampler_grid>
