  0.00000374979443437  0.00000426419312659  0.00000472882126141  0.00000525157693769
  0.00000584548650612  0.00000649966478191  0.00000719016751180  0.00000790836275892
  0.00000866619191063  0.00000946888797799  0.00001037141332577  0.00001140520471993
  0.00001251604504590  0.00001375871473489  0.00001512296325981  0.00001654657124402
  0.00001794642231215  0.00001926923608451  0.00002061970989979  0.00002210978473310
  0.00002379116987861  0.00002586203539453  0.00002816114745895  0.00003056961286301
  0.00003295909196015  0.00003526910908635  0.00003751590549565  0.00003967298041942
  0.00004176303714623  0.00004365118873245  0.00004524271841760  0.00004673227010703
  0.00004815187174133  0.00004964660530051  0.00005117170782347  0.00005273627695093
  0.00005437224803525  0.00005607229478470  0.00005778784676243  0.00005955319092193
  0.00006142517814771  0.00006336622455887  0.00006537129425522  0.00006747208508100
  0.00006961257127341  0.00007188931847105  0.00007426865813784  0.00007693269884119
  0.00007977784149723  0.00008281980222525  0.00008598927874065  0.00008930176869129
  0.00009279202588421  0.00009642933920707  0.00010026792290147  0.00010425342938035
  0.00010846144859044  0.00011287709592396  0.00011756289995925  0.00012263127035490
  0.00012805764927753  0.00013390244827861  0.00013981412669761  0.00014636864794364
  0.00015387172357017  0.00016200643953130  0.00017079903361680  0.00018012778378092
  0.00018991723079440  0.00020030127456407  0.00021176163493010  0.00022429800577309
  0.00023735576108194  0.00025127013214844  0.00026664788379324  0.00028306522917058
  0.00030160636888247  0.00032336252275570  0.00034853799798055  0.00037732283809056
  0.00040933002639563  0.00044581695611969  0.00048905010138197  0.00054207685907739
  0.00060534375064181  0.00068655976672275  0.00077761063407453  0.00089247679152853
  0.00103941175209885  0.00123445789236490  0.00151721588842663  0.00196905805195851
  0.00275822469997616  0.00466522381610520  0.01322707546255411  1.00000000000000000
  0.00000223115521081  0.00000257937810642  0.00000284391405575  0.00000314602410287
  0.00000376498833339  0.00000434527725083  0.00000487683136546  0.00000533910000524
  0.00000577923244849  0.00000626032936823  0.00000681049632294  0.00000733118137126
  0.00000784930797283  0.00000838153409672  0.00000894501497498  0.00000953536279995
  0.00001014772485380  0.00001081498697225  0.00001154904611475  0.00001231593798419
  0.00001310859895236  0.00001390526686911  0.00001471548954605  0.00001555562345571
  0.00001642030371944  0.00001726211326879  0.00001824719397167  0.00001932303015170
  0.00002041213306708  0.00002146799137258  0.00002250225166969  0.00002354875583316
  0.00002466520745197  0.00002587124995998  0.00002722497178931  0.00002878429840907
  0.00003048682799209  0.00003232898742867  0.00003425832437059  0.00003625517136804
  0.00003839368688580  0.00004065588862184  0.00004297868697347  0.00004552662720211
  0.00004839026603479  0.00005171154167171  0.00005557271601930  0.00005982416484208
  0.00006427552544505  0.00006880804910068  0.00007384238413344  0.00007940934186668
  0.00008563761167191  0.00009270910706596  0.00010052430244672  0.00010898273333443
  0.00011849569809431  0.00012931426371034  0.00014178726669372  0.00015583609418139
  0.00017131044328419  0.00018826584672625  0.00020691185222893  0.00022781541547772
  0.00025116941503126  0.00027617297092190  0.00030249199139619  0.00033129469644532
  0.00036333147678739  0.00039843173271303  0.00043666880783581  0.00047905924587273
  0.00052590710535091  0.00057830688349454  0.00063587095183963  0.00070176133382905
  0.00077755568443755  0.00086390259286468  0.00096514987532394  0.00108199298100275
  0.00121979676421383  0.00138698364119070  0.00158460925082911  0.00182050772939659
  0.00211045268604369  0.00246979414538489  0.00292829749186222  0.00352298661749814
  0.00438645730365741  0.00572109590837285  0.00786687864411723  0.01165174196372806
  0.01847029172162933  0.03355543056535317  0.09111065206351174  1.00000000000000000
  0.00000401897366212  0.00000464856904379  0.00000517428875559  0.00000559494544384
  0.00000612924595397  0.00000676564285544  0.00000750801407799  0.00000841239614922
  0.00000918287646705  0.00000993529213761  0.00001070100691287  0.00001147040201795
  0.00001228358703215  0.00001333189660641  0.00001421650647984  0.00001509637536720
  0.00001613085308983  0.00001717998046210  0.00001828840414219  0.00001955165210044
  0.00002097384399272  0.00002252706144630  0.00002402011255413  0.00002539885653787
  0.00002672483083103  0.00002805546857608  0.00002940111123498  0.00003076108046422
  0.00003214390920313  0.00003359334547851  0.00003522682560172  0.00003673625326152
  0.00003817450506773  0.00003966634872557  0.00004125015890888  0.00004278390607233
  0.00004450756406878  0.00004607604893210  0.00004765629271428  0.00004928803222203
  0.00005103120085123  0.00005291172184596  0.00005485928374412  0.00005679086324792
  0.00005869688987457  0.00006091273086205  0.00006324632767249  0.00006575068993841
  0.00006833584123809  0.00007117750048944  0.00007423226137207  0.00007747288967581
  0.00008083982437019  0.00008439081112126  0.00008827289310721  0.00009248097063440
  0.00009696530329369  0.00010173675350606  0.00010678097644462  0.00011207797254720
  0.00011763744750550  0.00012352694865016  0.00012989295493346  0.00013666245760979
  0.00014379604191629  0.00015150040549525  0.00015991330734574  0.00016910247833552
  0.00017909833694702  0.00018958689295329  0.00020056976695876  0.00021271915653707
  0.00022661769424909  0.00024217546804516  0.00026000692541985  0.00027943435621344
  0.00030144648474130  0.00032722568699243  0.00035690100921200  0.00039030738321171
  0.00042816452275331  0.00047308839057554  0.00052772004144879  0.00059263078347776
  0.00067126700219873  0.00077043520891484  0.00089472225957559  0.00105547848978641
  0.00127587798177559  0.00159261779021992  0.00204950828534948  0.00273133272473789
  0.00418266079650423  0.00780755634991353  0.02720765201895740  1.00000000000000000
 -0.00226877549408411  0.00911005116816752  0.01880091926573547  0.02951932769159694
  0.04079703280934903  0.05065987732201278  0.06075313211573811  0.07110998222497185
  0.08167141344879818  0.09176762772957003  0.10121014552018676  0.11096520422456960
  0.12169203242717364  0.13313625184589367  0.14472708080966518  0.15599183558651189
  0.16665719426194792  0.17699567415273543  0.18674354924931474  0.19622506560966196
  0.20573391324464102  0.21536771497782242  0.22500756772454919  0.23479960947371264
  0.24511170116985673  0.25534163715594260  0.26591847976991034  0.27631448827876637
  0.28665331034428554  0.29710345217355644  0.30794833563196072  0.31954436243875473
  0.33147717130197651  0.34329838288276704  0.35484008164715897  0.36627036886232117
  0.37728762838770963  0.38852076990237916  0.39959169109266701  0.41028619951857254
  0.42066559437656947  0.43072787958054415  0.44081180674791409  0.45094874936731200
  0.46164029915993826  0.47249176419526911  0.48317437376205458  0.49402827640319880
  0.50513558426733196  0.51675799985049520  0.52790722520404043  0.53855523663537708
  0.54873211580804138  0.55890265673728989  0.56912222614430963  0.57975915261123723
  0.58960398327963470  0.59918485125538079  0.60952619824538423  0.61948246616638103
  0.62916318127290938  0.63885370321886836  0.64900274616505205  0.65987703132418751
  0.67141764107287916  0.68324576481170807  0.69459867986697843  0.70557772521387019
  0.71606432371235129  0.72656823257902037  0.73679288613458882  0.74755100304633959
  0.75829550177618310  0.76963103610290218  0.78131691335985265  0.79275841720973639
  0.80409341923599786  0.81539900475125748  0.82644442939655927  0.83690467026196713
  0.84704542207339850  0.85714105297112508  0.86741488605314065  0.87767601689174390
  0.88775523100176823  0.89770747541883822  0.90788676914582633  0.91831023107601495
  0.92860145391022997  0.93871729926298431  0.94816988215795273  0.95819465984487462
  0.96918737307618852  0.97992386950932009  0.99014862096693135  1.00000000000000000
 -0.00003879919306471  0.00018139241662138  0.00044210662279376  0.00072332657532808
  0.00101814709996433  0.00134542143742767  0.00170083208531789  0.00208549819283669
  0.00250297749321782  0.00294282243457443  0.00339078671357172  0.00386012815932879
  0.00435650940497653  0.00487777435725165  0.00545936642639902  0.00611737002837977
  0.00683432134160532  0.00758376741120060  0.00839213747329433  0.00927323455347437
  0.01020684401762007  0.01119361754763183  0.01225686299737863  0.01341302074457170
  0.01468641048841239  0.01601635422066022  0.01739029339772278  0.01880522804375558
  0.02030104330736207  0.02196663120511257  0.02377178644456203  0.02564536332040060
  0.02755865777145923  0.02952802885549993  0.03158979868237066  0.03377254161245049
  0.03607201231057035  0.03850549829759162  0.04111571691410454  0.04399359089137297
  0.04716324782075548  0.05054586432897890  0.05408785685837737  0.05773844014620293
  0.06151295769798727  0.06555148728679100  0.06991155617937694  0.07449188858723113
  0.07923309973302990  0.08429565958868231  0.08999616492384475  0.09600668598171763
  0.10227450085619638  0.10881187296418481  0.11569855105563154  0.12305213455897092
  0.13092944628964423  0.13920189104603237  0.14786865393131726  0.15663866496203346
  0.16569822581655871  0.17519529287894112  0.18541700217328047  0.19635587921910200
  0.20769515079208659  0.21918114385651080  0.23075336817418410  0.24317559606262440
  0.25667621706337229  0.27140813633391553  0.28705967108312225  0.30307657923904124
  0.31983234082361151  0.33759443554680801  0.35613157665157935  0.37563956633269341
  0.39654407569167660  0.41875173220188888  0.44204639772019899  0.46592575002813219
  0.49029348812911117  0.51556955476838406  0.54312088778983336  0.57049582246137676
  0.59834205696118525  0.62803821874222820  0.66095896467449378  0.69483909826484369
  0.73060593440064758  0.76696994338344482  0.80428450243105087  0.84180317313659225
  0.87997579390933367  0.91869270302524730  0.95825214888426491  1.00000000000000000
 -0.00267445217562492  0.01095460960076305  0.02288454512020886  0.03604405668177948
  0.04815168775825936  0.06016956180911517  0.07128578201915313  0.08221676120559357
  0.09292114699895862  0.10339775778250077  0.11418823852800475  0.12514691959918869
  0.13611403376819856  0.14660572716360662  0.15688193661201519  0.16728868812491066
  0.17767858068656947  0.18782284302299643  0.19751424164522374  0.20694664613642882
  0.21646858950612000  0.22615879046489276  0.23583696471018573  0.24553904792384329
  0.25538475423792761  0.26548531954096255  0.27554858234604551  0.28564690453389813
  0.29558045112579889  0.30549628654717303  0.31540418693781386  0.32558922997538264
  0.33601793527187240  0.34521374594594695  0.35494310731120604  0.36509632153997701
  0.37540875211394720  0.38508484588350561  0.39459872691449488  0.40509753861272979
  0.41633478037977040  0.42759199896138012  0.43872153596677221  0.44928722608077160
  0.45974586640502929  0.46982356221796884  0.48028192219821492  0.49060426527350953
  0.50086108234939264  0.51157552585354782  0.52272488738936884  0.53390758449620224
  0.54492372026541014  0.55622001318327718  0.56737029798804051  0.57815932487086186
  0.58909728346915591  0.59992534915765439  0.60987508143296920  0.61914917714060358
  0.62872423016964274  0.63818002644862004  0.64780149666314990  0.65749474385033790
  0.66751829544221386  0.67752738559363346  0.68730540433625786  0.69727816676349008
  0.70750216360846341  0.71778316037365153  0.72803875249743333  0.73851159073376316
  0.74905628752344688  0.75936422191119957  0.76986508461647052  0.78063157279684681
  0.79207063386000309  0.80293254964587046  0.81324767696523026  0.82285867507111632
  0.83229520934378420  0.84208378562069008  0.85185147555122187  0.86162734782108896
  0.87170242580654000  0.88356658714012859  0.89549339690800522  0.90733236106446957
  0.91853046106240699  0.92987848187755895  0.94086436075994784  0.95241932881876123
  0.96351668992831341  0.97509793477439966  0.98680396397212100  1.00000000000000000
 -0.00004251315854302  0.00010695404945833  0.00058709537776509  0.00141012659891363
  0.00258053386001081  0.00395791246454162  0.00550945320044243  0.00730226377057946
  0.00945788997299992  0.01194332938084935  0.01463944519516559  0.01753069684958092
  0.02074853143657810  0.02436065708850798  0.02822951858676468  0.03221781926882874
  0.03636973903977769  0.04077038248625484  0.04570184384598047  0.05125496477853115
  0.05703570235587190  0.06328753715960631  0.07005329579251005  0.07714879905231178
  0.08449974021335234  0.09206335177759840  0.09996541714203810  0.10813008963877802
  0.11675727419798185  0.12606416275971211  0.13607028691110978  0.14630291045721541
  0.15672910268334520  0.16750268893947670  0.17868949429034461  0.18982190280057579
  0.20079226053587279  0.21205997401599186  0.22429615867297070  0.23736816389764792
  0.25056879423767331  0.26367985610702227  0.27691105040121800  0.29061827853407574
  0.30500904415658792  0.31990803245669663  0.33458869966218385  0.34872643104927015
  0.36286455654207900  0.37744402212836631  0.39307407236436809  0.40982109012117884
  0.42602821910876143  0.44086760928455310  0.45561782693935676  0.47109002835525032
  0.48748708127984186  0.50314366178911729  0.51744416714375374  0.53198048262057007
  0.54622914023159930  0.56246861116910929  0.57768543837303044  0.59265517618933450
  0.60726774898100289  0.62174879370063130  0.63738818467703107  0.65302794923109786
  0.66780268364620121  0.68171775633379972  0.69534950019515440  0.70949142176731816
  0.72441674540996359  0.73996685198301981  0.75568380496750220  0.77037852395218043
  0.78442042009270874  0.79755624481224929  0.80975550655417572  0.82068683371484419
  0.83121654777347165  0.84124318473650916  0.85169664282376667  0.86180278313153202
  0.87077620242005882  0.87976264877254207  0.88980810149468659  0.90070174862845931
  0.91253182100387020  0.92443164598387595  0.93561988025687848  0.94778523363466616
  0.95949128660430549  0.97266568418757726  0.98598833846099121  1.00000000000000000
 -0.00377186497397966  0.01576152164166090  0.03316209270210305  0.05194523689033698
  0.07008604545873226  0.08790292385916827  0.10531519595006464  0.12259135187512576
  0.14007519861367485  0.15741942762212069  0.17396248144515103  0.18964741176518007
  0.20473041712225393  0.21936794536075155  0.23338007851137132  0.24678620410470981
  0.26006080945128163  0.27292338481845041  0.28519293772507442  0.29690412572424896
  0.30828653614946322  0.31913147140979048  0.32946811312006963  0.33942011223894797
  0.34880218540050145  0.35763851807628771  0.36605543789401740  0.37437082142658790
  0.38246137448142237  0.39016262192688905  0.39754434043266557  0.40471119795563798
  0.41168526252947951  0.41859655375579102  0.42613042116472771  0.43282153235780574
  0.43934905812590092  0.44568840350848132  0.45171060265452168  0.45760019350060560
  0.46346056648717621  0.46937981814800994  0.47518957864222500  0.48067625109697604
  0.48601187852604216  0.49141927679306435  0.49713084438676441  0.50315908937940879
  0.50907207326672976  0.51454007666730184  0.51960507964012825  0.52447608497062059
  0.52957975668955504  0.53501793842301737  0.54065124764447126  0.54649781350344662
  0.55248916879988763  0.55850161784184138  0.56456446250659265  0.57070332660491507
  0.57703330122372010  0.58373211478992215  0.59083061166245643  0.59829568758354368
  0.60584025762131100  0.61356261172026405  0.62160632216763312  0.62978677833619490
  0.63798643430212476  0.64625455632401763  0.65487324765371535  0.66395605783804446
  0.67339872785834221  0.68286233234096949  0.69279670711884778  0.70332351702005713
  0.71456370528543234  0.72645581200635645  0.73883043838057971  0.75119327231923372
  0.76345828327532950  0.77644188356994159  0.79016497476857461  0.80393297857404244
  0.81778070527377233  0.83116063385307559  0.84452957622808833  0.85858758513711164
  0.87437130377370986  0.89099673988628936  0.90782481658454595  0.92594493625261742
  0.94484152890092488  0.96345534325443638  0.98128427392820894  1.00000000000000000
  3.00183117200511237E-007  -1.0000000000000000     
 T T T T F F F F F F F F T T T T F F F F F F F F T T T T F F F F F F F F T T T T F F F F F F F F T T T T F F F F F F F F T T T T F F F F F F F F F F F F F F F F F F F F F F F F F F F F F F F F F F F F F F F F F F F F F F F F F F F F F F F F F F F F F F F F
  <DiscreteSampler_grid>
  grouped_processes
  1 # 1 for a reference and 2 for a running grid.
  10 # Attribute 'min_bin_probing_points' of the grid.
  1 # Attribute 'grid_mode' of the grid. 1=='default',2=='initialization'
  0.0000000000000000 # Attribute 'small_contrib_threshold' of the grid.
  0.5000000000000000 # Attribute 'damping_power' of the grid.
 # binID   n_entries weight   weight_sqr   abs_weight
    10   10   7.863575082830490E+003   3.261168564422190E+008   7.863575082830490E+003
    16   10   7.812565348317419E+003   3.261265783222396E+008   7.812565348317419E+003
  </DiscreteSampler_grid>
