  0.05145969180626484  0.05153552848654451  0.05167511533448452  0.05183086095739178
  0.05203680272153440  0.05223017852653290  0.05245317945579273  0.05268208243938272
  0.05292536621296728  0.05318532514894830  0.05345469083895532  0.05372436340783183
  0.05402383568941054  0.05438326377670762  0.05474396168239495  0.05508676165144260
  0.05537783753236221  0.05566964136881339  0.05596741603189284  0.05627063379746110
  0.05659892175541865  0.05696687442037824  0.05732079137980647  0.05765821298711898
  0.05799046569729015  0.05833152614662718  0.05868584334352570  0.05904249096227400
  0.05940329010379342  0.05977183826474524  0.06012345911944251  0.06047799363168011
  0.06083888252629061  0.06119074562868989  0.06152872969935023  0.06185467728321636
  0.06217277910566691  0.06258458467070839  0.06306147303572787  0.06364444205720476
  0.06425848314277656  0.06488408581861628  0.06546753639543734  0.06600621572688498
  0.06654501567173755  0.06699465647025281  0.06746763663142284  0.06788367384023553
  0.06830223468183594  0.06871546996731789  0.06911604925851661  0.06954938728269024
  0.07007700451393158  0.07068321808868416  0.07130661384192460  0.07196839265802592
  0.07261959050144412  0.07334752534964596  0.07418627253375730  0.07494401871664666
  0.07568415426017389  0.07644222302864442  0.07726138486585886  0.07810233214408524
  0.07894250602822835  0.07975839624409886  0.08062207043014265  0.08158205243292239
  0.08243235376973192  0.08328715585768831  0.08423227582119398  0.08525374024940241
  0.08626749284176016  0.08730816880433122  0.08848711278461557  0.08971868645347246
  0.09087893146842597  0.09198264142372675  0.09321748723083118  0.09461626594363312
  0.09617244519116817  0.09783739818392448  0.09970245644049533  0.10198786467792810
  0.10433487336842198  0.10792514486778725  0.11176525067201491  0.11619565214006840
  0.12079875019510793  0.12660008915885210  0.13459266213295532  0.14331347595944333
  0.15480569560295571  0.17139259784983865  0.18972770448686552  1.00000000000000000
  0.78798882750122601  0.79613981497334640  0.79804199310509771  0.79922401858381309
  0.80115084588410757  0.80357328167377595  0.80553387793391595  0.80746859903939139
  0.81001851799676694  0.81292660208766099  0.81567037633378081  0.81811762573267632
  0.82015562044181833  0.82169337004077647  0.82316646500885016  0.82456008077507015
  0.82602253797041580  0.82758768880719036  0.82908171248973828  0.83099044192634486
  0.83302485097091838  0.83489787498254775  0.83681315209980545  0.83852995623226778
  0.83979637686718878  0.84086530062824738  0.84202748471454192  0.84319430787645244
  0.84439809456409642  0.84631668400551019  0.84821445855612898  0.84993540692101421
  0.85180066939038379  0.85353695933283469  0.85542952499420744  0.85718564329685176
  0.85871670563999758  0.86026360697458704  0.86178679612202680  0.86324506884486429
  0.86445837430898376  0.86547652556518895  0.86650366053338856  0.86765515090698020
  0.86900891097374655  0.87032309545432396  0.87188389550704215  0.87364731941341212
  0.87517731983403135  0.87645797114249890  0.87765258699483306  0.87879540332185069
  0.87994818400043406  0.88124539615582720  0.88260523141212888  0.88409214160733385
  0.88573714922114244  0.88738928508687787  0.88914136734937188  0.89101310771962505
  0.89301970562234068  0.89498593292998407  0.89678058031969510  0.89845601683398912
  0.90014700827309457  0.90186705680250978  0.90336864811150275  0.90445468416853947
  0.90549888436953485  0.90660226064840610  0.90763416061409197  0.90853014106544283
  0.90933579463053693  0.91020821259851281  0.91131949925494271  0.91291144562794679
  0.91464070153667743  0.91643120632599995  0.91845714284686109  0.92066889332694690
  0.92299667706911959  0.92557680433055667  0.92815683452833531  0.93020074616749715
  0.93157477220898688  0.93295029370519078  0.93444129152606270  0.93604805684880810
  0.93837191390398167  0.94170358642287444  0.94438919804306953  0.94727572852639130
  0.95064493333847055  0.95579702334338734  0.96053272287716707  1.00000000000000000
 -0.01271200181255228  0.01393266342512331  0.06468356583840176  0.10614336757758670
  0.13799235794985476  0.16137804438361625  0.18394344122934111  0.20606757786575783
  0.22670419446791548  0.24730461824726907  0.26785616907883719  0.28875551194408139
  0.30988137439037544  0.33083162047262671  0.35161221674462628  0.37211827717782142
  0.39282474687922386  0.41329238828974674  0.43279037849663732  0.45365132036097577
  0.47558000557353536  0.49690930619094031  0.51816657407389466  0.53934333136196544
  0.55988295802305443  0.57992301854482498  0.59992306423119068  0.61990928189582084
  0.64001206262887245  0.66045725878450889  0.68366818452597833  0.70669123902557340
  0.72922370170270279  0.75031605378529775  0.76899370649751664  0.78348846529983418
  0.79483355468434369  0.80307392730839089  0.80444661607732071  0.80543844132360221
  0.80859973861356882  0.81205252413550144  0.81521203546179632  0.81834503035018202
  0.82155069914330792  0.82455754708070228  0.82777966831313343  0.83128093580864171
  0.83442106655186910  0.83743274583776184  0.84060180807804763  0.84411144793820247
  0.84742043370329723  0.85035339563228951  0.85364256267060468  0.85746038320682427
  0.86132973500582111  0.86518449412958376  0.86883551380886426  0.87224335518088014
  0.87554444741539661  0.87873732304643004  0.88231474197363180  0.88627300259721653
  0.89021265332207444  0.89350812538107771  0.89677363512280184  0.90046352563438692
  0.90405916959235011  0.90720206971890816  0.91052974552776156  0.91427316240078838
  0.91775694212875669  0.92109021860287610  0.92497672689079868  0.92878643715793185
  0.93241082702510147  0.93586375397260468  0.93907945985130648  0.94273780104545857
  0.94698237056111723  0.95096469509065584  0.95476798793024331  0.95833074596459999
  0.96178487281239067  0.96513235871274716  0.96816067177933252  0.97129545082000601
  0.97503832138635083  0.97887254146294533  0.98253939575431004  0.98613266811270994
  0.98964647526638949  0.99299422301580476  0.99637927290697603  1.00000000000000000
 -0.00316833874530349  0.01369011612798961  0.02622682007725897  0.03717721106257581
  0.04780775304682064  0.05794362251775777  0.06816968672033528  0.08067803274244764
  0.09216655775453050  0.10191068282883137  0.11079958453228825  0.12033137087889528
  0.13036407810609318  0.14302135844225178  0.15527512038498389  0.16803970972194182
  0.18015218536815980  0.19260070799410595  0.20525135662188226  0.21761513419066861
  0.22906749133207516  0.23996009058461504  0.25132655699991974  0.26316866256377547
  0.27448735300987603  0.28901446166581990  0.30267698004597293  0.31746472575410190
  0.33030738768002343  0.34196665266088244  0.35368480702033306  0.36616174533490486
  0.38124121856322352  0.39606658941673084  0.40971804605359946  0.42298593149109492
  0.43553025128287876  0.44695857334587608  0.45839038862820719  0.46877383842728071
  0.47884201028746687  0.49023073870218298  0.50247387534830878  0.51418271613154642
  0.52515376777007561  0.53440277617194565  0.54284247161746468  0.55074873461741647
  0.55875910612133539  0.56773291928021197  0.57787557153307223  0.58881367490798697
  0.59906791473081589  0.60828463511220043  0.61628718294374440  0.62284390716056859
  0.62896770702873772  0.63577738422323349  0.64296920891470066  0.64926274178465460
  0.65509160926346577  0.66188032241880002  0.67094743884376284  0.68159544670029359
  0.69297313855676967  0.70461669838335206  0.71714469552747351  0.72995527291623330
  0.74210378901268226  0.75430209496883105  0.76602738664503933  0.77753600219811647
  0.78863408571406080  0.79919605778928282  0.80939162350940341  0.81738973820579497
  0.82276152956298287  0.82783710974079650  0.83299244343811196  0.83837072066406593
  0.84314790128647588  0.84835958821351032  0.85413040503015092  0.86015710196180473
  0.86629182120160930  0.87329083353008652  0.88222655915114578  0.89342489827129179
  0.90555775634762803  0.91844848000727031  0.93345892088793858  0.94722762328800081
  0.96056868732284562  0.97447538379567178  0.98693781227272936  1.00000000000000000
 -0.00147871154527693  0.01639518198962870  0.02886508905235719  0.03779495519204677
  0.04611660576652566  0.05460800457717448  0.06304511421343509  0.07350918630384315
  0.08446734410203620  0.09514270786361474  0.10579107281586901  0.11520716086400647
  0.12523806399871795  0.13615633017167300  0.14783797635670246  0.15999036948951095
  0.17275807745391003  0.18436535080200137  0.19129604613446891  0.19598968787536464
  0.20062706373520472  0.20560381988911841  0.21118763517306183  0.21620936386499537
  0.22071249570581430  0.22513262351632807  0.23050529236498429  0.23599028973614461
  0.24101429284688192  0.24595515336628526  0.25481093708395469  0.27089291522424574
  0.28647293345949953  0.30117813959084955  0.31692254566761763  0.33139339373546706
  0.34183208544648835  0.35182127280312231  0.36046444626124430  0.36939615989265895
  0.37922386902844041  0.38892941694906030  0.40121189480264996  0.41302515400517703
  0.42362756436732363  0.43531580412005888  0.44755635227232682  0.46027042595325063
  0.47249448240292002  0.48488630325601045  0.49764713891681039  0.50763963088048891
  0.51789855024565790  0.52933426695544306  0.54026057934162375  0.54925135071784548
  0.55626881134955986  0.56357508244138221  0.57281242740783400  0.58256096229266008
  0.59334870498549519  0.60473851095651776  0.61643130699582827  0.62869533731917571
  0.64108671427055963  0.65257270880670448  0.66270828211746968  0.67249520100543814
  0.68294038011571845  0.69437739906989082  0.70675347178447701  0.72073780738380600
  0.73583974392398144  0.75042278668788231  0.76484254792463580  0.77863374955703069
  0.79055630163463408  0.80071083740264193  0.81062894163493204  0.82155897710211578
  0.83360313361704574  0.84694765695366614  0.86090663586975091  0.87498044660273622
  0.88828773857868859  0.90043861854117080  0.91201069609601115  0.92377236642669380
  0.93590933511201457  0.94709742529842789  0.95656996307696152  0.96534071539541988
  0.97368561590831870  0.98173377168429143  0.98977097576213757  1.00000000000000000
 -0.00240980639829372  0.01160883763256178  0.02033694422107047  0.02691810734276558
  0.03366455112272145  0.04216764404968829  0.05108455256316589  0.05926597205550817
  0.06682974270807658  0.07435536669245012  0.08116766733315248  0.08791398478851602
  0.09411413182222694  0.10010622053016721  0.10694467940804527  0.11474539045364614
  0.12242369132628940  0.12869079095062008  0.13480475243215304  0.14035535983962164
  0.14638892185672747  0.15600548747688542  0.16926722575443404  0.18412053257843128
  0.19791956768139130  0.20963205220122741  0.22048036717799185  0.23161799921893464
  0.24479041127583423  0.25821609864585932  0.27097706834571844  0.28340157589864712
  0.29566808180587051  0.30803347295412492  0.32119308700921811  0.33431765363682320
  0.34599653058921731  0.35773564644322553  0.37047991562222243  0.38398604752677917
  0.39442651122053096  0.40493494129271274  0.41525161874699240  0.42501341293125056
  0.43759101918254473  0.45202646441445260  0.46499048061246812  0.47719547561127068
  0.48963360342951762  0.50350706424780955  0.51676702749171521  0.52733527564705807
  0.53721512580134323  0.54631710293405700  0.55481516676608467  0.56707312012712441
  0.57939359443564697  0.59123399258248099  0.60205650702703362  0.61262380442164366
  0.62385297160803665  0.63612173692577445  0.64825585606876412  0.66047354479665965
  0.67302867787995491  0.68524570899012338  0.69611358790616695  0.70694859815329436
  0.71750669517690335  0.72857259586716339  0.74128219729898248  0.75500251776616067
  0.77011833597117452  0.77814268804214759  0.78511088459580169  0.79233682040076103
  0.80116948773732721  0.81105957942388407  0.82009223676682497  0.82725771501023004
  0.83528067623971713  0.84468060517527399  0.85510602692844784  0.86561201049722658
  0.87622240572127830  0.88789666875332396  0.90052585462115231  0.91316060248655040
  0.92444407379114535  0.93388358203481647  0.94374058653199799  0.95380282236768665
  0.96414958609914525  0.97607074855633991  0.98845351789271385  1.00000000000000000
 -0.00004999850293580  0.01345342291758725  0.02574304681582772  0.03691225355290154
  0.04819949381711287  0.06061641311004849  0.07290043643392562  0.08402183021359481
  0.09377678388621241  0.10282485377503944  0.11198760529954935  0.12319769338416109
  0.13588154077287687  0.14895517638165728  0.16198675471860988  0.17470194477727749
  0.18763914599897374  0.20073965939276681  0.21297331917844134  0.22528775262549872
  0.23788362307171210  0.24966432607848305  0.26015735842706417  0.27013236334824209
  0.28118281632435116  0.29459151970974673  0.30708123419873345  0.31991041080676424
  0.33352030677956701  0.34980241348230956  0.36621835707961181  0.37946177998060160
  0.39027353497652156  0.40004618460640556  0.40956828209357754  0.41977469423666197
  0.43113008046691903  0.44275591620655380  0.45639846348688184  0.46991778162687037
  0.48376996268679090  0.49752537988012396  0.51103442624511863  0.52383951651726590
  0.53586837687662159  0.54765252671468134  0.56024896428713533  0.57403319275003062
  0.58533873971338890  0.59609781802714923  0.60712405390718327  0.61970122313248621
  0.63461346653447626  0.64890411422345851  0.66145728477846488  0.67294599123527865
  0.68390233537580414  0.69460749857856363  0.70589165483840999  0.71815907292317882
  0.73128840193067202  0.74524795501259233  0.75957754664276234  0.77232406523244224
  0.78194105014888615  0.79042700177705227  0.79797677626257424  0.80541711621760392
  0.81318085818726360  0.82165917465847993  0.83064962324936997  0.83832935071766090
  0.84549847138929402  0.85385908691556489  0.86114845296427478  0.86804502036000164
  0.87481133275015588  0.88015506160527834  0.88525088631659798  0.88999415321823572
  0.89487621099886883  0.90011283851278356  0.90501601200813042  0.91006106609857862
  0.91509995144589673  0.92003542148073991  0.92534730769969553  0.93021090690166397
  0.93438782133772602  0.94023394663513016  0.95010956551405734  0.95934255900098020
  0.96881877196707467  0.97836310976317065  0.98890891467205277  1.00000000000000000
 -0.00273962425403582  0.01039489262162107  0.02178653629319666  0.03285723992611141
  0.04403259019164317  0.05573418852375336  0.06855879948585278  0.08245139658979890
  0.09567981596192995  0.10879212119424049  0.12158472358151519  0.13389904541516506
  0.14552631036624022  0.15661987950927142  0.16668728292444079  0.17591966834456624
  0.18551362419167905  0.19595395404063842  0.20645461843473867  0.21596326342803246
  0.22466845754541043  0.23318575249262710  0.24153031249091117  0.24890927208668986
  0.25570899266830593  0.26267558831974347  0.27304693431380950  0.28818273216012441
  0.30515996275539270  0.32060583185770120  0.33528517595032775  0.34907312368953414
  0.36173230181925009  0.37442847019083020  0.38703115652202674  0.40055472812812914
  0.41455855033161182  0.42834950143023098  0.44218921999652677  0.45628006884330752
  0.46786924355217974  0.47701976091116804  0.48540234661413229  0.49302226491569012
  0.50199874520802823  0.51164168989994363  0.52156174048675386  0.53217756470843136
  0.54362663117152499  0.55580912090588874  0.57020882869511702  0.58443057031492485
  0.59785910196869319  0.61018200222018426  0.62179117937409378  0.63284943385175974
  0.64324135300840779  0.65381985957126887  0.66555530144049890  0.67820407438806285
  0.69126381865105158  0.70524286021261895  0.71795107557364457  0.72945420651519621
  0.74012654791041055  0.75070986261560402  0.76284607403374149  0.77196702827147778
  0.77714654706064512  0.78191503373371984  0.78737949999917145  0.79290635020383515
  0.79796738650922783  0.80303964631826896  0.80816746443988396  0.81302681613955807
  0.81789131115403646  0.82315630471831336  0.82793177858018774  0.83318884831530737
  0.83909105843472076  0.84532864103239602  0.85144604575521754  0.85832405705425219
  0.86964427582993753  0.88084046567370766  0.89146629624296947  0.90086378878536444
  0.90984333455887301  0.91862325496180941  0.92840070050258616  0.94102826078252011
  0.95582804991155179  0.97038558258328045  0.98531827620639001  1.00000000000000000
  1.96677965713413109E-015  -1.0000000000000000     
 T T T T F F F F F F F F T T T T F F F F F F F F T T T T F F F F F F F F T T T T F F F F F F F F T T T T F F F F F F F F T T T T F F F F F F F F F F F F F F F F F F F F F F F F F F F F F F F F F F F F F F F F F F F F F F F F F F F F F F F F F F F F F F F F
  <DiscreteSampler_grid>
  grouped_processes
  1 # 1 for a reference and 2 for a running grid.
  10 # Attribute 'min_bin_probing_points' of the grid.
  1 # Attribute 'grid_mode' of the grid. 1=='default',2=='initialization'
  0.0000000000000000 # Attribute 'small_contrib_threshold' of the grid.
  0.5000000000000000 # Attribute 'damping_power' of the grid.
 # binID   n_entries weight   weight_sqr   abs_weight
    10   10   1.550447607166976E-004   2.578122318058949E-008   1.550447607166976E-004
    16   10   1.539902292873512E-004   2.535568956155264E-008   1.539902292873512E-004
  </DiscreteSampler_grid>
