  0.00000991320790494  0.00001038933641085  0.00001164190648857  0.00001279999026899
  0.00001410434875752  0.00001548938867329  0.00001716419190562  0.00001879742613983
  0.00002060524171790  0.00002246623969157  0.00002447525833227  0.00002658969041938
  0.00002882265853559  0.00003122370065831  0.00003364536820894  0.00003607855556460
  0.00003848666541384  0.00004084545641806  0.00004302977831390  0.00004501079657090
  0.00004686587336720  0.00004862654950606  0.00005036515932627  0.00005210680136287
  0.00005387078040255  0.00005568190504980  0.00005746661426390  0.00005926572990468
  0.00006110252312178  0.00006296740881243  0.00006493762196871  0.00006703558216142
  0.00006932259911382  0.00007157351948170  0.00007388447931371  0.00007634147485743
  0.00007892381146409  0.00008154512355561  0.00008416104462953  0.00008693159843654
  0.00009005075090123  0.00009348224310602  0.00009703130184451  0.00010069425763873
  0.00010468967293613  0.00010893798809700  0.00011333132229079  0.00011755425395845
  0.00012233242600435  0.00012753608882505  0.00013288487613976  0.00013838950769938
  0.00014443113999348  0.00015089707532512  0.00015774021916914  0.00016505888067900
  0.00017265321086613  0.00018056004068917  0.00018913878371138  0.00019835926941720
  0.00020790288390119  0.00021787658109341  0.00022881344295960  0.00024138161735383
  0.00025441077459065  0.00026928468886693  0.00028530067443205  0.00030202462506143
  0.00032020634928568  0.00033967938984009  0.00035988050750822  0.00038144914995198
  0.00040456047649761  0.00042947530342400  0.00045660102764820  0.00048821313611749
  0.00052328427533742  0.00056302922981467  0.00061083162269902  0.00066498582258779
  0.00072840062823344  0.00080104779124490  0.00089207119348321  0.00100950784297297
  0.00114669248300078  0.00130884434628265  0.00150469063794914  0.00175125862294058
  0.00207881784778623  0.00254597764394458  0.00321302865200074  0.00428418179012098
  0.00626503947513616  0.01019148593196541  0.03076719925632005  1.00000000000000000
  0.00001318444293772  0.00001456188363057  0.00001554306080970  0.00001647360364118
  0.00001741569345627  0.00001845776294027  0.00001948164966841  0.00002046460013201
  0.00002163462492038  0.00002304415136813  0.00002451609853176  0.00002603351892934
  0.00002765195848317  0.00002940251063247  0.00003130714524532  0.00003335904464274
  0.00003552488400583  0.00003778924797948  0.00004011877334469  0.00004258671969151
  0.00004514459666341  0.00004782787191111  0.00005063406983659  0.00005350051442326
  0.00005635502487763  0.00005920206644148  0.00006207663510934  0.00006490140818617
  0.00006788157758339  0.00007113757197388  0.00007455370170119  0.00007822552619133
  0.00008215721289011  0.00008636328215537  0.00009095530811152  0.00009607994243779
  0.00010188872315773  0.00010755259078821  0.00011330937234747  0.00011950267768920
  0.00012614907884887  0.00013315299012686  0.00014034461337504  0.00014779810103680
  0.00015594629859846  0.00016472976428034  0.00017375325006416  0.00018292678059928
  0.00019265510816750  0.00020324297605827  0.00021431232095237  0.00022575791198361
  0.00023766239241565  0.00025049296446189  0.00026675675066883  0.00028658252530181
  0.00030830277615310  0.00033062338882221  0.00035403819394203  0.00037924432856496
  0.00040627679159302  0.00043448116568356  0.00046395322077347  0.00049853747445463
  0.00053696497549600  0.00057795885806786  0.00062346999689746  0.00067419454026718
  0.00073130399697913  0.00079506481128464  0.00086633650980252  0.00094574240498295
  0.00103724211845091  0.00114059044448518  0.00125364853530916  0.00138241899757013
  0.00153398994955996  0.00171569834145378  0.00192719485222522  0.00216932551902398
  0.00245488056789392  0.00281485570756639  0.00325608608042400  0.00380015932646163
  0.00442696661679426  0.00517226032971264  0.00611942591991680  0.00744274017455157
  0.00942296626356277  0.01252768138999170  0.01686025716459277  0.02326643139360914
  0.03631518298474208  0.07637659333225233  0.21128775314637144  1.00000000000000000
  0.00000968806210440  0.00001058972979887  0.00001135706638675  0.00001206586492232
  0.00001283134027993  0.00001362278742529  0.00001451141300024  0.00001561172421445
  0.00001688794728922  0.00001828901734658  0.00001975709351810  0.00002106889153628
  0.00002225409315186  0.00002354680931260  0.00002479060026030  0.00002598731071855
  0.00002726200481097  0.00002861369553745  0.00003024541697657  0.00003214226859093
  0.00003405629515173  0.00003581109079352  0.00003749665727519  0.00003903938357776
  0.00004067859543636  0.00004232673738094  0.00004395478114181  0.00004564908132089
  0.00004740530882539  0.00004916658631519  0.00005096622520123  0.00005283475974033
  0.00005473567506241  0.00005675689082380  0.00005884765291657  0.00006103005077756
  0.00006336431844121  0.00006586107077769  0.00006849816941199  0.00007120289632304
  0.00007400529943423  0.00007706349756363  0.00008037479111643  0.00008380805722648
  0.00008734581039440  0.00009104460136864  0.00009480950753712  0.00009862939074431
  0.00010265917781757  0.00010697822222508  0.00011140518603128  0.00011596887273843
  0.00012084110799112  0.00012609343099107  0.00013159364224554  0.00013732606193028
  0.00014402040361154  0.00015140028962304  0.00015906508460398  0.00016757039943446
  0.00017676258742467  0.00018651434738114  0.00019695991673252  0.00020789235599783
  0.00021967906802481  0.00023269268562041  0.00024679464386046  0.00026301600919882
  0.00028096854267822  0.00030002810372780  0.00032168622536405  0.00034480471277599
  0.00037012400528212  0.00039896908361245  0.00043122834189171  0.00046712916389556
  0.00050720650725299  0.00055351589318975  0.00060703538106629  0.00066851521786939
  0.00073821116633507  0.00081952343369888  0.00091744645634203  0.00103670468307131
  0.00118209773418856  0.00135206263242681  0.00156776708094117  0.00185876750961863
  0.00226642192390399  0.00288026747387338  0.00375286954046333  0.00517473389526831
  0.00790612898919308  0.01369443791141804  0.04989245696938338  1.00000000000000000
 -0.00293790821474061  0.00991043174742669  0.02162681119571525  0.03311956005349400
  0.04445985482414239  0.05511157249083824  0.06559759799475820  0.07659508971385064
  0.08803641022094713  0.09930135465094785  0.11025402201323130  0.12092251798092972
  0.13120611985646879  0.14116035556361958  0.15109238958028207  0.16109813177977536
  0.17165949542877657  0.18273433436249825  0.19395894086666629  0.20506828526322302
  0.21534768299708693  0.22503226366191631  0.23491867061568278  0.24518461032975036
  0.25555660799135221  0.26588829211721371  0.27690838358072839  0.28842597295922739
  0.29968265888192824  0.31062304127017365  0.32159744094286891  0.33257647642509064
  0.34327458119526150  0.35409520371217768  0.36553935593188880  0.37738605448618429
  0.38911174842164636  0.40062880061011746  0.41218235169543221  0.42385005430360495
  0.43527496423588646  0.44614225584019007  0.45649721561368434  0.46640287594139196
  0.47584038715199817  0.48512101807150304  0.49406358463427891  0.50294865210586404
  0.51210156471593571  0.52172597167646850  0.53197117651478032  0.54259219660731750
  0.55335337592845202  0.56421722344932324  0.57514909478022480  0.58576140323315151
  0.59595410161746765  0.60579016173069533  0.61571771680916743  0.62574168826579557
  0.63545949195073537  0.64509335051684458  0.65531156698118931  0.66585569939944400
  0.67758997076922256  0.68833748487834168  0.69717276667519468  0.70618443885522264
  0.71477440837607820  0.72354427370353436  0.73234586688948444  0.74116529197519898
  0.75004898940788212  0.75961869213948541  0.76975231746115935  0.78003314866830809
  0.79077527645177348  0.80200412003345956  0.81290196720897601  0.82306346757916593
  0.83275716461889115  0.84276210415237474  0.85292526552521775  0.86322101723376810
  0.87383416816770099  0.88499452335472573  0.89660777082414311  0.90834116007558452
  0.91997799744217323  0.93154002732402030  0.94311661799913282  0.95489786845126545
  0.96659074243278997  0.97791627528655156  0.98894180354600358  1.00000000000000000
  0.00008170811632641  0.00017887597906633  0.00049624305074993  0.00096019878150650
  0.00148762171198189  0.00199054943607121  0.00251691618349948  0.00304655554181079
  0.00358555868163062  0.00415562538182867  0.00474772106956706  0.00546779788295047
  0.00624129306092642  0.00706095089940172  0.00792906356878126  0.00884406431659764
  0.00984537753038132  0.01093150332257654  0.01209225897253082  0.01329598023523891
  0.01453305340357539  0.01583701762788131  0.01723435039840016  0.01875549707581290
  0.02035242063124709  0.02202561623367480  0.02379946995217678  0.02559173643490373
  0.02745278745744375  0.02942865999614601  0.03157008827052040  0.03389282511451833
  0.03627213809587658  0.03864806697125268  0.04114809748586937  0.04390901214702633
  0.04696822130480789  0.05036705937487707  0.05389614706743387  0.05756094222345520
  0.06152634656386573  0.06576949211231368  0.07033147169149348  0.07512845013782801
  0.08008799348297646  0.08531561342763326  0.09080942409568150  0.09642526413628094
  0.10220799640594003  0.10844012227530316  0.11527115195394161  0.12243252159318806
  0.12992778702591271  0.13768743606417139  0.14545533479861700  0.15352351598514791
  0.16200302342936063  0.17135856408770142  0.18115511940682524  0.19103482353327170
  0.20124541355379114  0.21226812101170739  0.22429878677109036  0.23687117258648710
  0.24980680402968075  0.26310145445687727  0.27655082191661928  0.29012316980780961
  0.30384695785653976  0.31873797054993591  0.33480478466460462  0.35110366363316137
  0.36772799044432120  0.38478734704582340  0.40285251381210196  0.42211725946693252
  0.44101537962089810  0.46051304171843704  0.48111553222967129  0.50322061768036064
  0.52629171866611735  0.55111163903620675  0.57854748382026411  0.60541292569164140
  0.63218606429155022  0.65929490893939169  0.68712927089282605  0.71774275187074110
  0.74902878593626854  0.77953783229126383  0.81117947982392558  0.84527294375060968
  0.88179620773156842  0.92044876883718174  0.96074868818081804  1.00000000000000000
 -0.00277470871750378  0.00982433841470855  0.02112399740000724  0.03244601775503501
  0.04371090333491302  0.05504893489528957  0.06665211086436625  0.07868432690103590
  0.09084838778652594  0.10291899968795495  0.11504182204559177  0.12644687529525861
  0.13686807149294472  0.14705111781888358  0.15750713031299590  0.16804056447861918
  0.17823643514793827  0.18846890334893815  0.19948710617991566  0.21104850760135002
  0.22223473165060134  0.23317088712454187  0.24382205835815790  0.25480077490171443
  0.26556795410995526  0.27592715391580952  0.28558731059870074  0.29558800651280298
  0.30565734239661879  0.31536043842320827  0.32506634324778033  0.33485460471252398
  0.34500897047059736  0.35503086303567405  0.36491386286686062  0.37476822239815244
  0.38439157714837918  0.39381672237007859  0.40318227960422637  0.41227362147020719
  0.42124171340801575  0.43059543819559221  0.44079101507910629  0.45130370003308889
  0.46179231052503539  0.47261507444353112  0.48366830950541428  0.49483959585712367
  0.50597313479194428  0.51734973521573768  0.52850569374415057  0.53922837927066192
  0.54926346786061508  0.55928070011508102  0.56948924896193509  0.57962868100241360
  0.58975620936244766  0.59990362258428831  0.61012470032154564  0.62030417980729768
  0.63060465814243105  0.64111976298414497  0.65215000338779694  0.66350856050929885
  0.67516741434795302  0.68711442140576418  0.69858003023329174  0.70974051496898483
  0.72057061949302292  0.73125049473009895  0.74167552103233259  0.75217571827325025
  0.76265863167930859  0.77239444592546125  0.78099596335079668  0.78973646945698117
  0.79871919421587012  0.80754029721563403  0.81608069790066518  0.82465399226167546
  0.83336579029123525  0.84328494744633298  0.85377148387863888  0.86454408775781166
  0.87555233945175026  0.88662638566488716  0.89805073726674089  0.90963376695015374
  0.92093700552072444  0.93234132859020846  0.94377699324207009  0.95520535650990046
  0.96660517351121655  0.97748003995193244  0.98849185339406798  1.00000000000000000
 -0.00012480241090547  0.00027450679079337  0.00107349195275804  0.00226560887301628
  0.00368349886209700  0.00518469152344740  0.00689883609618340  0.00897875862240889
  0.01132406110190809  0.01380058616952391  0.01643739855181540  0.01920687517162230
  0.02223433008582464  0.02567799018220193  0.02912422223909391  0.03269842944197189
  0.03645686256363304  0.04045162862012298  0.04510908835239003  0.05049915914669895
  0.05576478777404365  0.06127409166673611  0.06734534650814297  0.07380498346383918
  0.08049067199470465  0.08755804868215289  0.09495179411216242  0.10258281381549918
  0.11063124765649343  0.11927253544994898  0.12831626779388369  0.13774990345249616
  0.14733139789483168  0.15734896142811042  0.16776847470138662  0.17839649186280057
  0.18949195488537363  0.20089088615153319  0.21246768507830416  0.22421026613394551
  0.23646294768213619  0.24909561697575694  0.26196195700290270  0.27546968217332796
  0.28906320532797875  0.30197156650072038  0.31460242707909319  0.32771249383341627
  0.34115099404323251  0.35446116278748518  0.36753923154083112  0.38026660779438920
  0.39324605421091607  0.40616379412276188  0.41972470912145715  0.43360953289398890
  0.44732999319620059  0.46080587748104462  0.47442591265601874  0.48861406247208972
  0.50268746790591645  0.51642474927861970  0.53024514311688165  0.54458979541873120
  0.55900392546074673  0.57303143913223742  0.58698146887913083  0.60120537198197321
  0.61518412074002005  0.62946247473815742  0.64367101862599430  0.65808607275505404
  0.67388337346874072  0.69017097394596405  0.70439405576995129  0.71695125491563350
  0.72903388090342502  0.74264671170743124  0.75703658014244879  0.77029819254642751
  0.78274178436462405  0.79459940715532806  0.80659092495942686  0.82017487503199471
  0.83495144806753530  0.85054721902580699  0.86572468612499265  0.87921168298744889
  0.89154086074674632  0.90295315896382311  0.91293478210119960  0.92291117584631710
  0.93352010390251738  0.94471720197625797  0.95545974814394918  1.00000000000000000
 -0.00393684105960006  0.01695393698751112  0.03300274406616385  0.04911349245602549
  0.06493064384637111  0.08040927026055199  0.09580764450187346  0.11138733634938582
  0.12708321640038917  0.14188447052872194  0.15616090973776750  0.17030634413811840
  0.18458106034583097  0.19839797942531126  0.21233200160993676  0.22643014922155305
  0.23989747501807857  0.25280987036667896  0.26541517437924333  0.27763850155332270
  0.28970338475445978  0.30156365322914097  0.31250213213198946  0.32265950459502707
  0.33227643780021465  0.34181381124969185  0.35149972537029089  0.36098157622759963
  0.37007167125487572  0.37861199766566311  0.38666211857027083  0.39440851925224985
  0.40203230209735069  0.40975747066332618  0.41750547472991545  0.42513962851185494
  0.43279068035694829  0.44041326421142180  0.44789288342564992  0.45508389323826287
  0.46180190051124131  0.46821112841157631  0.47447546920735889  0.48072105090731310
  0.48699692138258655  0.49333938154984497  0.49974721067299688  0.50582821180066717
  0.51162421841643269  0.51750281049903446  0.52352452915543679  0.52981173723031227
  0.53619314814524632  0.54250066240753037  0.54860782683113862  0.55459376021498608
  0.56066082548253493  0.56681677539592734  0.57342198848694270  0.58004593520254477
  0.58705419573708151  0.59441277808049087  0.60227662565539930  0.60941263669781687
  0.61600100222481624  0.62263738654951606  0.62993428226014181  0.63800758408445823
  0.64639894051745628  0.65467946544470823  0.66308643619086527  0.67267684507407277
  0.68340008720355927  0.69413889596135048  0.70490710196332773  0.71635104331575650
  0.72789443157898215  0.73946874104865024  0.75170467390548545  0.76470845849829616
  0.77755947547125592  0.79038805439297133  0.80409947281470184  0.81846130847618581
  0.83299750275788598  0.84834948899320273  0.86420352492409780  0.88048437065458396
  0.89634745593440135  0.91075321190724912  0.92502350240490216  0.93910959169994490
  0.95245732423182183  0.96699927171526012  0.98292018852960883  1.00000000000000000
  3.35434105503456717E-006  -1.0000000000000000     
 T T T T F F F F F F F F T T T T F F F F F F F F T T T T F F F F F F F F T T T T F F F F F F F F T T T T F F F F F F F F T T T T F F F F F F F F F F F F F F F F F F F F F F F F F F F F F F F F F F F F F F F F F F F F F F F F F F F F F F F F F F F F F F F F
  <DiscreteSampler_grid>
  grouped_processes
  1 # 1 for a reference and 2 for a running grid.
  10 # Attribute 'min_bin_probing_points' of the grid.
  1 # Attribute 'grid_mode' of the grid. 1=='default',2=='initialization'
  0.0000000000000000 # Attribute 'small_contrib_threshold' of the grid.
  0.5000000000000000 # Attribute 'damping_power' of the grid.
 # binID   n_entries weight   weight_sqr   abs_weight
    10   10   4.627296379838663E+005   2.053179920189421E+012   4.627296379838663E+005
    16   10   4.369596867366718E+005   1.831944418719820E+012   4.369596867366718E+005
  </DiscreteSampler_grid>
