  0.02392918394818620  0.03485314719340776  0.04670839995097613  0.05834273366470299
  0.06942922083147293  0.08077172085607004  0.09321177634248723  0.10544615163830860
  0.11647493192500377  0.12722638982142134  0.13804800588332550  0.14882606686760477
  0.15949243744588748  0.17051460848937819  0.18238977796303676  0.19417223810251372
  0.20559543961706953  0.21687150119582418  0.22836851083732590  0.24018564482713492
  0.25213655674492935  0.26390648977586795  0.27486075612014477  0.28457656941690357
  0.29412983232496581  0.30390803913736719  0.31376562819500969  0.32340345170095480
  0.33279649846258708  0.34353752852282016  0.35460440535369464  0.36556689508880336
  0.37655125650999943  0.38738312947691761  0.39826538220098029  0.40924783532478415
  0.41973048281385156  0.42996962365065322  0.43937026114263894  0.44907809769884011
  0.45833771990326622  0.46771491743145260  0.47713068068480019  0.48703492566808931
  0.49753853339356752  0.50778963391933829  0.51787286408277544  0.52790311336434192
  0.53819342198031483  0.54928267910245032  0.56057063977270838  0.57159693055835437
  0.58213166800753091  0.59215075417399943  0.60158291751198245  0.61091135428465759
  0.62025499604518042  0.62964501402982442  0.63829674417154458  0.64699426514877822
  0.65607042040399965  0.66523187448185128  0.67506920462921749  0.68494637447255613
  0.69514097257496565  0.70529128478932668  0.71492972070756722  0.72498130430324115
  0.73483530733908342  0.74463490573477109  0.75418659393393095  0.76352667694630705
  0.77273096715021761  0.78210148940256330  0.79153201385811645  0.80124953178266634
  0.81101598637975569  0.82037800660460114  0.82952480557071695  0.83875823069466737
  0.84774034952356359  0.85665579541863612  0.86511294675096717  0.87334475615270646
  0.88292415996433726  0.89307539794777013  0.90341611477714712  0.91367978819901430
  0.92374422344155671  0.93350308200229093  0.94310556463291151  0.95251745090485174
  0.96109875886163831  0.96714373761953276  0.97147300724198515  1.00000000000000000
  0.03043333730244459  0.03827933181947871  0.04469301011028348  0.05303372105581686
  0.06130081762151048  0.07036944925160558  0.08015161282149984  0.09029229506021018
  0.10029432438024265  0.10956931162828412  0.11807884218708543  0.12676097203950606
  0.13627118320818668  0.14655175169180776  0.15709445759500074  0.16778726261796650
  0.17861808808768992  0.18906362108586966  0.19914663313465181  0.20928992388638085
  0.21929303670241762  0.22891440653438352  0.23781717109332559  0.24649217484871278
  0.25568108274454265  0.26566779322115747  0.27581402648128139  0.28574528518871084
  0.29570820858152552  0.30591592129201534  0.31637326303919416  0.32708707038354234
  0.33797185515803108  0.34906124223296170  0.36017318489722483  0.37124631001814223
  0.38229930910179644  0.39323797009048034  0.40384827751184910  0.41401755894841152
  0.42400218244251220  0.43375557679482551  0.44384352391400750  0.45424043437383443
  0.46485121280946679  0.47558596443933954  0.48608309921347970  0.49635076199020917
  0.50638628016355713  0.51616846372557590  0.52485871152064323  0.53276433627276321
  0.54081967527561259  0.54980812579695237  0.55932326045812886  0.56850915022603821
  0.57774543494392916  0.58794175229005596  0.59926991956942210  0.61007221705620274
  0.62107630785159318  0.63127201964863711  0.64132968527973766  0.65099453003151175
  0.66128867024059423  0.67201213044978847  0.68242411687141535  0.69238405298396610
  0.70211326557442821  0.71248614216940176  0.72312335087197110  0.73358817417901634
  0.74383959455613113  0.75412942029943297  0.76460465726392113  0.77536606254463691
  0.78603618018610455  0.79690924598451363  0.80758102857797909  0.81794484314687288
  0.82807321584646354  0.83803647633626466  0.84787223547631196  0.85759283656633312
  0.86720456775030230  0.87668738892655418  0.88622631704493771  0.89594309422027962
  0.90716292412690269  0.91768979557210517  0.92836624564854708  0.93914454000608583
  0.95131329425229483  0.96257059087499786  0.96968285036159674  1.00000000000000000
 -0.00631723279046007  0.00578509603286665  0.01950015169723562  0.03892157475422741
  0.05865717283207270  0.07877628460605446  0.09775701792349427  0.11640421678296294
  0.13562651821331689  0.15559777379404383  0.17635698391542087  0.20110033465982843
  0.22611180031135913  0.25030347422501692  0.26667536668614966  0.27666048185092512
  0.28066607783361552  0.28802449061424323  0.29537219052416597  0.30280592238694526
  0.31035773410854633  0.31799667527251169  0.32556865453122491  0.33325145223407338
  0.34107677107166473  0.34889750557576166  0.35691384376315310  0.36520292743015920
  0.37353362302325971  0.38176064597755771  0.39007177452700381  0.39855946763790900
  0.40728588679796296  0.41617716700845797  0.42503777119455188  0.43395812383218685
  0.44287360287411881  0.45186813000371734  0.46100460013721567  0.47029174771237647
  0.47976054414378666  0.48952027717335056  0.49939981008670570  0.50916698635973645
  0.51891720237510885  0.52855321241412767  0.53804457057356536  0.54771802275712111
  0.55762928310727644  0.56748176782261550  0.57713555350068013  0.58680610477956663
  0.59654096890972708  0.60648004307206049  0.61658718800112466  0.62669789423205335
  0.63669985626766479  0.64656797818537803  0.65640027718784555  0.66626957157871458
  0.67622953199425617  0.68616563021898314  0.69611988291682436  0.70627438160036216
  0.71655320432534741  0.72672702122282362  0.73670362306770887  0.74663904067082343
  0.75660134516538713  0.76659782119181819  0.77652603751588167  0.78638730900356713
  0.79604002988900890  0.80542451242815782  0.81463626858469140  0.82381450430711956
  0.83307449747291562  0.84242560430785973  0.85173333582682564  0.86100753695319932
  0.87014649314445869  0.87917708413058593  0.88814930755358079  0.89704626523707420
  0.90591404532826225  0.91470943822532369  0.92330119249351716  0.93177062741996941
  0.94025457838451254  0.94877114359126002  0.95737350557637679  0.96596190950328897
  0.97451164195941298  0.98306056797753971  0.99159976355438650  1.00000000000000000
 -0.00295113272468922  0.01171607709423911  0.02351756215895945  0.03455808330866826
  0.04520883988958888  0.05541613650345331  0.06612456729390440  0.07716757646912975
  0.08816307077152116  0.09874811103245640  0.10899887684182623  0.11933762210492099
  0.12908490932575759  0.13795995814224474  0.14669414258601990  0.15586534710834396
  0.16591320818500083  0.17669974999726148  0.18793982688079564  0.19931518017239952
  0.20996754192688510  0.21975206816533294  0.22930472179975186  0.23925926414303947
  0.24925481700809810  0.25891153016566892  0.26861302629542999  0.27882019674432923
  0.28898605846958320  0.29855266977924183  0.30796685261850038  0.31842834673509318
  0.32969818007517843  0.34083055522132688  0.35160993104236943  0.36233154847941274
  0.37319521811356104  0.38409393777406758  0.39476497235572727  0.40493551375473652
  0.41441103893098319  0.42340915378983374  0.43230086186533184  0.44144796302288714
  0.45099541656068382  0.46142901137013015  0.47223289331326562  0.48310946252214204
  0.49397497251895717  0.50584128138855355  0.51794323853029478  0.52876685979856275
  0.53895560666795184  0.54932434130296059  0.56081875796058034  0.57284740759246233
  0.58469045537797903  0.59645118855275692  0.60814681581770202  0.61983986274680247
  0.63135993718258865  0.64255921970274832  0.65361807194180910  0.66471515106928358
  0.67599619020314439  0.68716286131022808  0.69750892641761841  0.70722165529519432
  0.71702117318134473  0.72724704920793892  0.73743731737433116  0.74720722173883869
  0.75728990883425651  0.76814844003940297  0.77923606309031757  0.79032703512129154
  0.80053156505944023  0.81105744835057569  0.82214352534511870  0.83344205554938355
  0.84383308226976250  0.85377080307342068  0.86417579290683921  0.87450087606028337
  0.88514875812340066  0.89619179238790114  0.90675136551319246  0.91694678332670432
  0.92651647604583531  0.93582505498692470  0.94513187744636662  0.95470854872679189
  0.96526104633356602  0.97667146243199343  0.98836279373931668  1.00000000000000000
 -0.00216123078488639  0.00797743665540823  0.01741836715337194  0.02675542791364469
  0.03626409865121714  0.04649354355452702  0.05677966303955197  0.06754406257826694
  0.07786938390594392  0.08787848964844795  0.09756031758204854  0.10752163746455143
  0.11823956856899905  0.12907983991623481  0.13893938286005628  0.14849236591154377
  0.15821637454690693  0.16887503836800868  0.18002943136751109  0.19107511534264959
  0.20270755064996279  0.21279655083464788  0.22305080481090653  0.23323140970564843
  0.24438786986731356  0.25623583383836634  0.26837894538723800  0.27939264099003386
  0.28999487254916018  0.30118236362786160  0.31210317630868428  0.32299020570008974
  0.33398324531500229  0.34579810349226703  0.35791011491094649  0.37000102858481382
  0.38238577942578122  0.39397226650556522  0.40451484114399650  0.41455819405051092
  0.42517338240872032  0.43500382899181100  0.44447857076290875  0.45421434591455728
  0.46550821638784318  0.47725742742836258  0.48742437452247955  0.49718189323697781
  0.50704741225258343  0.51636032154799405  0.52557933740481189  0.53525276923189213
  0.54610306681298160  0.55847396827828533  0.56927798058400392  0.57900643602534418
  0.58811283831068040  0.59716007733466936  0.60576372695782210  0.61453793072918395
  0.62397821347773008  0.63455390394468147  0.64568388641828411  0.65648205926885228
  0.66743639436457580  0.67838413445568557  0.68944731850723728  0.70067364556393241
  0.71206720396060730  0.72345714355091295  0.73456154619187941  0.74537254737057113
  0.75638077224182065  0.76780879134531832  0.78028358996785907  0.79262676434758139
  0.80433858888497345  0.81532082038672360  0.82525397431415415  0.83524548296710244
  0.84482140238435410  0.85458372086950818  0.86452702358002065  0.87463671200432003
  0.88582177087570191  0.89696992553221655  0.90815288095391178  0.91869671561848087
  0.92846136691946879  0.93808389309054707  0.94800337991128514  0.95842060966189091
  0.96959763489152850  0.98035413131087690  0.99039060758374720  1.00000000000000000
 -0.00295524341717524  0.01193905879745823  0.02427112510568643  0.03646975868556471
  0.04907265553094273  0.06141580795685001  0.07274638610995054  0.08370589863552241
  0.09513578374662604  0.10635028250292912  0.11723724947080623  0.12810623694360435
  0.13955050205214992  0.15081587940960742  0.16219618738275568  0.17311079294721118
  0.18441436257694976  0.19546140507107859  0.20666475481771043  0.21705321164613345
  0.22719308415288669  0.23774034609083289  0.24827375376760938  0.25825136970359874
  0.26773261433656387  0.27705490237140068  0.28646661690809694  0.29621231812163362
  0.30569705944349251  0.31506831046935979  0.32453482442954840  0.33455564500581803
  0.34508557533175643  0.35587031743959308  0.36610808245223830  0.37574451158858124
  0.38589755470104931  0.39599853201361251  0.40581271636916932  0.41582159831885129
  0.42589931130408265  0.43667025435483747  0.44772990540235447  0.45933116127484402
  0.47051346777282199  0.48171149347317788  0.49311710810216525  0.50417212222065066
  0.51451928657534007  0.52499607809060334  0.53589534582535914  0.54695563400291825
  0.55777373338602843  0.56848160458036223  0.57946746258000192  0.59089651027379886
  0.60290661823939895  0.61485467484825351  0.62546589959620080  0.63425614424601373
  0.64291381081938359  0.65203367281814406  0.66151475433562790  0.67104629237864200
  0.68060666840316286  0.69050280386561846  0.70088072257043788  0.71141209477229184
  0.72237921513885484  0.73382949895767891  0.74459687016923859  0.75480179375917467
  0.76488262024720843  0.77647089309247663  0.78776576012247668  0.79894065296965422
  0.80973515939654783  0.82066915435932719  0.83124911219271447  0.84130334512951399
  0.85179667981789309  0.86102894540300889  0.87012777747626069  0.87935739375782684
  0.88863032949392917  0.89804780372997928  0.90721820626381056  0.91639485397587506
  0.92845617885006704  0.94001598482496651  0.95132429445832167  0.96149589565874571
  0.97086803269633715  0.98026880435963071  0.98970577796564818  1.00000000000000000
 -0.00340511740534592  0.01504836041208344  0.03021418922848762  0.04582535192719085
  0.06066094242981721  0.07557099550850543  0.08947928993699843  0.10239416924644738
  0.11481445377278740  0.12744134092981135  0.14034790521111221  0.15310827308575056
  0.16492103642962302  0.17592908353007555  0.18631708395392091  0.19615834708564001
  0.20654409990063158  0.21722626769192824  0.22744842546319041  0.23683629843618439
  0.24577930866304915  0.25515344095080544  0.26456177843627343  0.27368619198316119
  0.28247853248634464  0.29167709262373298  0.30184195876262254  0.31216223759007894
  0.32228420033968352  0.33234766109258185  0.34281947570135118  0.35356329369756029
  0.36425657937811567  0.37489354797570873  0.38524198671222498  0.39543149617053686
  0.40524878879088860  0.41498138125532691  0.42472356137485767  0.43427328023243533
  0.44390484179709117  0.45354645387154674  0.46322965387201459  0.47252793793695669
  0.48158563471640675  0.49054004165276349  0.49960803593762904  0.50869639916436227
  0.51768399639932872  0.52637526862442496  0.53486729157020263  0.54332395162434532
  0.55151254670066807  0.55960904910784259  0.56815642530341592  0.57663337212275334
  0.58524605953002784  0.59424552382332885  0.60361645927624674  0.61344509940481773
  0.62290433514960497  0.63201361324301342  0.64077602315848636  0.64984981656607321
  0.65932199035803496  0.66920803879230861  0.67893406556570524  0.68834961187224220
  0.69728886335634388  0.70652538815033050  0.71655468249589516  0.72708082034585597
  0.73714760358834830  0.74657419567827632  0.75574315106191725  0.76492712094665360
  0.77464283698679659  0.78424121068186226  0.79374895970287218  0.80307975127733122
  0.81258251556415362  0.82397705330439264  0.83613481536518774  0.84783838729991934
  0.85914921520392529  0.86958930706275661  0.88056647329892568  0.89202099010318681
  0.90306017070772682  0.91398987060243142  0.92631774410340062  0.94007714069401893
  0.95464879563436211  0.96940909613469128  0.98483356024351565  1.00000000000000000
 -0.00229121101113122  0.00910482184230891  0.01929865294506776  0.02929329910209870
  0.03976881347422284  0.05092745366509039  0.06264033238303726  0.07417066163673737
  0.08555433713229081  0.09715392866850121  0.10764107038407172  0.11713496243323621
  0.12689238213980786  0.13790362752940311  0.14869121430854046  0.15955342517527707
  0.17034583515571589  0.18120293177958843  0.19207664114504763  0.20251424796554987
  0.21246109849217382  0.22202959440108011  0.23152356806297555  0.24089868766065797
  0.25054311234443366  0.26047742090672926  0.27042449763333848  0.28010477278560758
  0.28968389150872764  0.29959847834752107  0.30965653556634337  0.31967799434087479
  0.32962821981202195  0.34040043264817094  0.35151591778972141  0.36226327164871786
  0.37324780716026790  0.38461562497741086  0.39620034457109016  0.40728749499254951
  0.41826694439892476  0.42929455229659863  0.43991633805221431  0.45006780193661616
  0.46012680220366936  0.47044057841496789  0.48147164745883636  0.49249441461011828
  0.50365267401637348  0.51453764089678033  0.52563135946143436  0.53718428296823284
  0.54816093822507950  0.55775806116572824  0.56771260331935880  0.57753745614236307
  0.58811803967462817  0.59844589488319355  0.60941029573109740  0.62077661826935515
  0.63191587187166109  0.64251373978992188  0.65310274755934394  0.66340905019744567
  0.67399213796591395  0.68522716927223648  0.69722054911803344  0.70914508731169756
  0.72025115991990984  0.73111333139949064  0.74207043192013811  0.75330016577210379
  0.76464359465475218  0.77562956813868467  0.78653169255510047  0.79760960090327637
  0.80930269437103164  0.82051660833295248  0.83092015178926748  0.84101178087000961
  0.85137857489538860  0.86240147416163138  0.87374871971575618  0.88508970025290501
  0.89604750703875868  0.90665070979825957  0.91601162715723261  0.92448368555054172
  0.93268240680415004  0.94170831179500925  0.95110772118866738  0.96056906584894464
  0.96992369022418456  0.97898512131531346  0.98977473532413851  1.00000000000000000
  3.51115906919737165E-009  -1.0000000000000000     
 T T T T F F F F F F F F T T T T F F F F F F F F T T T T F F F F F F F F T T T T F F F F F F F F T T T T F F F F F F F F T T T T F F F F F F F F F F F F F F F F F F F F F F F F F F F F F F F F F F F F F F F F F F F F F F F F F F F F F F F F F F F F F F F F
  <DiscreteSampler_grid>
  grouped_processes
  1 # 1 for a reference and 2 for a running grid.
  10 # Attribute 'min_bin_probing_points' of the grid.
  1 # Attribute 'grid_mode' of the grid. 1=='default',2=='initialization'
  0.0000000000000000 # Attribute 'small_contrib_threshold' of the grid.
  0.5000000000000000 # Attribute 'damping_power' of the grid.
 # binID   n_entries weight   weight_sqr   abs_weight
    10   10   5.388912115900757E+003   4.899952268405193E+007   5.388912115900757E+003
  </DiscreteSampler_grid>
