  0.00013137546841180  0.00013899182508743  0.00014201709939257  0.00014451402607910
  0.00014745714394469  0.00015032011108915  0.00015350044792538  0.00015736645195345
  0.00016162006448139  0.00016632017963274  0.00017117522795567  0.00017626175268069
  0.00018268589319806  0.00018903830700108  0.00019480464068708  0.00019907539750203
  0.00020313967326706  0.00020693520492506  0.00021183158256672  0.00021650919901620
  0.00022157146363890  0.00022867227090815  0.00023515884032321  0.00024194328512371
  0.00024886911702183  0.00025576537356083  0.00026384186305581  0.00027314050973214
  0.00028096001180500  0.00028958349455548  0.00029788570658294  0.00030606138092026
  0.00031430086793216  0.00031988820043827  0.00032578756104969  0.00033287794132881
  0.00034152607747596  0.00035062048391013  0.00035809796088997  0.00036508997468176
  0.00037226434792267  0.00037931857272314  0.00038835558570333  0.00039773954600331
  0.00040683752638240  0.00041621195003042  0.00042710067625968  0.00044414472659390
  0.00046287918574562  0.00047975987223177  0.00049734212076901  0.00051603852282996
  0.00053825249857298  0.00056325770521934  0.00058769808776773  0.00061486113376831
  0.00064780463914010  0.00068258280796629  0.00072138831906230  0.00076781367678063
  0.00081747748330164  0.00087308026191290  0.00094248088106015  0.00101783130130511
  0.00107702896144122  0.00112567940889680  0.00117256900574966  0.00122322727708337
  0.00128290748581416  0.00135961992110750  0.00145965255680918  0.00158101439317823
  0.00172256396395419  0.00188748271565147  0.00208235215352573  0.00229520968263643
  0.00255495220309135  0.00285070466645790  0.00319012217885192  0.00360065498171113
  0.00409056679505556  0.00462575067996933  0.00519288407782868  0.00588233685976703
  0.00676371507765563  0.00782428627918438  0.00899467869993086  0.01051016682120711
  0.01322594451450556  0.01689706211694075  0.02198235039341245  0.02901624695596395
  0.04128543035625080  0.07394228126452977  0.14868908585016188  1.00000000000000000
  0.00179053701154371  0.00241835954972806  0.00278073159092728  0.00344340510060820
  0.00395672153913448  0.00416693075642559  0.00442463568307315  0.00477994411251136
  0.00526116882551521  0.00583425655078251  0.00644216305326735  0.00677557062723590
  0.00718920710712296  0.00749904965415753  0.00778460214362233  0.00807882708397355
  0.00838868628516578  0.00874365992744121  0.00920568396445684  0.00978296674113201
  0.01043548171592445  0.01105347662245096  0.01155921079211585  0.01198514224868549
  0.01257477647572994  0.01339398590481369  0.01441704227944535  0.01560773565025436
  0.01681069588685839  0.01805252835824374  0.01940567121009798  0.02087202836442175
  0.02220865696906710  0.02331559422751389  0.02409133135222441  0.02492420999762095
  0.02590989747778698  0.02689727809982300  0.02782610173006026  0.02875965114145424
  0.02981974723171096  0.03081508368806926  0.03183304569479559  0.03304119706409672
  0.03449535672348446  0.03617886698401226  0.03787988463964169  0.03957446451371828
  0.04160998222826279  0.04414934057909863  0.04723810347939908  0.05028429608560016
  0.05345844011540681  0.05669203449644970  0.06006636334581985  0.06388013101099212
  0.06729376293297705  0.07023346138618171  0.07311845861939827  0.07548696824814127
  0.07798405215650896  0.08079405342005684  0.08400803691671273  0.08791964776060994
  0.09281892989244367  0.09821895920038853  0.10363082456564723  0.10909059374335263
  0.11472179176351165  0.12026201102963843  0.12573091953829627  0.13140564162069385
  0.13739192599478786  0.14420899756104391  0.15080608663999484  0.15766674356761678
  0.16462560511104690  0.17176518709879704  0.17964993070849206  0.18834316986514402
  0.19734393639527928  0.20845225579463511  0.22233386050002532  0.23734871936630592
  0.25329805236914033  0.27030268309872707  0.28993461615389210  0.31495863188127099
  0.34765221669613122  0.39003871060921952  0.44127070687274123  0.49631932372197135
  0.55777316322059312  0.62857795399135319  0.73678287702671486  1.00000000000000000
 -0.00002438993451786  0.00040296151289533  0.00143935646870595  0.00325514045125535
  0.00552207256134108  0.00832945230404263  0.01148929222277492  0.01544522942803014
  0.01960757285307733  0.02538038536669134  0.03177068261440637  0.03742673026159938
  0.04266321865277574  0.04826916716944828  0.05470844661788782  0.06154630989013869
  0.06828606993000315  0.07519392034644568  0.08323965499053006  0.09254400851929367
  0.10251088318453734  0.11037883869705570  0.11705674895220358  0.12304205742005732
  0.12890113343652518  0.13465798981110469  0.14170904368785592  0.14756387699453830
  0.15411976675573796  0.16171779309009363  0.16948293644623677  0.17731995933502032
  0.18556442126336994  0.19412010562300666  0.20244337783739927  0.21197074115331899
  0.22137815086681084  0.23136046757520129  0.24209175315492865  0.25219959415024346
  0.26045708518618649  0.26877673718917477  0.27730253038363606  0.28711812405009313
  0.29858807225401057  0.30934999127114871  0.32034339551719759  0.33107045164897408
  0.34342324542535829  0.35900356262490951  0.37422123530273405  0.38753120812896752
  0.39984616023429931  0.41141585327402486  0.42227120367711857  0.43283818156242687
  0.44326192438688317  0.45411950664581652  0.46536838254671115  0.47632464616256587
  0.48704793443566602  0.49842473604765181  0.50869608391162657  0.51966247876309102
  0.53259845670424522  0.54609068716334908  0.55900651703986537  0.57198549491071249
  0.58575321053375184  0.59993527325895968  0.61517483875774270  0.63149345890805952
  0.64751287432201721  0.66452673613704949  0.68116297321592401  0.69730975067617162
  0.71388914279225291  0.72840691852797990  0.74403760782048367  0.75844547490935021
  0.77094551686600288  0.78276025804196281  0.79547891270589399  0.80820772206656089
  0.82280526394697084  0.83945956383867537  0.85490494645973270  0.87082474918352548
  0.88462093133035946  0.89759982694030338  0.91225645406104683  0.92783539096366252
  0.94439859383759783  0.96190774434530735  0.98016502643874603  1.00000000000000000
 -0.00247951039286909  0.00708422573055438  0.01592778274874995  0.02501742082761945
  0.03622260348208378  0.04931332815845144  0.06077267922781952  0.07309828723206624
  0.08591944958404357  0.09852947208588174  0.11041814392454043  0.12223160063225984
  0.13393132160014798  0.14503905837128694  0.15478845386346129  0.16354912982549982
  0.17326922766632535  0.18197431976515752  0.18994767985697109  0.19834306092260426
  0.20559184148512105  0.21491482126536801  0.22530790690929522  0.23662227138257302
  0.24735400729971790  0.25926818743979191  0.26992324921497479  0.28054901352579192
  0.29129220391981581  0.30126932129955114  0.31126761881895459  0.32164353143844410
  0.33118163301927223  0.33907725319347004  0.34706748803929949  0.35623107283701461
  0.36541513742399079  0.37410582740839804  0.38280545096176621  0.39185061312416136
  0.40204894632846150  0.41227308821431069  0.42279401500718117  0.43408255267584239
  0.44543558238465208  0.45667401353750198  0.46858299299105793  0.48156617199383922
  0.49295331184506436  0.50116463439125247  0.51020172179436563  0.52072331763781909
  0.53335501336325319  0.54392514425525085  0.55247662865272940  0.56044263689589613
  0.56727020690172358  0.57468240579412377  0.58407974837998922  0.59543492251994945
  0.60557782307424901  0.61653520741293388  0.62764503244949010  0.63754876296840379
  0.64728225621310320  0.65631077737514876  0.66509196170098872  0.67462950046444725
  0.68478780404678552  0.69957113300912277  0.71418598467658967  0.72792993058378619
  0.74161403012708826  0.75566319252747916  0.76926651842606841  0.78128541959367270
  0.79315645976132088  0.80587546645965935  0.81886177459570120  0.83025648754781101
  0.84031032666718930  0.84962077153818549  0.85855471306639031  0.86792140798520911
  0.87851539773380216  0.88945754840154345  0.90062270719105608  0.91069080115276979
  0.92092820879616610  0.93159148313279139  0.94437653177565040  0.95809916626359104
  0.97090004974056032  0.98191359430260616  0.99102032242041738  1.00000000000000000
 -0.00283490254334391  0.00827464205587301  0.01704586884504644  0.02449329990801637
  0.03137198522111237  0.03862931380940695  0.04637113877029266  0.05505190837618858
  0.06426958332494719  0.07672803381594250  0.09297663181987044  0.10651176644943806
  0.11844542486725403  0.12966338634628138  0.14062683333864121  0.15151718667451947
  0.16098200527516646  0.16962015059515018  0.17711438001814170  0.18597980364663994
  0.19600537965739326  0.20857739381130599  0.21991744163393734  0.23015016632052976
  0.24076043512771125  0.25060607843808386  0.25980378004866039  0.26846561555816695
  0.27785802601267329  0.28812240476424245  0.29796279054954566  0.30729610797790641
  0.31716873914722549  0.32776964829383676  0.33808323847429816  0.34828011063684211
  0.35868683975578286  0.37081718614067732  0.38512419395367170  0.39991649862010964
  0.41444768603978022  0.42721665084074817  0.43813649091364698  0.44775734869000194
  0.45823678995213790  0.46884696082255151  0.47904450834128248  0.49012542582042973
  0.50450961859558563  0.52036521677158398  0.53281859099568574  0.54380758569758592
  0.55496655441666121  0.56561979327167644  0.57547492542252376  0.58557807123033279
  0.59507471362849762  0.60521633433876632  0.61518897135670580  0.62470821524141318
  0.63513780936905839  0.64623453102364559  0.66513844704843361  0.68031204992379457
  0.69085052876399033  0.69990398871113957  0.71082708976572340  0.72337679681780043
  0.73480882789478952  0.74630344583175356  0.75805301963604999  0.77006477709837429
  0.78249797068316462  0.79387809385529395  0.80598363057179190  0.81647157752317145
  0.82571290636577177  0.83444507152752978  0.84320728037810688  0.85344521246750327
  0.86466316410677324  0.87523116165657255  0.88395157783234435  0.89193173472273479
  0.90147927293066110  0.91234951498426198  0.92346252823643682  0.93342350935895346
  0.94176044579913776  0.94867355727839187  0.95565221433670899  0.96316057740152938
  0.97172251339415083  0.98125248370399987  0.99058690291430651  1.00000000000000000
 -0.00336649324562829  0.01326712455415762  0.02588407154413856  0.03663525889152658
  0.04709471881107016  0.05715867364619265  0.07013732794022640  0.08108166569920651
  0.08986022619918746  0.09779537414888714  0.10732130035777379  0.11795525986201622
  0.12774653615807466  0.13565333787726597  0.14379986569655065  0.15303471091543419
  0.16491110332040140  0.17700722364976074  0.18821084592903584  0.19860691334910757
  0.20835830948458031  0.21945984421721171  0.23118997502461264  0.24320216627796540
  0.25623675999517209  0.26723003522614713  0.27740985337568630  0.28787733358565126
  0.29812794701200429  0.31202909670284801  0.32222206583824337  0.33334857489889708
  0.34307215707677163  0.35253891571246970  0.36178618558851083  0.37108196799670540
  0.38089881473408715  0.39145341292170921  0.40249242843258076  0.41314564277342353
  0.42395479666452185  0.43318512135106563  0.45118936792938008  0.46639797339534056
  0.47884906696730734  0.49006729485969036  0.50002923358340201  0.51052923526152938
  0.52103613372834856  0.53371352334132116  0.54720487079949076  0.56035175683453187
  0.57325639021557973  0.58638550436013692  0.59505550651776007  0.60334418704108239
  0.61129114460166356  0.61892212193166063  0.62729173406639305  0.63697615803115948
  0.64766193650010451  0.65908938778831383  0.67056241542286898  0.68267491762194310
  0.69561324243905409  0.70920963286202177  0.72045185818193080  0.73257479394802738
  0.74360979437862496  0.75299763201009484  0.76185814471827662  0.77114144528312600
  0.77883879863869254  0.78582646971697956  0.79369288416070027  0.80256504274285168
  0.81124101690779626  0.81919088811541718  0.82687466259913200  0.83434318370560934
  0.84358776113887368  0.85365984667033834  0.86434494670025719  0.87710512995104106
  0.89109355346701780  0.90438076289310743  0.91630879227355888  0.92725246532203021
  0.93789749556184265  0.94862989410907361  0.95917202965691739  0.96818417523000966
  0.97657938682903833  0.98476946945319499  0.99241893766619438  1.00000000000000000
 -0.00229944560504242  0.00993005450557253  0.01915393565952336  0.02864621399742232
  0.03838756025775746  0.04874734750889074  0.05981402355861960  0.07098290661580411
  0.08062762394324954  0.08848544525026662  0.09563506539528482  0.10297935215110621
  0.11159949166711756  0.12044951104865508  0.12960588681399421  0.13961185644174018
  0.15026727362489492  0.16147601334822945  0.17260995564467257  0.18230173281898732
  0.19195811164646656  0.20073699118588006  0.20954014548665698  0.21909734337499806
  0.22974641408949686  0.24249905882332085  0.25391862263301501  0.26231297187807945
  0.26962111610801270  0.27685651316558846  0.28503656942692840  0.29506027297282916
  0.30364486295409082  0.31105271473785334  0.31933368479100460  0.32982833029360026
  0.34167716536432002  0.35224599706480553  0.36369979657802415  0.37729193763820323
  0.39249077035033625  0.41062332253074080  0.42943418429982350  0.44809104789180909
  0.46776979659304768  0.48449852301744095  0.49868416030914337  0.51334244787995731
  0.52569830971107134  0.53887349446582755  0.55239527074168060  0.56560803606359233
  0.57765499054763458  0.59040305192000475  0.60261769388671205  0.61478971676587435
  0.62987125870347072  0.64040406582294551  0.65139701190524679  0.66172935766187557
  0.67136587023075256  0.68317518416096901  0.69525666588603896  0.70691408257320831
  0.71766030839793005  0.72824111176420725  0.74005378356877227  0.75132248905267063
  0.76466140981128161  0.77962283833559121  0.79573924946123509  0.80765772243203060
  0.81775760007773490  0.82572621023556558  0.83259213049723213  0.83865283147122571
  0.84473154927850647  0.85192358444115834  0.85845631987481708  0.86505533218622443
  0.87196001522684052  0.88021059734265106  0.88925134120136740  0.89869730203693166
  0.90745689501140003  0.91565541313631416  0.92358379904485710  0.93098504581596064
  0.93871861911524124  0.94688099577561369  0.95528178111236972  0.96325231045749693
  0.97069187406440782  0.97896012477159566  0.98835015984647634  1.00000000000000000
 -0.00327848490800409  0.00882358640239738  0.01960428056024217  0.02982099598172163
  0.04165478174548627  0.05502934988529361  0.07035229335625498  0.08437107484715800
  0.09487012570448820  0.10664293522845503  0.12053789466555018  0.13459073316414488
  0.14666617572769822  0.15704414633305694  0.16696543443710027  0.17686299167741384
  0.18680839206287791  0.19745476068344506  0.20864874594051533  0.21821977516193591
  0.22823618260778217  0.23685728121652647  0.24507333646531343  0.25332823143468342
  0.26193882635016819  0.27140096436045952  0.28214035631682549  0.29116499765594506
  0.30041990201698882  0.30989905278264829  0.32145975442360825  0.33088697594056604
  0.33988370974544274  0.34793198215378679  0.35692154373775431  0.36546867096178243
  0.37381284921255653  0.38371292326513606  0.39449747345878522  0.40646550150489735
  0.41920670535931931  0.43224520583284964  0.44543158747816530  0.45746014697764192
  0.46746006303956944  0.47654358725449497  0.48621823747337251  0.49629858017655676
  0.50819703604322519  0.52064132572562305  0.53145206590829397  0.54140945843041433
  0.55064590908302025  0.55908740869401563  0.56841447287227420  0.57732336314779287
  0.58654065906176478  0.59672785595687261  0.60849028722596943  0.62065179407360682
  0.63241527686587062  0.64503862035853388  0.65467973915816624  0.66311257161442894
  0.67141791269737117  0.68263994722734855  0.69601428804875798  0.70730787070744128
  0.71585725374216880  0.72465277467413791  0.73253458748263789  0.73980477776209763
  0.74851832979191124  0.75750322976236018  0.76836476387341279  0.78034250661026572
  0.79121925873816323  0.80166096560225808  0.81315575373399862  0.82688306536654732
  0.84090957110071407  0.85318365201276669  0.86318676786918269  0.87290891080779243
  0.88241205328439087  0.89211549513536259  0.90209539347897338  0.91171345411978255
  0.92109411378124906  0.93142876105496941  0.94444626078950433  0.95660596008137400
  0.96714560579551612  0.97703629267966419  0.98723818217028991  1.00000000000000000
  5.46942577018917474E-010  -1.0000000000000000     
 T T T T F F F F F F F F T T T T F F F F F F F F T T T T F F F F F F F F T T T T F F F F F F F F T T T T F F F F F F F F T T T T F F F F F F F F F F F F F F F F F F F F F F F F F F F F F F F F F F F F F F F F F F F F F F F F F F F F F F F F F F F F F F F F
  <DiscreteSampler_grid>
  grouped_processes
  1 # 1 for a reference and 2 for a running grid.
  10 # Attribute 'min_bin_probing_points' of the grid.
  1 # Attribute 'grid_mode' of the grid. 1=='default',2=='initialization'
  0.0000000000000000 # Attribute 'small_contrib_threshold' of the grid.
  0.5000000000000000 # Attribute 'damping_power' of the grid.
 # binID   n_entries weight   weight_sqr   abs_weight
    10   10   3.523272989371118E-003   7.125547455526250E-005   3.523272989371118E-003
    16   10   8.114504273372344E-003   4.055261634497742E-004   8.114504273372344E-003
  </DiscreteSampler_grid>
