  0.00001435751689177  0.00064124875809839  0.00145596585820192  0.00248898766124254
  0.00360229073039977  0.00473248222510574  0.00610113304508077  0.00754689894665093
  0.00896821391886657  0.01034559621394067  0.01180278131139072  0.01328797463612328
  0.01486610680294183  0.01644738660842315  0.01802165956578882  0.01957772843021910
  0.02117641914249392  0.02271036995610106  0.02438569266787516  0.02612260509614322
  0.02837043031284078  0.03069307911342726  0.03291880394339547  0.03502926827586933
  0.03714521784394381  0.03942477012906586  0.04199671064657148  0.04476288392084861
  0.04734021834964038  0.04965956909915309  0.05186656185930705  0.05404522255493587
  0.05634926366032501  0.05870365292004474  0.06108473250280724  0.06345880578917479
  0.06581906992923764  0.06830199663417282  0.07066914905836919  0.07342130770426923
  0.07652640444534813  0.07995993013316231  0.08337693571501070  0.08677929262631560
  0.09015072795798626  0.09359274932023044  0.09722065039280527  0.10113713110443540
  0.10534469397029973  0.10975898107538945  0.11444130629884483  0.11921844914846677
  0.12374817150566340  0.12821457901673938  0.13266191546999917  0.13755906549716113
  0.14280745029065753  0.14840346990280898  0.15487760656055086  0.16168591119274087
  0.16903044346070739  0.17644304928606636  0.18369916688053581  0.19084293545573672
  0.19781539779334184  0.20527546169519639  0.21411001701363225  0.22295584028802290
  0.23189105148150463  0.24123577308628152  0.25188297549237809  0.26239192868116767
  0.27326538379264725  0.28458226653178958  0.29627736510899300  0.30837603912407580
  0.31961493725609830  0.33139403045809229  0.34405513355716566  0.35734794573766449
  0.37090999678017506  0.38678098803188699  0.40320463574218540  0.41883930630487232
  0.43476686519607699  0.45124510774560345  0.46799383517011828  0.48680511736347820
  0.50828767065644409  0.53129957277680229  0.55614970369977712  0.58834374127187195
  0.62685014073901946  0.68911330137602700  0.76130533332413164  1.00000000000000000
  0.00326446477586566  0.01461206794948919  0.01880808281778082  0.02346489110081487
  0.02832931948141596  0.03315402396397227  0.03747900019439430  0.04158377214437815
  0.04598565185490077  0.05073960586394330  0.05543138316400195  0.06045786555439971
  0.06593302813309247  0.07121950992677926  0.07559835399364098  0.08025376389718991
  0.08500415899957375  0.09029233709706518  0.09596710896389274  0.10113969128368833
  0.10592611672437213  0.11115729266232241  0.11707861563572586  0.12331242366079355
  0.13010735474653962  0.13713534313650605  0.14400421457193432  0.14998444347488166
  0.15586595957734325  0.16215235164684982  0.16847532184784608  0.17500004871347136
  0.18176942628916198  0.18948248977699342  0.19715418853796729  0.20432231649800150
  0.21060877568085559  0.21763757844800993  0.22386376944928155  0.23031101641897250
  0.23678982547279545  0.24373486707088066  0.25054587348708818  0.25673091772499901
  0.26296993315204253  0.26956535881686799  0.27641956783347171  0.28356284323440711
  0.29103813464732187  0.29933410093197771  0.30750551470209764  0.31559037144538404
  0.32308674354105782  0.33040290557855845  0.33782689204500438  0.34554389204543623
  0.35338490796609040  0.36117066450443513  0.36866056549926896  0.37624256916612803
  0.38431229001637029  0.39228691805816140  0.40068999523156634  0.40956053288384786
  0.42029875890687285  0.43164093094611805  0.44246009765119110  0.45309062569814923
  0.46360019710516853  0.47402983204262217  0.48450796871884672  0.49511608289391756
  0.50582624121000308  0.51672744494590717  0.52749275700814691  0.53805815695191472
  0.54888108785670864  0.55980924255396791  0.57083641980886868  0.58197545812768170
  0.59579466226695499  0.60968594335686044  0.62444431039162385  0.63938635890962447
  0.65417149862104340  0.66898382882385299  0.68381545872694838  0.70000262455893414
  0.72116220302880552  0.74266196580818700  0.76584106662971840  0.79141570491539004
  0.82055175496122024  0.86197329577581827  0.92109529886443930  1.00000000000000000
 -0.00022774319057321  0.00188545316681939  0.00395175715373062  0.00675597385636660
  0.01045289084641342  0.01494906424480838  0.02000939582232600  0.02574090806067526
  0.03166033343008201  0.03810619351383443  0.04512981378483422  0.05314822430224495
  0.06185519237636022  0.07157996706231444  0.08031850833690121  0.08877201490784686
  0.09840326552117011  0.10885044580514573  0.11920802672352253  0.12967766759076191
  0.14118115602615297  0.15277391689377492  0.16382139053020861  0.17425298747465484
  0.18450877651695743  0.19509819347672624  0.20562108963898176  0.21618309139569736
  0.22734229759726182  0.23900827309866704  0.25035336573438483  0.26058347393001319
  0.27003541466427383  0.27922599357630212  0.28856626215684011  0.29810712195698341
  0.30780775464933302  0.31877842564732595  0.33003230309290005  0.34193448224743117
  0.35395310477556413  0.36612862343408786  0.37862306501423537  0.39169192112703755
  0.40490707057517883  0.41712913639081189  0.42834263437021713  0.43881347170089269
  0.44932613407779914  0.45935604254795909  0.47022200848547652  0.48186562370997060
  0.49336862510411639  0.50468797428854817  0.51597328287243249  0.52703724740057289
  0.53809536957140380  0.54897124734153468  0.55995709743110311  0.57117751679275319
  0.58267404983955662  0.59457107314995017  0.60715585689464091  0.62055093922744264
  0.63327429421934389  0.64563627009492541  0.65744560275638964  0.66913981228537422
  0.68103566965364848  0.69302676044032563  0.70498191077751104  0.71679035897844545
  0.72849996831429320  0.73940515237332816  0.75034102681400960  0.76114524188439492
  0.77206373612735979  0.78329826398706615  0.79418788469613033  0.80601139250363196
  0.81802934763837221  0.83038162613840405  0.84319401212743794  0.85577236494865194
  0.86828354204494362  0.88104568303914532  0.89439119828047853  0.90643599321159829
  0.91843224137129575  0.93030444381626376  0.94148077442615385  0.95334536278442783
  0.96510819076992682  0.97678654042944080  0.98843747234285184  1.00000000000000000
 -0.00216055681224851  0.00931973810046495  0.01745486943518481  0.02536243061013212
  0.03367483203138633  0.04258522572545153  0.05260535044113661  0.06307546523819102
  0.07435236772324236  0.08675695781161313  0.09958231495640062  0.11035578513540460
  0.11963644548113271  0.12968732123621057  0.14032180737884928  0.15104864209126459
  0.16137024607795336  0.17181310955057702  0.18266595333779953  0.19358792170584507
  0.20430456777674971  0.21453080959015977  0.22481788013680570  0.23536353434718688
  0.24633126838258720  0.25682430887310487  0.26717040944505410  0.27931732866552766
  0.29123103650626503  0.30213563436701202  0.31314811221270200  0.32420875653664660
  0.33534328426710253  0.34523388773486241  0.35497692437364370  0.36421885124414788
  0.37346622137931684  0.38282907469625987  0.39222565180806768  0.40158346490153718
  0.41107726768590491  0.42097698238336390  0.43117174555755355  0.44137586721717137
  0.45164122991677463  0.46217767038168395  0.47351382544034937  0.48544173639701566
  0.49678857316253350  0.50742338560638445  0.51761120657753945  0.52790062249690828
  0.53982998800977122  0.55274444851711191  0.56606568006302127  0.57991451898353097
  0.59262685170522600  0.60381927389613110  0.61442153672861555  0.62400474610440271
  0.63308205263510442  0.64254813950319689  0.65315789826003789  0.66445747812772638
  0.67604666290274784  0.68847176727750370  0.70053074919242875  0.71249870285930350
  0.72334167776949754  0.73381438955103828  0.74449740264987085  0.75493576894644709
  0.76506822495695881  0.77454034008048644  0.78341723557458820  0.79234165916055499
  0.80210827485800296  0.81264432933284092  0.82362087784319749  0.83413351535447910
  0.84444576524157644  0.85446894304907839  0.86433113882724733  0.87409494781781916
  0.88435138831182158  0.89434172993662897  0.90347653830242569  0.91269077484365613
  0.92274680776263296  0.93299085302180684  0.94261738242728155  0.95238064763733588
  0.96395285672103781  0.97743480852581055  0.98888288651544476  1.00000000000000000
 -0.00262116489439078  0.00996142906637013  0.01978507340870528  0.02879838825729024
  0.03821682728477313  0.04855536393664120  0.05861591272747221  0.06846255317204322
  0.07862946502910331  0.08926451453523863  0.09987553340375040  0.11009718538116491
  0.12006227541834173  0.13000976305517814  0.13960902442844556  0.14712866111308098
  0.15431592561680335  0.16164402403466116  0.17025990547391590  0.17921645673798933
  0.18808302102998026  0.19733720336310628  0.20739336676620360  0.21800355566332000
  0.22835175579645445  0.23935636028884502  0.25117616213328486  0.26471147400989981
  0.27746825369255435  0.28976952354798780  0.30147958528066410  0.31246968988833446
  0.32408315198617987  0.33615770827156916  0.34944846702882454  0.36331960134830804
  0.37669684567297362  0.38919821553664796  0.40075106242404929  0.41160310178328829
  0.42217089522319218  0.43168641129925589  0.44135825774202170  0.45134278798185212
  0.46176528093270508  0.47332635148529445  0.48475693189322883  0.49613624612669627
  0.50698133531101397  0.51735186649379539  0.52703753250698260  0.53637356761080779
  0.54555450352924761  0.55490634121435845  0.56443874721699883  0.57515764688201798
  0.58642476833499646  0.59924753533807840  0.61032342671032458  0.62047911656853871
  0.63025612997845304  0.64282845431448821  0.65724477806883508  0.67041217775104778
  0.68112382060199861  0.69067983975105940  0.70022941866743282  0.70973096528487134
  0.71970128537748423  0.72927916675798010  0.73921388880578254  0.74890168686545777
  0.75920741655818225  0.77010170283872437  0.78163876228016305  0.79269249612518222
  0.80358905322426277  0.81360828871769786  0.82410409922183214  0.83429577921039344
  0.84504960691196596  0.85564568005843489  0.86627578269843297  0.87713309745502310
  0.88805643498542008  0.89917073840156425  0.91032108607929263  0.92127622729150294
  0.93273847892529271  0.94376014836457978  0.95393878122519071  0.96405176177133034
  0.97414563173403557  0.98327576590078192  0.99198642072758680  1.00000000000000000
 -0.00187329414238449  0.00765633794219867  0.01657848846356594  0.02695136607578069
  0.03713693409991164  0.04582090535724015  0.05450073685215681  0.06408388470422124
  0.07617457165513450  0.08819752087241238  0.09885677213246884  0.10959715806251014
  0.11980927583941998  0.13041916887250851  0.14167978405533238  0.15195486145369652
  0.16201796621935155  0.17222573878321906  0.18294714052315994  0.19459257334284469
  0.20530066285994550  0.21623970196435127  0.22688125061799652  0.23650579127042917
  0.24649635725784919  0.25699164319702644  0.26779181632942661  0.27901365807780376
  0.29101186043317934  0.30230459638760537  0.31294930515826186  0.32353035127620944
  0.33439630502920109  0.34528034457052298  0.35631347374818656  0.36850328094142948
  0.37975116244219242  0.39081930229476003  0.40188135658821544  0.41472274140070275
  0.42902058036011870  0.44081106946174103  0.45012769743678510  0.45981693844675636
  0.47067415882123964  0.48158299671933275  0.49187678922380085  0.50192774758863290
  0.51342317406101778  0.52466715742870829  0.53523153245816124  0.54579066515898711
  0.55631285998015467  0.56655160729216147  0.57659783078615434  0.58696120423020615
  0.59869718499087410  0.60951383344836119  0.61944328101160140  0.62891994090485948
  0.63815490605633662  0.64757626540729463  0.65723395678972307  0.66845630670058531
  0.67992741430107384  0.69034906083889835  0.69912468803613037  0.70843572754666428
  0.71736634739607097  0.72755040344776267  0.73771347347617477  0.74804249870522632
  0.75788352747645205  0.76772221472785274  0.77759701630909739  0.78823704268078709
  0.79926660231243207  0.80979354572161588  0.82071155457097889  0.83100599042459178
  0.84181989794896916  0.85252246698806811  0.86304601738793407  0.87384071438579558
  0.88462561210424606  0.89537518538781946  0.90676231295507825  0.91836193623686679
  0.92948304488702282  0.93991061253649166  0.94984723734932841  0.95945501136106970
  0.96856404543565366  0.97772656406648173  0.98836295097653948  1.00000000000000000
 -0.00172159068712652  0.00628499322597201  0.01475629477602416  0.02327937809047088
  0.03188736302414927  0.04099433719976497  0.05005799111733739  0.05913363778818779
  0.06801261734242220  0.07637534366546560  0.08484478006455501  0.09333686697338638
  0.10179431931466311  0.11047924870116221  0.11922078258255797  0.12856135350311668
  0.13840259570725222  0.14798649099555350  0.15770552471856031  0.16683303008272860
  0.17852029981390738  0.18979876946398630  0.20224693825527282  0.21449969836606658
  0.22599721921268776  0.23714553273391722  0.24818106430469364  0.25844124331766072
  0.26855722200494325  0.27968704234719732  0.29226572830656738  0.30555714629008868
  0.31789453697618969  0.33002052111304270  0.34181300686983718  0.35307814970028389
  0.36336247181073278  0.37311080015513304  0.38348986639234361  0.39454558078099933
  0.40640675058384840  0.41913573345073912  0.43259635889315562  0.44659880568852939
  0.46046920989902657  0.47389985591806821  0.48707249850197964  0.49993357001209643
  0.51343561505651070  0.52706449615849804  0.54118920620914923  0.55554084583306429
  0.56923990016094350  0.58127929390522171  0.59206954590799488  0.60254153519197895
  0.61322983957625476  0.62386560149107240  0.63502423595929702  0.64721807342950577
  0.65946947374574527  0.67099520516302635  0.68204152326060918  0.69414080602820771
  0.70618486179600626  0.71777054990130451  0.72907637732117903  0.74028930797175119
  0.75134975671753179  0.76119113735153887  0.77123602965166360  0.78158313725752315
  0.79202310013030552  0.80185108965754792  0.81116654881131123  0.82132879851375107
  0.83210949460538008  0.84346335256487470  0.85491914143526715  0.86542146728507796
  0.87477838510815675  0.88350757855263273  0.89225410557694118  0.90148226772430917
  0.91064767087514242  0.91996044038480862  0.92924219953091691  0.93804118649736079
  0.94620989538676670  0.95406575660740767  0.96215168013158769  0.97030330191559655
  0.97811524322899845  0.98568158766842440  0.99268299602929633  1.00000000000000000
 -0.00197199690240741  0.00838593883132142  0.01706767226737527  0.02608029559697479
  0.03504299353057951  0.04405133483318054  0.05293466894288162  0.06286966607762226
  0.07582191685179909  0.08896089903651384  0.10096460948582793  0.11111542937753660
  0.11992511155857527  0.12832729633506831  0.13652519883492303  0.14503556323334743
  0.15422550602014728  0.16397152484296795  0.17366683076760339  0.18361733680065925
  0.19438237969193342  0.20608660837141596  0.21715006230376804  0.22794628360693853
  0.23786888994810984  0.24870901174265733  0.26022674416447295  0.27252587797281963
  0.28491221230671127  0.29695409410156265  0.30843509795693413  0.32067720663484367
  0.33282642562051873  0.34226556215636850  0.35109627517497610  0.36048469266362576
  0.37001890750662625  0.38022731105877622  0.38970494491462987  0.40035118099991968
  0.41120668335391808  0.42197116395392037  0.43233043940930022  0.44263008671454446
  0.45219757096099866  0.46129084652080110  0.47051091084829888  0.48034548542776723
  0.49042077695183767  0.49974614306380610  0.50824815021198100  0.51711245667230832
  0.52772003659702782  0.54051697274461252  0.55267788189084810  0.56333669942187758
  0.57306633790358863  0.58284149409277208  0.59245352290199493  0.60237115529793028
  0.61278251294560127  0.62283197023873571  0.63294764810818360  0.64271945472024594
  0.65265680000299564  0.66172926013637534  0.67117997525717998  0.68143043341931764
  0.69300956332943753  0.70586489799107288  0.71954667997988808  0.73277957394484172
  0.74418382927815119  0.75549034690013339  0.76672284071776442  0.77855471197333981
  0.79127669277418866  0.80167138896043533  0.81202520853834681  0.82242131721903944
  0.83348130640461537  0.84463969404454287  0.85579958715251980  0.86725575542531019
  0.87874615898517849  0.88961661873457354  0.90031855808376238  0.91163526022282515
  0.92264690906461155  0.93337754260075256  0.94396082584300900  0.95493789162925502
  0.96567052200186787  0.97727769841117029  0.98827743512280641  1.00000000000000000
  6.93369711141050537E-013  -1.0000000000000000     
 T T T T F F F F F F F F T T T T F F F F F F F F T T T T F F F F F F F F T T T T F F F F F F F F T T T T F F F F F F F F T T T T F F F F F F F F F F F F F F F F F F F F F F F F F F F F F F F F F F F F F F F F F F F F F F F F F F F F F F F F F F F F F F F F
  <DiscreteSampler_grid>
  grouped_processes
  1 # 1 for a reference and 2 for a running grid.
  10 # Attribute 'min_bin_probing_points' of the grid.
  1 # Attribute 'grid_mode' of the grid. 1=='default',2=='initialization'
  0.0000000000000000 # Attribute 'small_contrib_threshold' of the grid.
  0.5000000000000000 # Attribute 'damping_power' of the grid.
 # binID   n_entries weight   weight_sqr   abs_weight
    10   10   2.247943260945447E-005   6.084189722340671E-010   2.247943260945447E-005
    16   10   2.243225816293691E-005   6.326237865176823E-010   2.243225816293691E-005
  </DiscreteSampler_grid>
