  0.00140796769425342  0.00286086497337526  0.00428588134013738  0.00577232628732087
  0.00728598458862540  0.00897740404581278  0.01089377932408969  0.01291660493132586
  0.01510748071792347  0.01733225225557885  0.01956102697706298  0.02184030217536679
  0.02399618383166337  0.02615944240830334  0.02863804681970651  0.03126793140297593
  0.03377188615149714  0.03623386577265243  0.03895534535976675  0.04171906463284097
  0.04477630080041034  0.04818720502466671  0.05186459625290045  0.05566320093616049
  0.05956523182957751  0.06373573913671771  0.06831674455243802  0.07275334049353327
  0.07688873708003134  0.08086050954708425  0.08493164611116397  0.08929714625545269
  0.09428618741631375  0.09958329622939964  0.10510863908274733  0.11063719407582406
  0.11621592510939319  0.12192104674275094  0.12830309064354223  0.13499703604399668
  0.14109845566817447  0.14752953975479211  0.15388298728184885  0.16071436233346942
  0.16797640700216709  0.17527915832689239  0.18263685036239458  0.18942348096004397
  0.19525551112315070  0.20111887911377777  0.20728513469145871  0.21431579078192250
  0.22242937697214143  0.23207626879036639  0.24168424860175239  0.25117239278039527
  0.26063920219355746  0.26950859619237361  0.27767089021169294  0.28558648802945935
  0.29394649492418168  0.30367665438172159  0.31461612184765253  0.32682892280211112
  0.33990773641921018  0.35321372831472952  0.36670338016728249  0.38032330125824998
  0.39409129116929859  0.40808493332829038  0.42291371801883954  0.43832479976848104
  0.45296960111389284  0.46769158649660986  0.48276375035898450  0.49850459033953387
  0.51428669684359296  0.52945058643541043  0.54496757094364623  0.56048069535890688
  0.57568862596455639  0.59007665074759752  0.60371873155034583  0.61728736452252586
  0.63055415919866997  0.64287320492279454  0.65452449828178438  0.66596719938173221
  0.67723543563204025  0.68862777714100720  0.70107078535745149  0.71311231064844971
  0.72536415058045256  0.73862407787547035  0.75225783332625817  1.00000000000000000
  0.00001768728675476  0.00017576695810488  0.00018744890305539  0.00019732259126098
  0.00021279810441180  0.00024420034370727  0.00028294652841786  0.00031123013681155
  0.00032925779893045  0.00040789043815775  0.00049215211266572  0.00058044917144652
  0.00065957978195818  0.00071175636250644  0.00076008976628933  0.00084187416300162
  0.00094042161038966  0.00105184535664679  0.00117286307499705  0.00127315185178144
  0.00136281605328575  0.00144177752081532  0.00153398879205929  0.00164915524538089
  0.00182677355080123  0.00211348416511135  0.00245397183246029  0.00277181979839646
  0.00303071125421638  0.00325335399722609  0.00351023192712325  0.00379284337873730
  0.00404697924089234  0.00438007856582847  0.00492082565094395  0.00549225136622751
  0.00599217164850756  0.00647518967721383  0.00700695149134608  0.00759739953517050
  0.00835565368676950  0.00926396494880941  0.01014071150077529  0.01095772948349861
  0.01187787604925049  0.01286215976205441  0.01377218291357720  0.01467824918524586
  0.01569476475667494  0.01692531973158264  0.01832401308837178  0.01994964476530304
  0.02164543550429889  0.02359624355931819  0.02577062623183230  0.02802411813824904
  0.03040710719141498  0.03327982470381810  0.03626641935262927  0.03954668535844623
  0.04356140284218099  0.04761583069872348  0.05214678028785782  0.05680773350572773
  0.06178072328625513  0.06736816094769231  0.07396363395416586  0.08177424711596823
  0.09048521690411912  0.10005595265113809  0.10977881488053554  0.12037523769451908
  0.13256885103207350  0.14743366625503995  0.16394905407565222  0.18223270048951634
  0.20254174576348716  0.22451628663599377  0.24831240786675979  0.27382144437174127
  0.30137194086255470  0.33123201468745034  0.36297941610139134  0.39582100292836864
  0.43000885299903763  0.46743165972451728  0.50679163631962010  0.54720627323936610
  0.59031139398776422  0.63547868326448953  0.68343020595166393  0.74158200523942164
  0.80566335331101679  0.85530235304554947  0.89668850780713505  1.00000000000000000
  0.00003726174412183  0.00003934275227363  0.00004372612938467  0.00004840367101615
  0.00005353793606428  0.00005932630395402  0.00006554723315089  0.00007195741947564
  0.00007880600198096  0.00008608294508791  0.00009397342193579  0.00010267530878586
  0.00011290859973033  0.00012508963681211  0.00013933586049059  0.00015649630815224
  0.00017413992976143  0.00019205882251743  0.00020731696423041  0.00021932738553691
  0.00023137788009709  0.00024406091291125  0.00025742986826878  0.00027655198575522
  0.00029906179207365  0.00032237519953751  0.00034695992396306  0.00037424613703449
  0.00040310833498536  0.00043303249542982  0.00046317641325370  0.00049439528300791
  0.00053196525532860  0.00057773210757555  0.00062848553577978  0.00068341945618208
  0.00074048727313072  0.00079687675019496  0.00085591658292807  0.00091415389638049
  0.00097713445950921  0.00105063831959268  0.00113332421912083  0.00122060707558677
  0.00130808003162567  0.00139628820716478  0.00149486749133118  0.00160457887697547
  0.00171544032080898  0.00182051024195787  0.00194159979930772  0.00208734236558099
  0.00223437602399753  0.00240738438791078  0.00259147243764751  0.00279613784380798
  0.00300428573441940  0.00326816243243405  0.00352656557174490  0.00377230595487114
  0.00404360399262290  0.00433740536917521  0.00469082301709706  0.00509638049041304
  0.00554981653864873  0.00605344600739515  0.00660186090053374  0.00721855768388946
  0.00789707177950979  0.00861324742733177  0.00934908119562926  0.01010305866922484
  0.01090767993596062  0.01181366889869077  0.01289172473673847  0.01414430262234602
  0.01558705077125545  0.01716794168000859  0.01896737183002602  0.02108270621955887
  0.02352615007069864  0.02644161475070115  0.02998719784582895  0.03421128834768176
  0.03898632713468581  0.04447359011332856  0.05141568319938292  0.06017343136483266
  0.07007659106469084  0.08210491752749240  0.09990196038716456  0.12570354236348877
  0.16436646559856324  0.23182240564713297  0.41567014209060893  1.00000000000000000
 -0.00115048808315483  0.00395365935003333  0.00813648390932515  0.01234745502050958
  0.01683888630244826  0.02161371115293237  0.02691783614851000  0.03264012337353868
  0.03850421974652965  0.04448973231503890  0.05073462399150380  0.05731526969505719
  0.06424042191762643  0.07225517802475580  0.07973706513969643  0.08695001947531329
  0.09397902991952271  0.10142501878536642  0.10961775571607876  0.11788315951090833
  0.12684581489778221  0.13670800622817791  0.14633486910938576  0.15548091000358660
  0.16444007143220615  0.17402053457230382  0.18367887906610844  0.19347915071661775
  0.20348626008909235  0.21440069288775901  0.22571206786828399  0.23667650603658466
  0.24751981067551027  0.25844676373808528  0.26918822823344613  0.28239881448692672
  0.29589105625369772  0.30677668939732522  0.31768183108547637  0.32858756755195023
  0.34125270398997609  0.35430788801001145  0.36725118946706231  0.37999498923129910
  0.39209522302014849  0.40547986032004285  0.42024646137691046  0.43546063650692413
  0.45121010462048006  0.46647505456636429  0.48152323491347154  0.49747534435711571
  0.51430825474855646  0.53102594817728688  0.54645029251133093  0.56229560185933247
  0.57934365384548414  0.59812146422056167  0.61564620240985823  0.63082372542539433
  0.64438249388530211  0.65733753044996002  0.67048411157718657  0.68491767722893937
  0.69871712891033766  0.71253763310660712  0.72569299637745110  0.73933627770433430
  0.75247917189159819  0.76398066173472023  0.77513153710842353  0.78655250856639070
  0.79901933832091565  0.81174172541932121  0.82455583178453318  0.83746032603753062
  0.84985903918521721  0.86146448045878365  0.87252728526764689  0.88374232351892257
  0.89412033094241894  0.90310952321211135  0.91159031870075569  0.91998257551690943
  0.92844168279832928  0.93673443725697214  0.94514337407355409  0.95343175588964846
  0.96078573482487972  0.96663235493140387  0.97256303248193232  0.97876031482594250
  0.98456217287372949  0.98992592609515639  0.99504545340670281  1.00000000000000000
 -0.00338445158480699  0.01267591169639246  0.02385072264365564  0.03452901481287906
  0.04451296639746676  0.05402528995204448  0.06374545705814198  0.07329259278967459
  0.08267750640650469  0.09267902034137268  0.10303194802350668  0.11405743803578344
  0.12430749265741665  0.13346587403790633  0.14246806191196762  0.15137240952113376
  0.16167553381914110  0.17227310439702304  0.18166328670820298  0.19085259027844684
  0.19965624779997371  0.20879745792926288  0.22033190388194079  0.23315373346312673
  0.24572368862417315  0.25858143093901353  0.27025240008472567  0.28053001169525899
  0.29040396707484656  0.30075007891188782  0.31084052419444902  0.32042346176210523
  0.32966586020026539  0.33965494612847263  0.35035332566434596  0.36115731387179573
  0.37222624246895775  0.38462380616767333  0.39366311479959271  0.40200227026445401
  0.40983923899477476  0.41810820047253294  0.42799981653994779  0.43847509028302323
  0.44906122766943884  0.45998618045042977  0.47127608085627432  0.48373375183735678
  0.49606414591258741  0.50658790541039356  0.51593966199979724  0.52585948812685324
  0.53685643750513323  0.54829032609154105  0.55930699179727705  0.57152054752461734
  0.58353550734014936  0.59334935891099960  0.60265536500681482  0.61211440546750140
  0.62145480430022770  0.63112116975601729  0.64088388674086227  0.65244421319727830
  0.66412949340729455  0.67569711189889525  0.68728733220257887  0.69900797179918994
  0.71119127802277915  0.72405941950127828  0.73691373944118066  0.74971476660315628
  0.76366908540507539  0.77774965661249040  0.79148416315081471  0.80273963998155839
  0.81331851230170005  0.82282315740989653  0.83167476938940621  0.83982988332069552
  0.84835577799646500  0.85777560220184335  0.86792940914986461  0.87856290164084994
  0.88901260633860102  0.89977196320675912  0.91076826650183940  0.92155304705734542
  0.93151003121337406  0.94150063627194591  0.95148416956383530  0.96196116676832200
  0.97130232592079546  0.98084530358428468  0.99003977714358016  1.00000000000000000
 -0.00223770883659630  0.01009406041129227  0.02042508932975712  0.03053659002071971
  0.03983829527179947  0.04969670696936226  0.05991129051004147  0.07019534904158620
  0.08052958355657122  0.09090879901775091  0.10068331902157751  0.11013928960080560
  0.11918540598808074  0.12916567719317648  0.14035026521271396  0.15206272295352860
  0.16392951409896891  0.17629700398856510  0.18801132947531887  0.20056853116799378
  0.21153397494998435  0.22274009196439948  0.23308898763726452  0.24372152200557726
  0.25438327610997302  0.26397720452092682  0.27449405682669598  0.28539216332029965
  0.29665477601807538  0.30680172946435236  0.31694738694742053  0.32886720408379860
  0.34056036983589538  0.35147731510384927  0.36177251802555915  0.37160682590233191
  0.38190766029319279  0.39165707297242558  0.40332296229717091  0.41534572148077226
  0.42637140269655394  0.43669157621890281  0.44683600481476315  0.45757580575610463
  0.46944622802515090  0.48098162947148665  0.48970463084783866  0.49729615799184923
  0.50481360407253562  0.51244025688090855  0.52090702101380726  0.53117778553607786
  0.54161395470062534  0.55157838494393185  0.56102282551481752  0.57011131723863051
  0.57937174926477253  0.58956643711479428  0.60070079510443519  0.61200005485306397
  0.62233433934113547  0.63194451758955639  0.64153965272675884  0.65145126197656389
  0.66236449584580714  0.67426162187679450  0.68648679218838315  0.69754159550127004
  0.70860661087116383  0.72036720750135030  0.73196458285824717  0.74304110006738555
  0.75426001742803883  0.76485124050847453  0.77552192536950160  0.78658294126531592
  0.79798865193569246  0.80905967346770080  0.81941386198151955  0.82946559918198448
  0.83944255677204838  0.84954732603975591  0.85955068767024889  0.86892638517593568
  0.87821095540689842  0.88779196611250821  0.89785827320598710  0.90894155926233577
  0.92021708626304977  0.93185869048924130  0.94365970727074799  0.95462428776028407
  0.96538914046339674  0.97666899122846140  0.98780315563590659  1.00000000000000000
 -0.00036909749398030  0.00028252035633849  0.00125356795252356  0.00260885374058219
  0.00400208164467456  0.00536905667206211  0.00675706924865873  0.00831232351102412
  0.01050000485536560  0.01297476859891485  0.01569544646305599  0.01869525618100441
  0.02210652752358902  0.02587413898202260  0.02987026347341361  0.03405965216294615
  0.03831533022974114  0.04299818610045193  0.04831061288788757  0.05388529759981579
  0.05976624676101507  0.06609646705678035  0.07290673647082206  0.08016109254397660
  0.08785237655196479  0.09574097111907802  0.10342303912167577  0.11137717560271067
  0.11995620833771833  0.12951134706240375  0.13895410653916637  0.14752362105144554
  0.15638599782962734  0.16552316790906538  0.17523206528111168  0.18525019190528652
  0.19426075209263785  0.20238946248922407  0.21053311276207076  0.21893639082296512
  0.22743681373149546  0.23603341693177440  0.24491081883457616  0.25420774517306832
  0.26373607118106496  0.27383605588181031  0.28394743732516387  0.29389097126661257
  0.30346745228056188  0.31282512353773873  0.32199027098657940  0.33113779810769706
  0.34076260039648315  0.35045572598817049  0.35993915019088646  0.36951337042110766
  0.38009642531074850  0.39212021713299161  0.40464035089729594  0.41757420707759951
  0.42782797034775183  0.43786660949374673  0.44766822181702554  0.45751539765012311
  0.46632858802068128  0.47552916789866284  0.48591494939129892  0.49708445853787919
  0.50842875342853555  0.51861660918716579  0.52876047004398774  0.53857702690898468
  0.54796847270040216  0.55701244921357151  0.56593255009470778  0.57471975205331916
  0.58458328464987663  0.59670899131296096  0.61012496708085229  0.62365985019893133
  0.63621092717945704  0.64863673179552483  0.66107259313459033  0.67342699440341780
  0.68611043197706145  0.70088866182722331  0.71854727967739074  0.73717085469498245
  0.75393341484131371  0.76979707111019646  0.78423596699405795  0.80237138844086864
  0.82472396069159859  0.85384192257097924  0.89369141953585396  1.00000000000000000
 -0.00314501561313089  0.01163495021325580  0.02429540214148466  0.03735272192942711
  0.04892118888979551  0.06021201485100401  0.07100716328650013  0.08193281082460445
  0.09171654781489845  0.10134198729046909  0.11172632558868240  0.12310378784113093
  0.13419394069243362  0.14496446919894085  0.15596201127252443  0.16660210651990556
  0.17635240716303693  0.18596001223197592  0.19568019807124157  0.20540816807789838
  0.21531957100940891  0.22477376916425740  0.23370040322626304  0.24333731650639831
  0.25371944977897221  0.26462657982167376  0.27511630610837151  0.28567567762978174
  0.29608305202697921  0.30593308629694832  0.31567907461594452  0.32567059827786932
  0.33600927707472883  0.34620391686925811  0.35615625666815565  0.36610300699491433
  0.37625804843521260  0.38695742583156978  0.39831285481388018  0.40995680818344277
  0.42166892424707791  0.43345352834914586  0.44447096466581276  0.45490424523233031
  0.46603501244015177  0.47828230643247266  0.48989672683918056  0.49934290845771545
  0.50794161876476063  0.51706095697289067  0.52710485686649478  0.53725942195034282
  0.54855239526805111  0.56008870013817114  0.57158620962805984  0.58210420136603358
  0.59189535892334610  0.60128159614741761  0.61105117452568458  0.62051089479769317
  0.62860785550574161  0.63651702230948803  0.64426338402197425  0.65526538431245507
  0.66572184374635501  0.67497021611388486  0.68128772199921550  0.68833523202579450
  0.69552877324648388  0.70258900872985675  0.71242551082454009  0.72420823047292759
  0.73569027415607413  0.74642254048353962  0.75666102621699083  0.76722454442318511
  0.77794586171412994  0.78885193463143821  0.80005327471991705  0.81141342121818838
  0.82184282170650191  0.83165964372669055  0.84203402962155094  0.85342715877906472
  0.86516420899168456  0.87636405203299106  0.88659440218472219  0.89631327165955399
  0.90719956141034153  0.91774439368213745  0.93006505109234827  0.94273956671012782
  0.95661435552577645  0.97092785319918340  0.98538261311994924  1.00000000000000000
  7.19757293426966604E-010  -1.0000000000000000     
 T T T T F F F F F F F F T T T T F F F F F F F F T T T T F F F F F F F F T T T T F F F F F F F F T T T T F F F F F F F F T T T T F F F F F F F F F F F F F F F F F F F F F F F F F F F F F F F F F F F F F F F F F F F F F F F F F F F F F F F F F F F F F F F F
  <DiscreteSampler_grid>
  grouped_processes
  1 # 1 for a reference and 2 for a running grid.
  10 # Attribute 'min_bin_probing_points' of the grid.
  1 # Attribute 'grid_mode' of the grid. 1=='default',2=='initialization'
  0.0000000000000000 # Attribute 'small_contrib_threshold' of the grid.
  0.5000000000000000 # Attribute 'damping_power' of the grid.
 # binID   n_entries weight   weight_sqr   abs_weight
    10   10   1.769398739820940E+001   1.740966457184478E+003   1.769398739820940E+001
  </DiscreteSampler_grid>
