  0.00147502757708169  0.00263673455467444  0.00357973561224858  0.00477992351937159
  0.00606242031749974  0.00738226410836379  0.00917012203664485  0.01107169234974808
  0.01273513925654935  0.01445143995086580  0.01620491963424967  0.01789320559067763
  0.01973486004582157  0.02174289269105928  0.02362722901449216  0.02562809656470831
  0.02776741983114564  0.03006716776787056  0.03242842113735089  0.03488330321056485
  0.03733228378593386  0.03969311802410220  0.04206393872914420  0.04443976699618662
  0.04685999497508059  0.04927634618602924  0.05168328017826825  0.05411982831477244
  0.05672124486482921  0.05954056919210866  0.06243821814213455  0.06533816362698923
  0.06831848581125670  0.07142953962543089  0.07468884306011091  0.07871289002063077
  0.08266943890700722  0.08629105976162729  0.08978070582223603  0.09349055012501989
  0.09723881405171228  0.10079154237130421  0.10441458194302800  0.10831271952273902
  0.11245650428373319  0.11691384563694528  0.12173515245687166  0.12680728585747442
  0.13205982102084385  0.13677378630829704  0.14143387473576097  0.14605891172316599
  0.15077741593708077  0.15608621842002282  0.16182458842072645  0.16778100104003543
  0.17417562184017202  0.18077009885740125  0.18766172905638603  0.19449912125258656
  0.20165195065325053  0.20968745927502905  0.21827140790313862  0.22645923563199605
  0.23420945888314465  0.24216771314669064  0.25066842925778654  0.25959907520330855
  0.26884574905020625  0.27870868638760521  0.28947564126629571  0.30025282059293007
  0.31234973015926809  0.32434690283073153  0.33525236795203212  0.34643162082613843
  0.35773829258658946  0.36914314243361329  0.38068815660075500  0.39208462171355413
  0.40387926057995105  0.41603388998029134  0.42846621451489209  0.44143055329026099
  0.45440275421886661  0.46769546905022386  0.48188667277644398  0.49626762290677162
  0.51299913828010613  0.53378601150902483  0.55908063366188265  0.59445508765250565
  0.63486208146802559  0.69108246176934585  0.76337231763051916  1.00000000000000000
  0.00047940422461528  0.01532808902719847  0.02144231129078230  0.02754500787963448
  0.03331157723863200  0.03889836129774724  0.04420761666349892  0.04917182458086002
  0.05412099858772360  0.05914831983247104  0.06379637176503868  0.06840491023280609
  0.07345510568914054  0.07911306353116211  0.08523152835534993  0.09113732883003996
  0.09663616602171483  0.10218880502427122  0.10794514190093567  0.11386944318797920
  0.11974369691541589  0.12556333785624235  0.13127081953933672  0.13676124407808110
  0.14286958725932725  0.14948857321869274  0.15756968489224410  0.16479847074330253
  0.17202660102063108  0.17865719094579791  0.18499219386551410  0.19110149686515449
  0.19744145549664913  0.20388066096238694  0.21038168501163046  0.21708542862053079
  0.22476548621069717  0.23231968806952363  0.23940048785321386  0.24612395220910069
  0.25306328370385445  0.26065039274659718  0.26873995172288156  0.27695273237475360
  0.28498753632860219  0.29267295114030517  0.29982918254273661  0.30697486170452754
  0.31375417987747173  0.32104664565165453  0.32869459565507914  0.33693277775980446
  0.34512727759151129  0.35334766787436178  0.36147572994819110  0.36995248697286887
  0.37868721718080151  0.38744850639678213  0.39631406832002264  0.40546629183798838
  0.41475478806745858  0.42358598396552216  0.43206440364469723  0.44057198774930895
  0.44965439335235124  0.45894303022869032  0.46866691308994785  0.47902731932544645
  0.49017940349143824  0.50199774481294268  0.51400340948269541  0.52577659462187942
  0.53749632262748959  0.54914405821466106  0.56103368048120383  0.57298836771790729
  0.58498610458445444  0.59768300727819246  0.61046114422579056  0.62309125898726692
  0.63599313434030202  0.64932674252533362  0.66309853483985270  0.67737714306756336
  0.69203608983469500  0.70754791891937541  0.72356714033800595  0.74083834748386868
  0.75934080275030857  0.77774674353571704  0.79826669936433514  0.82227000922295101
  0.84989338853973184  0.88413350758780052  0.93052935081948818  1.00000000000000000
 -0.00001540341045688  0.00143313457785265  0.00373627486806240  0.00638668188046468
  0.00904407342481937  0.01181244293253316  0.01484844770560193  0.01759336910601172
  0.02035739873244873  0.02318220720177797  0.02614986753380382  0.02943968322780764
  0.03299618431374093  0.03644480461667478  0.04004309433890596  0.04353194199353007
  0.04690076833567754  0.05022535874010724  0.05357837037740876  0.05717400372715369
  0.06089329585850027  0.06477655862190750  0.06887661274129769  0.07331372460512441
  0.07753175886818230  0.08194381229962691  0.08650977572966378  0.09098842081698723
  0.09566755402205429  0.10051239680620155  0.10548505908473553  0.11055741911962723
  0.11559643701013428  0.12041638201213661  0.12532139116464125  0.13012939924148342
  0.13501083738041741  0.14013010010595370  0.14523650141847583  0.15044843104054076
  0.15542137525862354  0.16037913422003078  0.16547669440524684  0.17066346134853969
  0.17597707695426737  0.18154618210474291  0.18747689404602594  0.19362830943742226
  0.19984789785735207  0.20573286904332022  0.21223823401084135  0.21863177857859181
  0.22522199745439492  0.23201569682832707  0.23933910469786185  0.24715493837347469
  0.25512887059165279  0.26311360646711640  0.27099839603888481  0.27929216992332595
  0.28743738361287097  0.29562236275327780  0.30536314916019058  0.31558169634876343
  0.32641948321436076  0.33712834544215980  0.34773809163439501  0.35826120829882840
  0.36898559244690732  0.38074084501491640  0.39308332194140710  0.40533907929363300
  0.41794269123038863  0.43233883630872599  0.44898758583953091  0.46665773512017222
  0.48346818932556174  0.49945747317888822  0.51540116533207181  0.53094153237098463
  0.54707956547990755  0.57077503347544845  0.59376740577086451  0.61529621817951008
  0.63847319451402962  0.66201358972470992  0.68714451174553237  0.71711678060649242
  0.75036340609705776  0.78483282119482223  0.82045540871948230  0.85917623754763650
  0.88607034575635391  0.90464886215974882  0.94628889754028045  1.00000000000000000
 -0.00225836584391701  0.00765208140504095  0.01647083405897480  0.02457786015128594
  0.03256449641410589  0.04123042954661797  0.05045727085856148  0.05949451240227955
  0.06765172367183005  0.07549675093658402  0.08343862383957344  0.09139642080194291
  0.09956857800747969  0.10778363890763179  0.11635688207468894  0.12488251650665724
  0.13315817275332939  0.14171746215891057  0.14954053703340647  0.15687894432656718
  0.16436364118536659  0.17313324031293381  0.18268550831258298  0.19232246903919795
  0.20160405373709847  0.21095971783869485  0.22099012582613045  0.23203633026967757
  0.24409732364657419  0.25644879091734546  0.26797766196518841  0.27937210082413061
  0.29127622845590689  0.30299906811697758  0.31499186610825758  0.32663394060206158
  0.33740024135066105  0.34766995459344613  0.35832484978329565  0.36962830972327737
  0.38193816875156739  0.39558044342476900  0.40861643012882831  0.42042231290884940
  0.43117270937397278  0.44223871441394164  0.45325581198167147  0.46368788188192711
  0.47356982676928866  0.48405628593051686  0.49533758070418532  0.50551501376186903
  0.51447841521349580  0.52427040969542393  0.53568137112203573  0.54660177441542346
  0.55672972021766809  0.56658325161647094  0.57801844377345812  0.58963850718676913
  0.60177103496042683  0.61254161394929940  0.62329051575701733  0.63401277454451010
  0.64482311881685639  0.65562649137056395  0.66747142517330349  0.68046689857502485
  0.69400084629356729  0.70675354639187538  0.71905498595016060  0.73158867055893850
  0.74421241225581913  0.75660538049259574  0.76789388602192821  0.77751806087628650
  0.78691538018091478  0.79641287250868276  0.80611500301726879  0.81627186913289818
  0.82669864513357605  0.83727280364852097  0.84814788914662564  0.86035726875653618
  0.87336077600542061  0.88655410959855818  0.89902624907611672  0.91086652089440079
  0.92256716184848242  0.93418621254254852  0.94573900154206370  0.95681215656039054
  0.96801224148942799  0.97884505158471191  0.98934911779353407  1.00000000000000000
 -0.00249781385465219  0.00903396289697836  0.01946515205592987  0.02995883898247624
  0.04055146771094246  0.05070586247348603  0.06018152304317532  0.06987230776450969
  0.07961921349561070  0.08978364044682383  0.10060155947469215  0.11111384555552563
  0.12266954591272063  0.13351451284225049  0.14528314152664670  0.15541787975148799
  0.16581946121461480  0.17654430002365890  0.18796652792643234  0.19871947899921327
  0.20925927598105029  0.22020346702747701  0.23108905146687236  0.24160720116824499
  0.25176317535778542  0.26212260785144337  0.27250346420547095  0.28247101915079309
  0.29301768519142707  0.30391734317290880  0.31416128913895025  0.32353643588873832
  0.33336971884867472  0.34385532833920274  0.35437273887601123  0.36450770761092954
  0.37526181524500085  0.38724273369610696  0.39859540997881848  0.40852338923521558
  0.41756101111879668  0.42683933579244532  0.43605774260835761  0.44561686106484810
  0.45611199235388650  0.46695766919072279  0.47690447001150366  0.48584386377828498
  0.49436891920744619  0.50280486909031386  0.51121989731471207  0.51985824725094210
  0.53046457952576342  0.54028085038744100  0.55272205265023766  0.56465949253319969
  0.57630669372701859  0.58769321984910017  0.59942805897427243  0.61088059578542420
  0.62163311548384337  0.63252667920937122  0.64361807194580156  0.65503823884303480
  0.66696981750260564  0.67890049439887135  0.69131334108797404  0.70268907088163046
  0.71552189708955893  0.72798205096943436  0.73927536780312797  0.74992829104010716
  0.76143051792445438  0.77304444521438032  0.78472865217399257  0.79540469247716972
  0.80477218081730595  0.81502130807931539  0.82576058962894572  0.83628642982975732
  0.84531695373829252  0.85415709491786995  0.86369054082768848  0.87443079308889693
  0.88499729538818106  0.89551124602538812  0.90550102943640021  0.91540566238506083
  0.92576236879402707  0.93639997166547162  0.94809952669777731  0.95984166485386702
  0.97029176473705381  0.98037361276704060  0.98984597280608255  1.00000000000000000
 -0.00212782247742444  0.00943351625203140  0.01969692166281103  0.03082407657187045
  0.04132375429137435  0.05141466827732272  0.06081745870889427  0.07077909624262234
  0.08034789623746372  0.08973514800441472  0.09811581602137194  0.10630826004384601
  0.11493105522729959  0.12434055439485286  0.13471375443399952  0.14548253205150088
  0.15650279486429372  0.16775479122427164  0.17891425560250687  0.19034160782899745
  0.20142685885291159  0.21161857333543319  0.22041709385769354  0.22934285686985176
  0.23898400913895559  0.24898869741576132  0.25906343010426536  0.26916369143280583
  0.27915094343888747  0.28923558028453855  0.29846123199595359  0.30882229766230496
  0.31949490639950512  0.32952547145266653  0.33943147307173294  0.34961131646568022
  0.35989911412282577  0.37037828003343670  0.38161003562865214  0.39357451291512985
  0.40517795679107615  0.41562382928805086  0.42534674629814428  0.43440486020610608
  0.44316296136623906  0.45127413961968327  0.45955071702433237  0.46875818407170960
  0.47878928741785337  0.48913059724420066  0.49952283401686615  0.51105287174707359
  0.52289541229823211  0.53456574850412175  0.54607297042667846  0.55770415547592511
  0.56958867399531277  0.58132440607357527  0.59273966608763451  0.60365653345110970
  0.61431999623349320  0.62472256536477844  0.63471592792064668  0.64440847803590173
  0.65349655716231569  0.66240321303022676  0.67185035733154930  0.68205079120458056
  0.69259745637609593  0.70327793675517825  0.71363815793528551  0.72360443976010702
  0.73373371530390763  0.74451075294745150  0.75548995117643769  0.76574827111745858
  0.77637531960915418  0.78679992510334718  0.79646194797744141  0.80564257404742401
  0.81542396911429682  0.82560567501686533  0.83573925283557682  0.84601978047264192
  0.85539754246828470  0.86614554408335453  0.87643146664085103  0.88763980812034393
  0.89945183552610719  0.91233553530033729  0.92460296830916422  0.93673036437770762
  0.94912731446423670  0.96232605275227623  0.97703819269210901  1.00000000000000000
 -0.00268076892977512  0.00930767913458783  0.01995090260547026  0.03027041860982026
  0.04088391108702670  0.05152781756533836  0.06236779817694086  0.07364850899756320
  0.08484041020904309  0.09563703240453302  0.10556682603150910  0.11436382519591816
  0.12319694164369521  0.13250236221231287  0.14218443052974714  0.15169508676787791
  0.16033055201081750  0.16879142510310416  0.17745204982091753  0.18678022915898895
  0.19672425056095005  0.20755306527909642  0.21936010589384150  0.23139841699410510
  0.24227957283863868  0.25227255137748933  0.26140152541015355  0.27019806252893835
  0.27917154925541771  0.28900180225681515  0.30006009085739410  0.31184884733582147
  0.32379502269693683  0.33601498527728257  0.34824566919700450  0.36081768142085335
  0.37332930654506424  0.38494720315487069  0.39579154426805363  0.40594730868603501
  0.41611459225146397  0.42622865214588201  0.43676254670894443  0.44749399654817146
  0.45804315228016773  0.46848495969289883  0.47888262460442693  0.48927316624695000
  0.49977078802503683  0.51078025544812156  0.52247260975435517  0.53467372191373741
  0.54789604071737885  0.56099505605544631  0.57294408035540434  0.58417198005119086
  0.59522053790145746  0.60572270914619109  0.61447518935873602  0.62345230469935520
  0.63295875071929864  0.64333028905064837  0.65338360342803159  0.66286408347871462
  0.67199741003236091  0.68099373822177223  0.69032964867966751  0.70057168230209521
  0.71255784577609427  0.72575123136224873  0.73870438434717389  0.75086703136437805
  0.76076798040095217  0.77133754157309709  0.78250863825631922  0.79284280492414749
  0.80261003487213856  0.81284142912016344  0.82455914190474155  0.83592945504237992
  0.84660554460355264  0.85773145117322913  0.86978132891047344  0.88119440744048816
  0.89135102358268825  0.90162117652806895  0.91200708327896973  0.92263847530397880
  0.93317633317912363  0.94246505455608320  0.95123555916732594  0.95976412239604425
  0.96924162649285828  0.97906728824534373  0.98953575289863038  1.00000000000000000
 -0.00193613684963037  0.00948483738845342  0.01998446655338098  0.02996393579613456
  0.04150279399229446  0.05125429514799312  0.06102414035175167  0.07052148583328154
  0.08074042391984522  0.09077108308602969  0.10079386666856119  0.11115368195673160
  0.12164799401376060  0.13203180477564835  0.14257959290366679  0.15417849393141603
  0.16529851641258708  0.17596150063002383  0.18639953866923398  0.19666309596482368
  0.20709708184883607  0.21782882312166879  0.22783108490947793  0.23677961819229090
  0.24556461968463328  0.25566752494182793  0.26659620581011362  0.27742825725487208
  0.28787922709194025  0.29907832602304268  0.31047926458409925  0.32228177841477018
  0.33380799971686009  0.34476031801465623  0.35489174143495428  0.36497556399242426
  0.37578472089387804  0.38714691469905621  0.39847836490448674  0.41013727730868327
  0.42168245283232775  0.43303124573229784  0.44361428592002389  0.45399077254357612
  0.46352209213043061  0.47304236383065712  0.48321086119451834  0.49374921563446678
  0.50447772776480881  0.51430537585212743  0.52498427039179774  0.53713359429108476
  0.55011945107470483  0.56347236475164919  0.57607138714938821  0.58798000387251270
  0.59897063199144174  0.60958683798421143  0.62044775484742543  0.63110220940772610
  0.64218787690190837  0.65264458598679698  0.66279382751353333  0.67315444333324803
  0.68305878434433143  0.69392687808295694  0.70408884172586883  0.71369564850899114
  0.72307602643994451  0.73270657148326768  0.74255478478311809  0.75206024575383812
  0.76171160061377896  0.77132046633378304  0.78124654179362107  0.79136892036821316
  0.80199320622882031  0.81384841886414561  0.82517942365366126  0.83547389640981085
  0.84420686755511043  0.85303442960806930  0.86236056460606914  0.87202481286558220
  0.88150242512612209  0.89093874540051299  0.90075249208407149  0.91107182272381937
  0.92154459118459153  0.93293933384118333  0.94547394329055734  0.95821842168248350
  0.96991689365639955  0.98033501523095112  0.99031281455640496  1.00000000000000000
  5.13150053249215952E-014  -1.0000000000000000     
 T T T T F F F F F F F F T T T T F F F F F F F F T T T T F F F F F F F F T T T T F F F F F F F F T T T T F F F F F F F F T T T T F F F F F F F F F F F F F F F F F F F F F F F F F F F F F F F F F F F F F F F F F F F F F F F F F F F F F F F F F F F F F F F F
  <DiscreteSampler_grid>
  grouped_processes
  1 # 1 for a reference and 2 for a running grid.
  10 # Attribute 'min_bin_probing_points' of the grid.
  1 # Attribute 'grid_mode' of the grid. 1=='default',2=='initialization'
  0.0000000000000000 # Attribute 'small_contrib_threshold' of the grid.
  0.5000000000000000 # Attribute 'damping_power' of the grid.
 # binID   n_entries weight   weight_sqr   abs_weight
    10   10   3.618474349008593E-006   2.685623198427625E-011   3.618474349008593E-006
  </DiscreteSampler_grid>
