  0.00152988684080897  0.00259316336203800  0.00392774444488343  0.00497780579962478
  0.00626006519151037  0.00793048350453387  0.00971339032398221  0.01130775423969384
  0.01298778351263706  0.01485352805712284  0.01671821406323093  0.01857726247995137
  0.02075089520855958  0.02318065071951315  0.02558265757780775  0.02792343364800598
  0.03017879915687626  0.03232278366276480  0.03432319082729637  0.03638346247593403
  0.03840984651179540  0.04079263607582256  0.04343041270649589  0.04625435912181767
  0.04914107005701430  0.05222779641695743  0.05538437902694090  0.05843930240096700
  0.06143818306166762  0.06451907929972221  0.06785676329428669  0.07144646168623273
  0.07520280142237842  0.07926291149894721  0.08377689422691009  0.08868148175739445
  0.09356927923549363  0.09835582550615715  0.10310006646383979  0.10797739290849716
  0.11332301370301129  0.11855141762819728  0.12353770909353341  0.12851835524205588
  0.13359667258728064  0.13938796521288785  0.14606096025950602  0.15357692554993296
  0.16149756318781255  0.16876920598894954  0.17546314172120350  0.18224010336146387
  0.18947088731690759  0.19725500392916404  0.20529483861847633  0.21330413882772634
  0.22133525329807241  0.23006588901498909  0.23911518088022415  0.24692842532814785
  0.25475273720649372  0.26301663489950206  0.27230635806605374  0.28272051987676555
  0.29401317537856142  0.30590278093468420  0.31833413183861436  0.33101445044237909
  0.34253269845487366  0.35268550751465078  0.36207934723338342  0.37148618789928767
  0.38102901484249163  0.39229433541456893  0.40427122224921891  0.41638841322542003
  0.42849723918803390  0.44081501314130389  0.45684913800326621  0.47212810876193140
  0.48789304363217423  0.50372834395062382  0.51927702739832371  0.53582274250560158
  0.55353606226874108  0.57125723337628032  0.58821530514501419  0.60589466162073458
  0.62371867216929344  0.64313347744416283  0.66412782691521555  0.68503410525222841
  0.70638476303933406  0.72669831317077949  0.75362793027851160  1.00000000000000000
  0.00192435489283955  0.00801613514537631  0.01110220476565583  0.01409571889872975
  0.01728290594868132  0.02021278125341755  0.02317841888994569  0.02698354754641485
  0.03142654904569080  0.03556344312395286  0.03959658843029052  0.04367116935331264
  0.04766605047229031  0.05138068271010264  0.05550445084989417  0.05944707131907125
  0.06406051972113153  0.06891370550509697  0.07395751178608738  0.07910102816847919
  0.08403725583635205  0.09014156093797508  0.09572934046531267  0.10122392264212016
  0.10694851908790917  0.11337674759831487  0.12030253728206163  0.12652754798006896
  0.13237306000996596  0.13864038241479423  0.14674974505704322  0.15535009174743439
  0.16359881357237155  0.17178615760841712  0.18041768292540528  0.18935664956315801
  0.19901059557666984  0.20837938482506393  0.21758528702220339  0.22721856112737970
  0.23733583711206779  0.24711719986002995  0.25623977705823686  0.26528740712621640
  0.27486910529114622  0.28516125584689545  0.29539961176763224  0.30624252754638304
  0.31773047624243383  0.32910039688014686  0.33965330277568162  0.34962115422404200
  0.35966872357044294  0.37018884226158461  0.38125508668623731  0.39276090949269343
  0.40436287494441753  0.41705857164336957  0.42948744045459497  0.44263759396470381
  0.45633212494370717  0.46999248918688463  0.48426566206260213  0.49876859933635176
  0.51421929592428817  0.53062182777608946  0.54727556439775138  0.56372070334760571
  0.57957696921133761  0.59548094946329222  0.61096427076377080  0.62691858683073842
  0.64316602464838002  0.65983462524978809  0.67702235966181978  0.69367927007380548
  0.71012451906849461  0.72612753427851584  0.74201373623283340  0.75939733687037392
  0.77508746957255181  0.79016028861750143  0.80471985905749188  0.81881157561244033
  0.83283320980122599  0.84681069895021965  0.86097912382507824  0.87567726701124204
  0.89079350388109180  0.90540527655191272  0.91927805978653521  0.93282540269461156
  0.94649458427422462  0.96104582021631779  0.97883150728421653  1.00000000000000000
  0.00003736882422469  0.00004357565461597  0.00004802625216705  0.00005242703409271
  0.00005668164451978  0.00006125058065144  0.00006662866561519  0.00007201888656672
  0.00007713134303036  0.00008190412162643  0.00008790064102904  0.00009513865422640
  0.00010382260024133  0.00011353910348777  0.00012341345380630  0.00013437291438180
  0.00014666342362540  0.00015968290520140  0.00017303775441782  0.00018661602015397
  0.00020080898516243  0.00021711452415723  0.00023538242155843  0.00025501028776068
  0.00027458455980218  0.00029510885921686  0.00031547698395768  0.00033599897588812
  0.00035859077366570  0.00038254410129464  0.00040763261197881  0.00043607514164375
  0.00046286190537331  0.00048735393152483  0.00051100971865198  0.00053606935647860
  0.00056496203787950  0.00059900666865453  0.00063776395028399  0.00068078100230003
  0.00072887914739522  0.00077822853776056  0.00083442788853161  0.00089676722349834
  0.00096148488645305  0.00102979923711215  0.00109834545727481  0.00117014326971878
  0.00124646214778501  0.00133469878353205  0.00143457014994399  0.00154095841163337
  0.00165138629423557  0.00177544534756558  0.00190976335484149  0.00205822795239668
  0.00222943391622210  0.00241714952560985  0.00261468126232729  0.00283868071504215
  0.00308420305299943  0.00330515616520448  0.00356706947864852  0.00384800762487215
  0.00416707176091597  0.00449998261919672  0.00486933950340165  0.00528787492400301
  0.00578183528735500  0.00637136857688473  0.00702088989648109  0.00765724011125768
  0.00838887331790538  0.00919165541280777  0.01004628621421503  0.01095497122578350
  0.01194756484595033  0.01310964660589605  0.01444921793924840  0.01604944595906053
  0.01788906461209932  0.02003035134137800  0.02270975306281476  0.02599762809744368
  0.03011814960902400  0.03513420635411918  0.04092336650255941  0.04793213904236956
  0.05758382431644483  0.07070690686355273  0.08961774696854806  0.11482114332074465
  0.15454788755572943  0.23157092678003216  0.40770644986382532  1.00000000000000000
 -0.00103837080979030  0.00241364665119329  0.00622313505602154  0.01029720586725289
  0.01451024158450517  0.01938331646276837  0.02478119705549534  0.02990999283651164
  0.03495816114015442  0.04004502742976489  0.04581876998883951  0.05231716973218671
  0.05868288714888997  0.06502541161477701  0.07150253154698977  0.07861330246406789
  0.08590998750191604  0.09310224569176032  0.10092918166027667  0.10973992763753891
  0.11878292749561289  0.12817929653532684  0.13750953927161613  0.14677747674550520
  0.15591516627534135  0.16560470418037229  0.17611013266780814  0.18702519723884836
  0.19777499227177200  0.20908250268629908  0.22058063571140432  0.23207036805409303
  0.24420573539751747  0.25679591921367617  0.27036990840853359  0.28365738580686711
  0.29795373429213101  0.31324975563546864  0.33036945549803293  0.34797596196380276
  0.36385548559809072  0.37909168656874997  0.39527572192462201  0.41212300054102552
  0.42858680497075835  0.44411752224280632  0.45884901799074723  0.47334515683503720
  0.48872123936621931  0.50370762886309406  0.51757098913273480  0.53109918034113079
  0.54513581542568856  0.56127156241930476  0.57760909237307356  0.59367698640618871
  0.60990768270122908  0.62640793367203895  0.64178124912149304  0.65660329196151190
  0.67072208197653660  0.68456484222375791  0.69812406380054370  0.71196335727181881
  0.72628814738568392  0.74012634072079320  0.75280564936165484  0.76495720605375617
  0.77621954906932922  0.78681493676781866  0.79792962633496567  0.80939248383087270
  0.82079837291159075  0.83219793572034273  0.84293600332545870  0.85333722212770635
  0.86305264505737878  0.87263851415679139  0.88128892363082556  0.89033483023070836
  0.89876669557837052  0.90725385101053224  0.91543319850003968  0.92317350611870186
  0.93067831307118909  0.93792782554895449  0.94553896747428856  0.95326972988743164
  0.96095649457487442  0.96809117991808757  0.97486828095622624  0.98112003118906599
  0.98631296781813627  0.99104232781850277  0.99566808997730571  1.00000000000000000
 -0.00320491811488214  0.00947958348757183  0.02127316481304109  0.03347331016130983
  0.04640918386878098  0.05866009152494905  0.07001412275619996  0.08021237014424008
  0.09040193837619241  0.10082013324411540  0.11158173761496426  0.12259489379308311
  0.13372053958856450  0.14482707189076749  0.15542032232948197  0.16617444488559743
  0.17649190972176129  0.18617430646873717  0.19590190452540163  0.20541557443992817
  0.21571204850772233  0.22508567647217334  0.23428439859184086  0.24337825557282289
  0.25286298940168078  0.26299237807644271  0.27469505973904257  0.28736745217660625
  0.30018637229466066  0.31257383469994698  0.32411605075098066  0.33503234828466028
  0.34563562363245037  0.35623858902923677  0.36703858796814309  0.37845206027755546
  0.38938158204729612  0.39962773376603322  0.40971297570058324  0.42073703185254197
  0.43174024308143671  0.44177279054108270  0.45116573654090508  0.46051372637967530
  0.47042464706586568  0.48140890817410881  0.49208305573821060  0.50218373609649936
  0.51227481046223478  0.52240633623439769  0.53335100766100296  0.54507649473471076
  0.55700815270782500  0.56884855740763207  0.57986166159756447  0.59005655561227377
  0.60028226918542982  0.61081635919603039  0.62068234440022274  0.63008639377079001
  0.63942363865217089  0.64968491348007518  0.66188868829680791  0.67379105802944594
  0.68476833832820672  0.69534987787559244  0.70584648716958798  0.71693135101125982
  0.72819482579452544  0.74011853037611908  0.75271562155671978  0.76484804365988490
  0.77667259936672473  0.78814640728549046  0.79866308373861072  0.80923968986728112
  0.81883892567982053  0.82784696010325198  0.83732262010111413  0.84644193441817828
  0.85460950674508884  0.86260127741471648  0.87101845142615208  0.88133679132645504
  0.89312982342883118  0.90398609372729311  0.91422088341861363  0.92440681704963279
  0.93429837620583200  0.94382862720367022  0.95280717552984762  0.96218182125894680
  0.97152299204708170  0.98073433162311696  0.99034299577023122  1.00000000000000000
 -0.00122166417217324  0.00311897504090232  0.00755505049135830  0.01222826973966996
  0.01722282519697520  0.02365329953644903  0.03052725935296251  0.03778099507553841
  0.04570504003724588  0.05415381171724187  0.06274117186376930  0.07213861340892341
  0.08176619769605330  0.09220974274463013  0.10168471189774624  0.11099483557875486
  0.12007939555698105  0.13084288203129751  0.14242310323390742  0.15363383224297270
  0.16453400641986363  0.17657963456340514  0.18950178298061887  0.20201889717964613
  0.21416988186070895  0.22596502560905954  0.23817567098239259  0.25151604607034261
  0.26521141030973377  0.27885039462571604  0.29167495355660539  0.30488142301499571
  0.31803355218873031  0.33167772920182576  0.34543382266007822  0.35772683008049783
  0.36966317876403076  0.38173301116792596  0.39413590961345107  0.40630945035575106
  0.41842909819593110  0.43083502670107182  0.44381150750085524  0.45595430878260618
  0.46773951695245353  0.47963136087819724  0.49104503187577114  0.50224664203901748
  0.51416195992571390  0.52687718011144558  0.54039944460553835  0.55352578261653096
  0.56606173364676005  0.57824523632343683  0.59004143516917062  0.60100613530806180
  0.61270969123834840  0.62403558073285470  0.63485937109978241  0.64541124792060822
  0.65599831213078619  0.66695318671615478  0.67839790550556167  0.68967441783837335
  0.69953002571185174  0.70850848079747775  0.71784169546447907  0.72926218232045581
  0.74255338389502823  0.75581303670853883  0.76836429550795671  0.77820321086478328
  0.78672632272614940  0.79518242871005429  0.80420529871470348  0.81410817033799265
  0.82410503856246786  0.83365481494686333  0.84383881814691852  0.85475537573673299
  0.86571818949546953  0.87640756222252103  0.88624942660413508  0.89580714753802815
  0.90525879733758574  0.91483888873184949  0.92428187452878441  0.93324574162600404
  0.94133439803694807  0.94918751128754386  0.95687612439378300  0.96458309832368117
  0.97266750351382880  0.98138376211079636  0.99053328160332310  1.00000000000000000
 -0.00206783829254024  0.00865154091979464  0.01916843440063781  0.02795230341513899
  0.03729173408542778  0.04801506467853899  0.05929978615941896  0.06974824203986159
  0.08030473806804911  0.09051246408578160  0.09994980694757630  0.10896422209957353
  0.11843842221700207  0.12821959827206494  0.13866108640985467  0.14934007329563795
  0.15920708490961866  0.16814122127825645  0.17654656786688580  0.18567574186336194
  0.19594359741362133  0.20696878672289387  0.21789177835095297  0.22877124443981678
  0.23947220122885793  0.25025668187371841  0.25850625922216924  0.26771106696677738
  0.27705164508623903  0.28679039413423629  0.29642088644259951  0.30636959551911336
  0.31699119204986326  0.32856538226500681  0.34045507843521861  0.35209919570173581
  0.36317829117223810  0.37428597893128274  0.38429349073295693  0.39511524798214148
  0.40405654418070541  0.41286093057387591  0.42159778957572991  0.43068657350099748
  0.43973134737541519  0.44925351596735669  0.45943658583698888  0.47069925807659174
  0.48215227841718272  0.49386357317640217  0.50460505539790557  0.51481136372629899
  0.52454981328742845  0.53419265937071458  0.54359622520040007  0.55339216174118533
  0.56374496113974237  0.57441847574443350  0.58520094647816956  0.59635655204634530
  0.60822345679533429  0.62058553392491445  0.63278650020065397  0.64473440301698215
  0.65622383971332632  0.66840245510484086  0.68145443688719753  0.69395849200109916
  0.70499094633863979  0.71517050034153928  0.72513941183585251  0.73492386205898175
  0.74435959394880236  0.75467313451826423  0.76575316205157484  0.77675473447242993
  0.78807946410858642  0.79944860861851941  0.81017532269957671  0.81998528830837125
  0.82932752226564466  0.83921352963026596  0.84989306872724768  0.86116943305749039
  0.87289371876270239  0.88526760193556131  0.89795720734065521  0.91110717517895201
  0.92438482342468431  0.93713156926227759  0.94783544654084984  0.95824318137219600
  0.96814183775084728  0.97928941610165399  0.98975059608624105  1.00000000000000000
 -0.00281111485290691  0.01259723925519647  0.02429517226743333  0.03539810776113220
  0.04611810699794342  0.05871064801135386  0.07111096276065286  0.08358204568072794
  0.09456040446393746  0.10530892635390592  0.11659703909819587  0.12772978799135276
  0.13916857193931112  0.15071552784596862  0.16171394656084412  0.17237985375218895
  0.18274759644939229  0.19318643690189977  0.20349317407845427  0.21404222450772412
  0.22450900459303619  0.23565351527229544  0.24694544689751041  0.25822830391247487
  0.26902591453235619  0.27985802491262773  0.29137121769486835  0.30326751456122325
  0.31506596216429072  0.32640014705396025  0.33721114835308741  0.34809199300598498
  0.35920295997323948  0.37109788821365747  0.38176484827458673  0.39164183859187485
  0.40186092162178988  0.41262342149390685  0.42410709796710416  0.43502931960883912
  0.44483595116865243  0.45412328438563243  0.46393380230206316  0.47462169697517759
  0.48556663244992943  0.49583798310454491  0.50681000999907955  0.51776979168180970
  0.52857103634013880  0.53853746092197008  0.54750503765743908  0.55596757727828738
  0.56428711232946527  0.57249917408527529  0.58054772577702707  0.58848152608598270
  0.59669295900680619  0.60597795056113246  0.61630698399486328  0.62650833213843293
  0.63611960446596749  0.64566252360725129  0.65604078505652652  0.66691348755858049
  0.67791975086784850  0.68950842444444949  0.70148313850294230  0.71270292072676511
  0.72287360471140560  0.73249586938758326  0.74180850210275517  0.75114431244771296
  0.75962062793027540  0.76844901240000074  0.77715834042514620  0.78549870236941011
  0.79436689298344176  0.80540133317628337  0.81837109964692489  0.83133845177824939
  0.84345164216838675  0.85480055893738094  0.86567231061404271  0.87654775261843065
  0.88737922916229506  0.89738620014574855  0.90665847879886863  0.91652031335768958
  0.92759183332854955  0.93836422606176284  0.94801123165646195  0.95783676172535903
  0.96847936015504743  0.97959575827288869  0.99025638970617880  1.00000000000000000
  6.60379663387415124E-010  -1.0000000000000000     
 T T T T F F F F F F F F T T T T F F F F F F F F T T T T F F F F F F F F T T T T F F F F F F F F T T T T F F F F F F F F T T T T F F F F F F F F F F F F F F F F F F F F F F F F F F F F F F F F F F F F F F F F F F F F F F F F F F F F F F F F F F F F F F F F
  <DiscreteSampler_grid>
  grouped_processes
  1 # 1 for a reference and 2 for a running grid.
  10 # Attribute 'min_bin_probing_points' of the grid.
  1 # Attribute 'grid_mode' of the grid. 1=='default',2=='initialization'
  0.0000000000000000 # Attribute 'small_contrib_threshold' of the grid.
  0.5000000000000000 # Attribute 'damping_power' of the grid.
 # binID   n_entries weight   weight_sqr   abs_weight
    10   10   2.948938259409168E+001   4.118321043937715E+003   2.948938259409168E+001
  </DiscreteSampler_grid>
