  0.00000978572612726  0.00001092041143700  0.00001193163005571  0.00001309755717065
  0.00001453368029896  0.00001608059410217  0.00001757740398624  0.00001914004301938
  0.00002087176960216  0.00002277758603797  0.00002486005707914  0.00002704317297576
  0.00002925892514637  0.00003151285173544  0.00003380126431315  0.00003621160216681
  0.00003878725928599  0.00004116066930084  0.00004330040651229  0.00004524021331511
  0.00004706654132351  0.00004880930783559  0.00005051779624241  0.00005224082160429
  0.00005399559687575  0.00005578804622923  0.00005764941404082  0.00005962235586893
  0.00006166428761686  0.00006384783360799  0.00006618616546305  0.00006855864883440
  0.00007093159369102  0.00007333806418925  0.00007584641751104  0.00007852163083473
  0.00008135196897475  0.00008424917689395  0.00008720228637811  0.00009023534275139
  0.00009331317940456  0.00009647078568575  0.00009968776941881  0.00010305718364277
  0.00010665391528354  0.00011049881901451  0.00011464887422421  0.00011900883078868
  0.00012344418125983  0.00012819378601054  0.00013261655908764  0.00013788704863567
  0.00014381827770908  0.00015022254091313  0.00015708911079405  0.00016441741811755
  0.00017216776088884  0.00018031106852907  0.00018876992885540  0.00019765569830336
  0.00020705300269544  0.00021687174359261  0.00022802533245515  0.00024009537345118
  0.00025276292054474  0.00026674295648955  0.00028179778091882  0.00029783300257510
  0.00031629989391165  0.00033676812345772  0.00035907065337742  0.00038220746171259
  0.00040681913323127  0.00043535272941370  0.00046598688766923  0.00050234672970729
  0.00054182511697627  0.00059075400172575  0.00064657925326575  0.00070668875441626
  0.00077376871176353  0.00085036019745631  0.00093927947679225  0.00104391449988347
  0.00117318790608735  0.00133415334192015  0.00153940117666588  0.00180249548731580
  0.00214431167251966  0.00262158170029420  0.00333655644121486  0.00443888679743005
  0.00653424815854753  0.01086022016519876  0.03295671769305045  1.00000000000000000
  0.00000312846276349  0.00000501857546567  0.00000644466054847  0.00000789332973691
  0.00000931872415909  0.00001063745605412  0.00001190399824970  0.00001314415001878
  0.00001430540682854  0.00001540721656568  0.00001658765138071  0.00001792884868404
  0.00001936949112628  0.00002086490492201  0.00002237468569027  0.00002381499928540
  0.00002519863423827  0.00002666658411801  0.00002820734237757  0.00002974300406372
  0.00003125134904611  0.00003280904261973  0.00003438773536577  0.00003602839961310
  0.00003763612180377  0.00003944088447128  0.00004126599536125  0.00004308382924350
  0.00004508849348408  0.00004734883618701  0.00004973512645731  0.00005248823811876
  0.00005553880021725  0.00005878286327768  0.00006215681640279  0.00006603906159554
  0.00007030092723916  0.00007496246456729  0.00008008568484042  0.00008503184960052
  0.00009008096147342  0.00009546640922641  0.00010107427292195  0.00010697220620469
  0.00011333297764844  0.00012030631684514  0.00012788365797917  0.00013591871778021
  0.00014426380530186  0.00015349518840096  0.00016476957036525  0.00017603685777250
  0.00018727663826241  0.00019936069280201  0.00021274450675054  0.00022834828269072
  0.00024529907492910  0.00026383022784491  0.00028372864154431  0.00030498277202738
  0.00032717390496231  0.00035136027892265  0.00037791151543080  0.00040726889042983
  0.00043845126126147  0.00047262782178529  0.00051100656049169  0.00055235147266443
  0.00059867622688351  0.00065200949408025  0.00071170000291496  0.00077595238957547
  0.00084557163282476  0.00092249494560658  0.00101006726964150  0.00111314390427789
  0.00123342919087097  0.00136918483945230  0.00152581616199168  0.00171436758495316
  0.00194631697295065  0.00222821207523961  0.00256309672564386  0.00296577706548455
  0.00347153771542345  0.00414034012571391  0.00503260509735439  0.00617968549749170
  0.00771091421627787  0.00991238431605607  0.01322708736562301  0.01821670466369031
  0.02893340987149717  0.05794598754340406  0.16650096401423795  1.00000000000000000
  0.00000899456026682  0.00001073031150448  0.00001225346042987  0.00001322864828857
  0.00001404844225855  0.00001495769436705  0.00001613989166194  0.00001773579932886
  0.00001955128122665  0.00002144070273703  0.00002324803710721  0.00002497530971295
  0.00002669509661361  0.00002830612618664  0.00002979149500166  0.00003131484965942
  0.00003281911173837  0.00003428236130886  0.00003572703034087  0.00003720449337333
  0.00003871827794488  0.00004031396873408  0.00004203297711386  0.00004376068678020
  0.00004549301434373  0.00004725425239004  0.00004902972392073  0.00005089908200916
  0.00005282552740464  0.00005483939325056  0.00005697792042047  0.00005920607310257
  0.00006146790182790  0.00006375098188949  0.00006619086808676  0.00006876467587499
  0.00007135613042612  0.00007408982731588  0.00007716703060614  0.00008040084609121
  0.00008391120898797  0.00008753044573090  0.00009116716691399  0.00009496863450129
  0.00009890321217626  0.00010299759954326  0.00010730054688328  0.00011167643613678
  0.00011608107628356  0.00012093042536282  0.00012606524801125  0.00013148117524966
  0.00013696928280002  0.00014328146424352  0.00014955341372401  0.00015630752930382
  0.00016352156758632  0.00017223182116648  0.00018122888134500  0.00019068977386089
  0.00020076155219544  0.00021150609947317  0.00022303948896063  0.00023545574131292
  0.00024879832991462  0.00026355726624037  0.00027946986538216  0.00029669888322868
  0.00031584661031013  0.00033634118331033  0.00035922726913608  0.00038446761637185
  0.00041252112085875  0.00044450436824802  0.00048150882527573  0.00052478653830540
  0.00057319433787647  0.00062899474375521  0.00069268906485747  0.00076396196912885
  0.00084250635314090  0.00093335529655198  0.00104457434461782  0.00118584837190551
  0.00137634804858921  0.00163067141130744  0.00196550413696901  0.00240882675858662
  0.00300230944365200  0.00387683997359284  0.00533824632664631  0.00818485570790614
  0.01667118718869151  0.07214705972385074  0.90527191047395406  1.00000000000000000
 -0.00269877425910964  0.00985744584384431  0.02119086829630902  0.03221513244248281
  0.04334601173439181  0.05453063340471775  0.06567849810438128  0.07671383689630847
  0.08833008167939764  0.10034252751879116  0.11215498817732820  0.12332195679958242
  0.13403847282042713  0.14475479691217841  0.15556773681384323  0.16577186841260677
  0.17513329389461305  0.18431171742094310  0.19385240596545300  0.20374145355948250
  0.21404859016073244  0.22469190363811395  0.23581188082357887  0.24706889721938224
  0.25798580462785842  0.26842102998422346  0.27864071191839362  0.28852513718840084
  0.29815782207586733  0.30791906548015824  0.31802924570939273  0.32850100142355299
  0.33885050805227118  0.34878516865898473  0.35889403741459902  0.36924989963129118
  0.38007752943079914  0.39128550623487718  0.40250813468849928  0.41365946978705359
  0.42432441193024240  0.43503339203748975  0.44566596884110082  0.45605236995401771
  0.46623512462369615  0.47684753263094237  0.48854062394565279  0.50074511870702010
  0.51299646591368975  0.52499624056160454  0.53669208842760208  0.54788897575816164
  0.55853305602152725  0.56900390596042016  0.57953030966684882  0.59035384017185610
  0.60112558055712584  0.61169697566098558  0.62219673370026973  0.63293460385887179
  0.64366920958375029  0.65404849637255880  0.66449002926299128  0.67503824059318762
  0.68538753354048265  0.69529478050467941  0.70514134496039049  0.71539504868978609
  0.72589887214679094  0.73654680224884606  0.74723443088741226  0.75804747529525052
  0.76876849405364156  0.77911003109514876  0.78945505249452286  0.79978065980568858
  0.80996184556721329  0.82000489875902760  0.83008616173810734  0.84033184251138704
  0.85052070378534839  0.86001069620565440  0.86937047215851171  0.87918196965647610
  0.88928704294786298  0.89886920829297046  0.90800272948316818  0.91745628885932162
  0.92797216395439874  0.93832599950297890  0.94804246661406855  0.95738768112681594
  0.96783529950426805  0.97849339867829210  0.98898780223121896  1.00000000000000000
  0.00006389246169986  0.00022599790969935  0.00050190686500548  0.00094371498469623
  0.00147658963323812  0.00200724117383967  0.00256995846195856  0.00315635643746897
  0.00376718276681474  0.00440151358818511  0.00508265692609495  0.00582402508304027
  0.00662879408611659  0.00749570270542804  0.00842032255011896  0.00940057332441877
  0.01043421229576515  0.01152163982974352  0.01270723909065322  0.01395774278262382
  0.01526277500132776  0.01664530706037460  0.01811950968444642  0.01968840838251083
  0.02130685722888363  0.02313075960921183  0.02499057186469330  0.02697217461982917
  0.02911439342423501  0.03140633390351826  0.03380427701711015  0.03626079668467258
  0.03877833927767903  0.04145341323613833  0.04444570119460261  0.04788279286781965
  0.05138726559671124  0.05501813884484943  0.05888443689316000  0.06297306174863369
  0.06730170782682880  0.07174143375522639  0.07637230223002538  0.08109183340640486
  0.08609921342501098  0.09134258789640962  0.09667522222914426  0.10234689709269716
  0.10837517411137092  0.11475340700469867  0.12134813692954381  0.12824423966854831
  0.13537564077399264  0.14267698710689000  0.15026988191919793  0.15825401012677939
  0.16668686841708014  0.17574121426693806  0.18534070851814324  0.19556144487225435
  0.20633178488132997  0.21768082420095813  0.22952983180620809  0.24130250986589932
  0.25344607439877848  0.26614717861246068  0.27917107830230747  0.29329129228607898
  0.30860678786599327  0.32458876467691045  0.34037134678417102  0.35589166733393496
  0.37175799868885262  0.38874206812366524  0.40662081391256222  0.42464866516320032
  0.44378094861769146  0.46394751733400741  0.48609128922227918  0.51012940655655381
  0.53408535125053469  0.55786891033723329  0.58338011270995982  0.60999148161076833
  0.63633017574886364  0.66416774618229324  0.69300949279130220  0.72233055014736802
  0.75266912514416096  0.78293780320845086  0.81417623310412124  0.84725503045255690
  0.88222124047045480  0.92068157661255645  0.96097010227132129  1.00000000000000000
 -0.00255784982136269  0.00968028511707505  0.02066551262968852  0.03206411270973650
  0.04408559339844266  0.05569891379604044  0.06717310594751132  0.07849893235525696
  0.09004619881778887  0.10164750663578394  0.11288974245799860  0.12391370851878546
  0.13490702233157914  0.14600583822752328  0.15681194940286347  0.16715995761137051
  0.17714829987000125  0.18699352153254398  0.19687530977044815  0.20669974663836299
  0.21657991954541003  0.22663628568540217  0.23636348584349814  0.24608159918226616
  0.25621236468682740  0.26684648625324303  0.27799443192697115  0.28895691012276742
  0.29908937337306979  0.30884524436627031  0.31864081611883083  0.32851518102669103
  0.33831953518183477  0.34786417123289182  0.35755296814540138  0.36762474547347790
  0.37775656544885222  0.38779361153193737  0.39759853575808185  0.40734886659192365
  0.41715593830240749  0.42765193120853551  0.43894942086185196  0.45065617100286604
  0.46132785350918326  0.47126107365965930  0.48114783425237312  0.49202202814314511
  0.50200722298264711  0.51201171984844385  0.52197215403508446  0.53300599827541195
  0.54409366640101398  0.55506129644206970  0.56597405485213215  0.57653415298122423
  0.58746616479065072  0.59830106881599221  0.61023033524767778  0.62139936594236023
  0.63260840441741772  0.64315353295724409  0.65394805149112767  0.66451975739468705
  0.67580036087780226  0.68671607566429127  0.69760985888874305  0.70785460909912312
  0.71839956041645281  0.72891620989799888  0.73829948240110810  0.74814024625399544
  0.75757269191879684  0.76689805593593452  0.77621131379369646  0.78578012082848769
  0.79572414937992131  0.80654386102122244  0.81694419386638195  0.82757177743073773
  0.83784027033112740  0.84754216069484611  0.85762331734911545  0.86805604162186289
  0.87876954070372526  0.88922018225493160  0.89961837234781195  0.90999076543724056
  0.92054537458736241  0.93154568560788975  0.94342841034384106  0.95551333440031028
  0.96772877336116525  0.97920261887110738  0.98989844760493662  1.00000000000000000
 -0.00013645262277518  0.00026290661467642  0.00104485442192170  0.00223305137136498
  0.00372539321111311  0.00534210471404521  0.00709384232148968  0.00912195054419391
  0.01151679454698289  0.01414636210121670  0.01700645129772830  0.02014954938180655
  0.02363704212806836  0.02737233882541392  0.03131876929443635  0.03537030629022055
  0.03957791310045618  0.04427335861217442  0.04949570832026495  0.05504571014146056
  0.06086651414031416  0.06705021808015781  0.07342212321400474  0.08007250551481909
  0.08711783349064924  0.09464075458790511  0.10239675908810308  0.11025279363149783
  0.11823231515401739  0.12621077021500218  0.13415391393056553  0.14200644054502848
  0.15030384795259991  0.15920539581223112  0.16882137070674524  0.17884166897580844
  0.18893626101358221  0.19935472263404050  0.21035302668245048  0.22232465711685673
  0.23470723373182686  0.24683937185932081  0.25873866221249359  0.27058453468186566
  0.28216806340554801  0.29408958787750883  0.30627679806008484  0.31846862865505254
  0.33071882430319705  0.34311209226544909  0.35605320884368669  0.36955872859844241
  0.38331037548063729  0.39644956529929298  0.41028596656838173  0.42423748081208473
  0.43807912049142955  0.45195858804582545  0.46553394319121594  0.48009870534964688
  0.49534137983627091  0.50993616572765765  0.52437940554836315  0.53897786496310096
  0.55341134749953325  0.56739233625791707  0.58151215111876231  0.59758835619835748
  0.61338167854665893  0.62789125177179561  0.64053334431712283  0.65382547622867138
  0.66782675486039067  0.68337182024942333  0.69751785422520385  0.71078352626655006
  0.72330397975850935  0.73540892933870250  0.74657659433755674  0.75793894214593582
  0.76935173166658100  0.78079600683306871  0.79256918470035820  0.80478972809949723
  0.81688167326961714  0.82847883915034992  0.84036157051047511  0.85251880562469118
  0.86476263077930693  0.87731269172761284  0.88953809658535754  0.90178249924147380
  0.91382020372376027  0.92626427685277246  0.94145210631199849  1.00000000000000000
 -0.00384724335823388  0.01587217816787047  0.03188985345799208  0.04819933243169897
  0.06410386257066057  0.08007820996394403  0.09641464730024990  0.11260922998586842
  0.12804516077013117  0.14294218780038909  0.15791302772547972  0.17288946476373948
  0.18776716095549670  0.20260356819302147  0.21725668468259585  0.23040592408206570
  0.24175614883000054  0.25318088432215369  0.26446634461465968  0.27555883690614086
  0.28572502935516408  0.29567777707649889  0.30720505470027737  0.31810346985973931
  0.32860546023522252  0.33834962335868207  0.34778126455818259  0.35689353358311393
  0.36614587777481666  0.37523602055027150  0.38402858526533412  0.39246440581464820
  0.40053005154220067  0.40829222991324665  0.41586333152124560  0.42312077974745793
  0.43006322107967593  0.43679865559701758  0.44325124195814231  0.44937249930634937
  0.45529588434672286  0.46102491756780278  0.46652676855653646  0.47201232796674908
  0.47772229904569730  0.48371674037008106  0.49001838146413340  0.49631683834591239
  0.50259878403284897  0.50880602317989843  0.51483842277674496  0.52085672449420417
  0.52686237597727548  0.53289572985394618  0.53906301642953947  0.54548552991404353
  0.55219201237266757  0.55914083786907531  0.56626495532969578  0.57349827590327385
  0.58091294694350037  0.58834151566647730  0.59600192489296133  0.60430766961093663
  0.61319888777873133  0.62273625067544891  0.63262662057031804  0.64295838964454377
  0.65218918812916782  0.66099226114895981  0.66981906424256332  0.67912290583948431
  0.68775510520240035  0.69649257323968139  0.70571738457689015  0.71702417642259320
  0.72926434487578662  0.74164870207602074  0.75396046641094638  0.76600820116452195
  0.77775840429212362  0.78944648422860331  0.80182078140876323  0.81527093406757922
  0.83001049495771018  0.84576442769653459  0.86159012964795412  0.87694347875717693
  0.89263868509801969  0.90863793750035238  0.92387490190110988  0.93858602343743103
  0.95344659401372656  0.96840519961642613  0.98358151521450565  1.00000000000000000
  3.35726178831064839E-006  -1.0000000000000000     
 T T T T F F F F F F F F T T T T F F F F F F F F T T T T F F F F F F F F T T T T F F F F F F F F T T T T F F F F F F F F T T T T F F F F F F F F F F F F F F F F F F F F F F F F F F F F F F F F F F F F F F F F F F F F F F F F F F F F F F F F F F F F F F F F
  <DiscreteSampler_grid>
  grouped_processes
  1 # 1 for a reference and 2 for a running grid.
  10 # Attribute 'min_bin_probing_points' of the grid.
  1 # Attribute 'grid_mode' of the grid. 1=='default',2=='initialization'
  0.0000000000000000 # Attribute 'small_contrib_threshold' of the grid.
  0.5000000000000000 # Attribute 'damping_power' of the grid.
 # binID   n_entries weight   weight_sqr   abs_weight
    10   10   1.569427895165877E+003   1.182368966941905E+007   1.569427895165877E+003
    16   10   1.645325809601192E+003   1.302607447135945E+007   1.645325809601192E+003
  </DiscreteSampler_grid>
