  0.00158283194897737  0.00162339763416612  0.00168221180588057  0.00174684781984360
  0.00178445727251250  0.00181845966004716  0.00184871616248412  0.00187621645842387
  0.00190493719245798  0.00193713640813787  0.00197355535119980  0.00200922775802642
  0.00204711761757024  0.00209125080330084  0.00213688046365620  0.00218537369939137
  0.00223728916137384  0.00229262965233474  0.00234915987514966  0.00240613080987428
  0.00246277665387164  0.00251817500847143  0.00257582677238711  0.00263330282499653
  0.00269345514078250  0.00275383263773827  0.00280868583416349  0.00285743372730701
  0.00291472557654128  0.00296574975922412  0.00301741473249092  0.00306926371589939
  0.00312136102324801  0.00318032622340668  0.00324455083517555  0.00330990392127680
  0.00337518862621416  0.00343536331951920  0.00348980451448019  0.00355762983718856
  0.00364226316677418  0.00372876178869736  0.00382267114503158  0.00394038294853543
  0.00405647087628380  0.00417316548015240  0.00429911055676258  0.00443278239038369
  0.00454526019957843  0.00466458300695519  0.00480085482840500  0.00495839085008823
  0.00513037081179655  0.00530556422652518  0.00548907285485259  0.00570235388382993
  0.00593976400370784  0.00618810013940910  0.00644838224124912  0.00671500605386818
  0.00699306462863394  0.00727858683218349  0.00760129444502701  0.00795378967785748
  0.00836817233361790  0.00879692328154141  0.00923503952470744  0.00970619978902275
  0.01023604133851529  0.01083828709367080  0.01147758579874918  0.01219200200695450
  0.01296008718017622  0.01381570431689821  0.01471123621207709  0.01575803677704013
  0.01694697618504804  0.01823853542871514  0.01959593570896146  0.02112730771887191
  0.02285546284429373  0.02474497258545527  0.02680094491377398  0.02914359346679391
  0.03206182980809093  0.03572471835234940  0.03984706549042739  0.04455223006730441
  0.05043905979942433  0.05801997390281263  0.06851912455390258  0.08306471229545956
  0.10388833447008654  0.14254697539643521  0.24199890489167872  1.00000000000000000
  0.00571990160929307  0.00828389363374034  0.00952906347380701  0.01059341518425063
  0.01173833115339881  0.01301154561248373  0.01434447709723508  0.01536696626887877
  0.01639050676753427  0.01748513952350880  0.01869051217886134  0.01991956064483056
  0.02122867196788225  0.02267058059924753  0.02415295718332593  0.02556580362523699
  0.02690703525002196  0.02830766051920007  0.02974014069911515  0.03125948257400726
  0.03279155411719467  0.03431625246357437  0.03584918896467878  0.03758079549488494
  0.03943961403542252  0.04145086504298222  0.04356112470062352  0.04584833629630174
  0.04812866523123965  0.05008134000627776  0.05186040117157881  0.05369822435104789
  0.05565396903645797  0.05764344972820347  0.05954822387749650  0.06170244509462194
  0.06421028013989698  0.06689383060299618  0.06963328338244981  0.07255409734216714
  0.07599778342875578  0.07921326742761356  0.08218163116230676  0.08537293782999096
  0.08855655408394064  0.09192632931090454  0.09513787293634228  0.09833558594770171
  0.10162168010228349  0.10513352202631698  0.10899149059851947  0.11293162347708267
  0.11668710211069268  0.12033843396926666  0.12447395025339264  0.12900894904208207
  0.13354503084407157  0.13824804645999772  0.14356505436960296  0.14883295981208416
  0.15464781879028669  0.16105129087920994  0.16769604523654363  0.17427136990000683
  0.18037905200208110  0.18641573098260433  0.19250148123993172  0.19878808814465210
  0.20520972896097905  0.21177642701774146  0.21895844612536880  0.22713843899061309
  0.23631082678093335  0.24580939325013246  0.25595186411100396  0.26597520658125662
  0.27588272454104451  0.28647986396470099  0.29765264063905217  0.31016703885111019
  0.32375107326725777  0.34000803821337244  0.35671299059128059  0.37324818983027469
  0.39060316467738937  0.40925299682516381  0.42912202225304752  0.45381563540907116
  0.47997934008611531  0.50934801740205260  0.54438574492062297  0.58779685801484027
  0.64334958351414195  0.71430371660608449  0.81838004488097904  1.00000000000000000
 -0.00304912267092646  0.01092052444176079  0.02186567720532393  0.03224887360693422
  0.04239456775629765  0.05178915429127183  0.06081413237431386  0.07024232302130244
  0.08047156964402012  0.09139932770194496  0.10195698508700841  0.11162052075330371
  0.12061270455746957  0.12936035717762345  0.13719464101971837  0.14526002846180514
  0.15366892277758146  0.16302089503185463  0.17430235558159207  0.18715987177437485
  0.19997412559450539  0.21186877596537954  0.22336304858060452  0.23443544226023089
  0.24606826400611626  0.25832302969328058  0.27070213995091419  0.28230594224886546
  0.29306651561726771  0.30253808407230642  0.31214806604273060  0.32191642126234071
  0.33143637887867883  0.34104197317959561  0.35086635109754272  0.36163307809778189
  0.37293073671037680  0.38393931265401243  0.39484935280297234  0.40547406175065986
  0.41669806946942339  0.42874652896162169  0.44311775847802942  0.45551694087743655
  0.46556005764173208  0.47586964820043626  0.48442260448140739  0.49385816217420431
  0.50528584139248489  0.51713474620194011  0.52790423257581665  0.53795789363014646
  0.54646412925390864  0.55414857777439619  0.56185488643446646  0.56971416746251935
  0.57865564508265610  0.58765093822434289  0.59584026547207791  0.60382070734067739
  0.61196212820075080  0.62002642547249098  0.62912720242053077  0.63868577493606793
  0.64992410967286551  0.66299061812128779  0.67398988461300846  0.68474709670346534
  0.69500668437170388  0.70513846423002946  0.71458650675457558  0.72361546132670052
  0.73305415031653809  0.74362167776118882  0.75489286792644239  0.76659946722322048
  0.77665822131112305  0.78590426037255245  0.79582229738010246  0.80760238287120434
  0.82130930562452120  0.83507522209190421  0.84755849944921369  0.86013280844453588
  0.87289193160689482  0.88399421666485811  0.89430547292678508  0.90565902876208459
  0.91723067955995785  0.92960172734876534  0.94206869029187157  0.95532766826664683
  0.96733317625368131  0.97849477191154621  0.98914559645894951  1.00000000000000000
 -0.00230444533087442  0.00871412567053477  0.01875585441978633  0.02840820258492223
  0.03940741906672414  0.04973468043343170  0.05889779421839703  0.06800669951203031
  0.07704131369489356  0.08677939219310002  0.09743016426278296  0.10754006246121077
  0.11786143085802009  0.12789489381292163  0.13634452629761812  0.14499067043170255
  0.15362497597282124  0.16360664970255315  0.17458035460303004  0.18643359167683893
  0.19898381810450150  0.21086446935195016  0.22151641264536195  0.23175573017228188
  0.24222199690840476  0.25365310307294997  0.26494699475956718  0.27532781331188055
  0.28529800965146329  0.29571771380647072  0.30652043014830466  0.31687304057617394
  0.32675183877158015  0.33735370028840522  0.34902687132388149  0.35921374823082763
  0.36886515963120764  0.37904262020984070  0.39004995676439497  0.40095870236897257
  0.41183719065338203  0.42325859139898664  0.43582541362006988  0.44648826783792650
  0.45743738596560862  0.46755473265763109  0.47692677659193983  0.48480588459909524
  0.49256576930850648  0.50105156170277121  0.51004390805318545  0.51863200717458413
  0.52684197456195514  0.53551724664340439  0.54561905871926042  0.55741659643658692
  0.56804191890180766  0.57735828742477624  0.58610962722523563  0.59443007900312528
  0.60280190963832714  0.61186598234285094  0.62067633708095549  0.63061177464136220
  0.64181251632862624  0.65421284608945651  0.66730354070697928  0.68038873442678482
  0.69227083929846744  0.70355011263644107  0.71422954423938856  0.72469421509162901
  0.73484132998471430  0.74540634264084760  0.75648696504217927  0.76813279094613862
  0.77987598583479667  0.79112532125753110  0.80066616314732553  0.81032451177771014
  0.82034460062982761  0.83224913627729469  0.84626983384961663  0.86063565852702884
  0.87381812068262465  0.88585525311668245  0.89701746315295694  0.90838907259032831
  0.92107361463773751  0.93362298276276834  0.94598629421993041  0.95772119804076150
  0.96772634798728885  0.97802359454818144  0.98768908873609462  1.00000000000000000
 -0.00192493818536943  0.00713288867533339  0.01558538402857803  0.02645530112594429
  0.03696644756961091  0.04710509089211347  0.05663817312744943  0.06654811654534920
  0.07680851427945252  0.08690037600887067  0.09552143534248056  0.10534167758634506
  0.11447679147738382  0.12311843098312122  0.13120602083059638  0.13904600204378365
  0.14727744264054884  0.15656589820710956  0.16593127624078485  0.17538421212204625
  0.18559179939790316  0.19668988642401955  0.20865070882551362  0.22008843193464414
  0.23125440149314205  0.24123837594752598  0.25120475736470721  0.26125299662149198
  0.27197134824492775  0.28295941070683089  0.29467283385712756  0.30644269995754675
  0.31774002594835343  0.32894785369650226  0.34026700952348965  0.35196470144317954
  0.36440405425705902  0.37712278513763614  0.39007783879389524  0.40160424056591498
  0.41359042278310609  0.42630932544418221  0.43915365885882318  0.45170342412630526
  0.46358868714801355  0.47517293357157836  0.48694877780612522  0.49848243175087831
  0.51003046768451687  0.52148218635581312  0.53265538761745124  0.54345346461469923
  0.55347438453814335  0.56349373287223059  0.57340992013445224  0.58373336417146326
  0.59425820417452668  0.60512119081385607  0.61589132716653894  0.62675421148500365
  0.63778397511496987  0.64898465858759324  0.65941002814933758  0.66981909876655565
  0.68032485299390910  0.69092981671783249  0.70094267278852362  0.71027290423656242
  0.72016161830310066  0.73036600031022092  0.74138197493651981  0.75284401240970877
  0.76442356274295720  0.77538920838890946  0.78457664520687409  0.79364164942055260
  0.80249142670055418  0.81162145200715519  0.82076467640986528  0.82943083607141221
  0.83812995700229498  0.84727122161812918  0.85738726206471894  0.86927056091079080
  0.88187742407461178  0.89434151302146936  0.90628387741713179  0.91811103347352307
  0.93092955842462288  0.94336438025133773  0.95463850949839901  0.96385538282607353
  0.97257235905894723  0.98070397823230437  0.99005518178799645  1.00000000000000000
 -0.00262297208010491  0.01135130519209205  0.02196067164822490  0.03242479267406830
  0.04229558386660449  0.05285836687072388  0.06335205856607320  0.07413438224753338
  0.08501656778970622  0.09652336668107474  0.10954796273410623  0.12229874497927704
  0.13487006891081529  0.14641102132250125  0.15669642670937101  0.16640361110103888
  0.17568157291970740  0.18535842100284694  0.19624429139840630  0.20702634121487812
  0.21687901505301896  0.22571870439188590  0.23512711189609861  0.24560090421951469
  0.25636319542123426  0.26771468275815236  0.27835031216999967  0.28786909732861471
  0.29849317112402973  0.30903689914967652  0.31999449349525372  0.33083230412546044
  0.34209187909219346  0.35355284532503128  0.36506053569833891  0.37679751431188574
  0.38890236452887295  0.40031510831743278  0.41143382057695949  0.42327501049224153
  0.43510178651479309  0.44582591297197838  0.45630469140493368  0.46755433513939038
  0.47901890733200214  0.48927801451458330  0.49889012009058542  0.50949837497004169
  0.52068265666919411  0.53212395328226159  0.54354620883677041  0.55596565176403023
  0.56797907893428956  0.57884145514738927  0.58889204693343356  0.59723100433580445
  0.60560559605896880  0.61429275231631053  0.62392180275462850  0.63549891569576045
  0.64704313093340970  0.65760703958526989  0.66726920012065360  0.67607810260060308
  0.68492697900774546  0.69403794164634847  0.70292377135716799  0.71173058958088009
  0.72094686321951063  0.73159217405072086  0.74371985683302611  0.75498337516358149
  0.76636619981206311  0.77875032392594923  0.79116718435697642  0.80277851245418175
  0.81385237928463838  0.82420416819581122  0.83332767593658708  0.84150565555392709
  0.85002928886739781  0.85908857646165726  0.86916529538867071  0.87913591830169024
  0.88965218519136136  0.90027062841389360  0.90958479256066982  0.91881645730632489
  0.92838073023115419  0.93893078461974189  0.94937029719476762  0.95919572567336331
  0.96911882591522247  0.97911071167810393  0.98981280933544047  1.00000000000000000
 -0.00314243233009252  0.01489429659967737  0.02627210973517804  0.03786877391854502
  0.04857090437141044  0.05852931963712511  0.07078077820995173  0.08100068369743749
  0.09039844847486628  0.09945296860236078  0.10790737116487485  0.11636469535246748
  0.12487037201140914  0.13348798456997146  0.14182576248572543  0.14980558075446723
  0.15747892001842559  0.16497196289978983  0.17455013401564040  0.18518403518673626
  0.19449186468770255  0.20385515311123764  0.21253124493323949  0.22147696439157849
  0.23050721858711040  0.24033446124437705  0.25068048741178267  0.26349906926519678
  0.27637998859216040  0.28864909339716255  0.30026316597778463  0.31120618827790791
  0.32223827757989359  0.33425555536172352  0.34602973753185962  0.35939894091209318
  0.37191879850980236  0.38519969414346433  0.39825032458624005  0.41230277167193419
  0.42512501828770921  0.43794927906312331  0.45172860318253261  0.46501589378041525
  0.47680986987244373  0.48779340520619313  0.49839598312962280  0.50847692167799108
  0.51845687749930225  0.52880793994438191  0.53927965618460771  0.54948964124231181
  0.55987764037815868  0.57072616008223997  0.58218961376056744  0.59397048356110793
  0.60518945647221767  0.61601966924242535  0.62690385508118318  0.63832646377360713
  0.64943267186058018  0.65995580320312874  0.66962084009839973  0.67931940785563294
  0.68959273674272681  0.70098656743137999  0.71234005368260256  0.72282468168346736
  0.73258604389903159  0.74229491709484341  0.75223550565168784  0.76237214531353381
  0.77206931387486932  0.78153559288199514  0.79088990669898540  0.80114917196462243
  0.81203264914576234  0.82300530074615474  0.83349972358353863  0.84264523386041856
  0.85174603093481493  0.86102457937906973  0.87034674214935481  0.87951996792460652
  0.88885177589755715  0.89780281031880338  0.90648222676925105  0.91515354628458512
  0.92424308685676781  0.93425329376009736  0.94472464577791415  0.95558765267797041
  0.96647952297109130  0.97749707287013876  0.98830858293832435  1.00000000000000000
 -0.00324795198412472  0.00984766789273428  0.02158708934192721  0.03318439786130175
  0.04541574376807147  0.05781009504965378  0.06951256543451843  0.08041946989311842
  0.09094911403928618  0.10088873233282619  0.10981829748327765  0.11819734389476814
  0.12740202900277273  0.13781367958303659  0.14729180727269497  0.15619010776798753
  0.16503767863235011  0.17561264103079538  0.18670525911883404  0.19730883651126246
  0.20815905722427669  0.21982394300363084  0.23159294448136275  0.24096716947897634
  0.25020664219908401  0.25930214140621827  0.26854768241697630  0.27866028579395513
  0.28922005876032170  0.29986568412671155  0.31080796225681673  0.32101127717815447
  0.33131312978548438  0.34246229575876064  0.35466261417900458  0.36430696459032180
  0.37368620896408877  0.38346971453428352  0.39373257479485457  0.40439102130837185
  0.41521542336620149  0.42543842666401893  0.43559688338908342  0.44482218321254258
  0.45387097505096774  0.46254743080934901  0.47150364717898369  0.48133282817008183
  0.49186436004189410  0.50263539442221694  0.51406521516039583  0.52524163102041643
  0.53564895333300599  0.54567558017156403  0.55581796684930207  0.56597792572616457
  0.57631109836545902  0.58786606669538088  0.60041837739346726  0.61310909159112559
  0.62553681981010811  0.63769088021710918  0.64927506365342369  0.66057284979560060
  0.67177191711336104  0.68262917265239931  0.69355785158457817  0.70330735464065453
  0.71306624247421557  0.72267415147073200  0.73280102589324980  0.74333766803554346
  0.75488939439422553  0.76692092412699964  0.77805810070005821  0.78854797219158823
  0.79895638308211547  0.80921415639064076  0.81969923829798585  0.83096278557625602
  0.84157984377384898  0.85157445787089570  0.86174301429618561  0.87186910946128260
  0.88275904077532630  0.89315873610438035  0.90360265957547692  0.91469051813433166
  0.92527198628863705  0.93590102919151619  0.94583492759173349  0.95614704058134947
  0.96668708778703039  0.97720007239874329  0.98858484951282810  1.00000000000000000
  9.15067437731757555E-007  -1.0000000000000000     
 T T T T F F F F F F F F T T T T F F F F F F F F T T T T F F F F F F F F T T T T F F F F F F F F T T T T F F F F F F F F T T T T F F F F F F F F F F F F F F F F F F F F F F F F F F F F F F F F F F F F F F F F F F F F F F F F F F F F F F F F F F F F F F F F
  <DiscreteSampler_grid>
  grouped_processes
  1 # 1 for a reference and 2 for a running grid.
  10 # Attribute 'min_bin_probing_points' of the grid.
  1 # Attribute 'grid_mode' of the grid. 1=='default',2=='initialization'
  0.0000000000000000 # Attribute 'small_contrib_threshold' of the grid.
  0.5000000000000000 # Attribute 'damping_power' of the grid.
 # binID   n_entries weight   weight_sqr   abs_weight
    10   10   4.328718388140460E+001   6.348674039455324E+003   4.328718388140460E+001
    16   10   2.912796895763715E+001   3.262136832460149E+003   2.912796895763715E+001
  </DiscreteSampler_grid>
