  0.05138233338749928  0.05174716453814881  0.05207859601355599  0.05238627150368549
  0.05269271107445780  0.05300869413270359  0.05333247705019501  0.05366313917388760
  0.05399779970942548  0.05432396688670321  0.05465075946550532  0.05497825487323912
  0.05530608333229929  0.05563871128650868  0.05597623674602177  0.05632999620445729
  0.05669951397019121  0.05707706037869199  0.05746717363368285  0.05787354424164592
  0.05828817551662276  0.05871200385565415  0.05913900211553707  0.05956753637505182
  0.06000203435697388  0.06043211531609814  0.06087514589161704  0.06133163697475408
  0.06178601606509550  0.06227363983157944  0.06278587728440960  0.06332469861667844
  0.06391249138876461  0.06447400692445107  0.06505004055364619  0.06564242030273171
  0.06625680104410281  0.06693053988960500  0.06761949941492762  0.06831326364404479
  0.06901457412229445  0.06973275349604760  0.07043703180159597  0.07112493266509536
  0.07184747358629498  0.07259380920252527  0.07336226485944557  0.07417419636429451
  0.07501899965588778  0.07585924996505464  0.07669483172728170  0.07753612377051156
  0.07842087778276563  0.07933099298766356  0.08023588739177480  0.08115577933829259
  0.08209047978851167  0.08301401357850617  0.08419028345789925  0.08557323101422196
  0.08697668706086176  0.08842375673337512  0.08989570472475412  0.09137620708434539
  0.09290857659019243  0.09454479424965602  0.09628862076983542  0.09802712308201660
  0.09973938601436576  0.10154100265637220  0.10348839883928418  0.10587008249105864
  0.10866384213399280  0.11164124418379995  0.11483049010377598  0.11814854418330119
  0.12161581206634658  0.12538945737537197  0.12984034949295040  0.13474203446556612
  0.13989811478065023  0.14546076586082332  0.15212708747822615  0.15938921174957110
  0.16751176781945243  0.17683886706791269  0.18765643116596165  0.20102808193864030
  0.21684489147894942  0.23668390883949816  0.26135620008471105  0.29412096104019170
  0.33650394316313176  0.40344502265627896  0.52392702213569398  1.00000000000000000
  0.75804868436457273  0.77324434098291672  0.78272745446170666  0.78742665673817280
  0.79062893436042947  0.79440141965454580  0.79808564244687108  0.80081887600918955
  0.80327542262004725  0.80530132086306405  0.80731383058511619  0.80977805089833621
  0.81262430051919232  0.81565047419951364  0.81814477467634561  0.81985814914529875
  0.82139231967630610  0.82280693819196515  0.82401536252560326  0.82512341839332448
  0.82633438770243073  0.82800332069908111  0.82987685174739168  0.83183778483015192
  0.83370213698404594  0.83550175645099689  0.83727488159778474  0.83908379650741216
  0.84080325973986225  0.84246914413372975  0.84413193023884714  0.84626467341719147
  0.84793800981238254  0.84948475696873516  0.85096078359956828  0.85247482040916400
  0.85404332065733313  0.85532309344423829  0.85651411099173691  0.85765460347212208
  0.85885808321520218  0.85997797439575896  0.86109785790573290  0.86226734871514499
  0.86357978839161476  0.86494995977906941  0.86626412212031767  0.86757241488121595
  0.86895787575515004  0.87044129710750495  0.87207807501585599  0.87390477365005181
  0.87586661373310959  0.87764433956753718  0.87942902586979521  0.88127716762350417
  0.88317195881916599  0.88491830577517105  0.88658234042059525  0.88829760048824657
  0.88995139955732716  0.89161041315444556  0.89335247260493666  0.89524994902535138
  0.89699732512502384  0.89874211247002778  0.90047437203457126  0.90227317986730282
  0.90402993411158072  0.90583858954014362  0.90768490603658525  0.90965703842115819
  0.91178386311752546  0.91396189599217326  0.91604230998549896  0.91804046573693288
  0.92005289548329405  0.92217264872952343  0.92450522739851071  0.92697895989555890
  0.92944617811132879  0.93178954035687178  0.93398903302473901  0.93627495159143681
  0.93891014325054289  0.94196287104141929  0.94530883780341501  0.94871441267562850
  0.95231730190437158  0.95627694056763346  0.96075029155324043  0.96563050295188568
  0.97170628932855607  0.98064036714686098  0.99040198296116344  1.00000000000000000
  0.00014137861990211  0.00060870236641915  0.00111882231216320  0.00169473218590255
  0.00231376203151600  0.00299263701549910  0.00373434151061481  0.00454728660704566
  0.00546312280818879  0.00636960907787469  0.00727451931749857  0.00816695771433879
  0.00908355223324168  0.01004795849850253  0.01101154175098120  0.01189526329434594
  0.01271996958799502  0.01358852514390842  0.01452785801518515  0.01560379725109084
  0.01679379679099625  0.01803585651932162  0.01933691332492406  0.02064539214508791
  0.02189306303823808  0.02309679674171964  0.02428315565341795  0.02544751314770076
  0.02662158620197992  0.02781594082689172  0.02902864064332502  0.03029831146597630
  0.03166340323129740  0.03298954210292954  0.03435864547774822  0.03568652272201942
  0.03693046672352376  0.03819044200941551  0.03951539267896688  0.04088584884957871
  0.04232663219709443  0.04375062465993457  0.04503862917896149  0.04632373083986447
  0.04765577906465529  0.04910719842796635  0.05064765465541964  0.05217986220333722
  0.05362962378734849  0.05508873900917116  0.05655869824939976  0.05805344821363528
  0.05954236021028583  0.06109928715217849  0.06261189114351701  0.06409421614734939
  0.06555384190304352  0.06703202540373007  0.06858258679391449  0.07018896288214553
  0.07181580917182147  0.07345932907256969  0.07503786245937924  0.07656146881096255
  0.07812359553250112  0.07974669778791481  0.08145028778582621  0.08323872942277902
  0.08509991629681468  0.08681840007544642  0.08855446672868467  0.09036802726373275
  0.09223282814360613  0.09429082180431975  0.09638338658116540  0.09850737385676127
  0.10066266899398153  0.10289280036252486  0.10537237668214222  0.10810352960901633
  0.11128243534066293  0.11443234397963704  0.11774521279447932  0.12113770793830880
  0.12453838637534351  0.12805292572597432  0.13186908657849683  0.13563581435210856
  0.13936259889442618  0.14353890240391495  0.14834279290376959  0.15349339821358712
  0.16122048721551052  0.17164367779175874  0.17446693688154377  1.00000000000000000
 -0.00312795604906799  0.01318599608863733  0.02493642886527001  0.03637977236854430
  0.04616677883847724  0.05631506741806429  0.06678484684017676  0.07730821576373455
  0.08746071540976598  0.09781204165609914  0.10840766863471944  0.11950773921118563
  0.12944198183063618  0.13871080153456294  0.14772803356206674  0.15692965382082044
  0.16627127129155048  0.17607174000975637  0.18554020930564269  0.19517424880248749
  0.20524851463984517  0.21615293755046491  0.22760308561332088  0.23783893787247676
  0.24816659632221250  0.25940673141823939  0.27037954998364788  0.28136156681985053
  0.29217198780221421  0.30481613143410813  0.31806679316073161  0.33185001178335655
  0.34582882118498603  0.35815167649676732  0.36888384560891019  0.37908982339552044
  0.38907112992893755  0.39873303726747450  0.40859676120218863  0.41905908193303321
  0.43065239980425496  0.44214372391575912  0.45376445979491109  0.46625546406615337
  0.47836188737394869  0.48858962468894229  0.49847036552744550  0.50826084585361120
  0.51820904453070293  0.52795435304082061  0.53811893585309245  0.54868363571463807
  0.56000258319628549  0.57148848325621193  0.58245367995165265  0.59277403302720655
  0.60345946581975618  0.61508061757592059  0.62572466712805674  0.63601375904445334
  0.64673546892966671  0.65793891247372494  0.66894679414384139  0.67998307876091946
  0.69041238184336151  0.70075065090264210  0.71152120930071949  0.72567716037131125
  0.73745402597561260  0.74917484060732298  0.75886337650124047  0.76790730294854903
  0.77680420366104463  0.78518670076097574  0.79407308027472656  0.80288478519518225
  0.81251736870639202  0.82156503282688098  0.83162887437392119  0.84199361527116601
  0.85237653315758832  0.86208950429481146  0.87124854688359832  0.88094529468958016
  0.89170555405414165  0.90231558978784132  0.91372038949664980  0.92493618542485667
  0.93610058942746566  0.94621111243147282  0.95572095076742691  0.96499902624239431
  0.97417546561643786  0.98303340760887670  0.99156418815928071  1.00000000000000000
 -0.00187325249382177  0.00806968487577126  0.01690035759761090  0.02710852244319799
  0.03707394904717867  0.04646596353198611  0.05606944227707566  0.06598606251383218
  0.07652079588852606  0.08835197231956035  0.10060659362217803  0.11147231834335745
  0.12146384482364517  0.13127347201344064  0.14143674175708168  0.15180496900840357
  0.16177733206192474  0.17116232641558099  0.18038086161113540  0.18972426800289449
  0.19964908480870855  0.20966740464141992  0.21851059665435085  0.22726955959827930
  0.23590560820910547  0.24474351729361490  0.25386056109275845  0.26338087537462368
  0.27302457505288252  0.28378889639149202  0.29399660367510777  0.30357908685225138
  0.31355591170750957  0.32302417296756836  0.33236441314799986  0.34199382298568143
  0.35211669520937805  0.36267872355771708  0.37335136923488188  0.38393655049368602
  0.39552032155051686  0.40848571544330470  0.42152403939831656  0.43387290204389056
  0.44458487388645623  0.45425472395220690  0.46390579822346861  0.47282615234289127
  0.48222860100816312  0.49124295920350081  0.50032620101674963  0.51030144919417775
  0.52072803552435476  0.53199305735209279  0.54341587064168106  0.55458771891513781
  0.56492171631385701  0.57419869921379518  0.58379308156538168  0.59334038208897943
  0.60330204004403176  0.61332887707024963  0.62374807222512185  0.63451570251353129
  0.64552040084453910  0.65645130876499624  0.66754584935203198  0.67901643945853574
  0.69067661317093731  0.70198667584949581  0.71305761584301053  0.72448279333357513
  0.73681917735915714  0.74873058404772008  0.76050355608789244  0.77168131822953967
  0.78339470918327747  0.79504038021341772  0.80679365147002791  0.81925519076864417
  0.83121066352075768  0.84254757034549443  0.85351678141314791  0.86446766701879352
  0.87566627163114286  0.88723631473347708  0.89815064870714834  0.90813139775067064
  0.91797893121305674  0.92846680508415913  0.94000280210285747  0.95214858513321321
  0.96414515355520902  0.97653258113846209  0.98835234559988216  1.00000000000000000
 -0.00034698093836279  0.00859223226640742  0.01711504449335703  0.02575442048870417
  0.03465720428429391  0.04383171851537292  0.05425199353861408  0.06492664921460592
  0.07513966054292397  0.08546031260275763  0.09573530172396108  0.10661081583712897
  0.11742259280193780  0.12763188412055890  0.13712290975757085  0.14638909804374767
  0.15601827370872673  0.16609139598354875  0.17622485608509614  0.18620621641198398
  0.19792417031220108  0.21059901729401359  0.22285577548827681  0.23470112187591605
  0.24685996687040673  0.25907364096445590  0.27171454695946695  0.28269802165323760
  0.29252958332330969  0.30156231830190755  0.31044631855872945  0.31921737028334946
  0.32755411919281135  0.33603632719116588  0.34496141085823012  0.35421524387228759
  0.36385151982208702  0.37384029899229826  0.38442104868759475  0.39562521529683892
  0.40658808897992821  0.41674852211322383  0.42743543607494533  0.43757463131066032
  0.44710108785990671  0.45626282867265200  0.46568995754725134  0.47498410521579815
  0.48324412122456045  0.49094118651187812  0.49898291788876536  0.50845274199591040
  0.51896780147799393  0.52902437868524321  0.53924604380561303  0.55063806931136605
  0.56201668354858270  0.57298193714196788  0.58382219054864704  0.59475901343504567
  0.60534205459444101  0.61555087438518186  0.62623976583187835  0.63777729036397823
  0.64888872709013601  0.66053037319965269  0.67123643313224390  0.68155172282083765
  0.69178332200865489  0.70212554316670850  0.71332148261601469  0.72422199141914756
  0.73518628418633447  0.74590190285072366  0.75651547278031783  0.76742669061515367
  0.77806803816123082  0.78845643731042869  0.79888182541542108  0.80990037188098207
  0.82212910374000125  0.83496870952751912  0.84743533919420111  0.85928477475070220
  0.87094581199111820  0.88143308390533648  0.89050637175100045  0.89915767371264954
  0.90857234952277244  0.91836845156455416  0.92826816348331531  0.93867057911319207
  0.95125897281851413  0.96476068790727376  0.98002701372570211  1.00000000000000000
 -0.00218392263173002  0.00971517567901076  0.01963180919446547  0.03055180981638546
  0.04179058805461225  0.05272799928778888  0.06301979170390101  0.07439904770007509
  0.08469662190458961  0.09558615937043308  0.10618290099403217  0.11824771916119167
  0.12921768742578263  0.13961796052747483  0.14950512927617060  0.15917268723917671
  0.16888046729538261  0.17864930982423993  0.18740506471475404  0.19700327437845888
  0.20717773560567421  0.21846105777100189  0.23049902148824369  0.24244544547686719
  0.25460633382649389  0.26572734931216524  0.27701722987833682  0.28822195613845097
  0.30080158218898434  0.31271964496930049  0.32360835408376820  0.33349106013797025
  0.34326823870330342  0.35326854958726167  0.36256085283587003  0.37235498450312821
  0.38286654437736845  0.39385081532000626  0.40450355496898294  0.41424566736684482
  0.42356167864846461  0.43358840170370994  0.44448913627410419  0.45431729406518212
  0.46370381672185840  0.47281138377617266  0.48228478653525697  0.49229763430292928
  0.50301652961545174  0.51422130395833776  0.52521649009456783  0.53581539988697235
  0.54630687303415348  0.55722062281377605  0.56791544196646160  0.57837752540250298
  0.58919113782473542  0.60041385489657340  0.61192867045778854  0.62298621705897772
  0.63393410288163032  0.64554367922633360  0.65797368833059211  0.67118458175754769
  0.68388171289494148  0.69676645040584251  0.70990926296866830  0.72270499639823516
  0.73439787085054253  0.74458570239793076  0.75428953016435496  0.76391174989757948
  0.77344977597370790  0.78356637283314112  0.79375224937039313  0.80431007037853142
  0.81438453786783960  0.82462507334225421  0.83518573598495882  0.84562095140698468
  0.85604659905985581  0.86622230766430997  0.87627807655861523  0.88608288277584135
  0.89584936192132503  0.90595348703307921  0.91567986135948465  0.92510004378449406
  0.93458704891146127  0.94392281475964246  0.95309368853990728  0.96225807218185733
  0.97141049720303574  0.98061886565490675  0.99015868185712919  1.00000000000000000
 -0.00258061742490646  0.01249419115355471  0.02337674971148847  0.03320878105357978
  0.04270306020980977  0.05140361182050005  0.06075168605088743  0.07005080281239356
  0.07922943899517550  0.08852556890522664  0.09759466314953330  0.10758264149733512
  0.11821346855943049  0.12886208832526613  0.13878522443307220  0.14942541207746449
  0.16159826310672917  0.17405402150637472  0.18658102231035190  0.19905614899947718
  0.21167277457434031  0.22519496941986841  0.23817591795826457  0.25125342276181067
  0.26010030122008954  0.26934260912241426  0.27869287996857772  0.28838851763122864
  0.29798867715273963  0.30725409348369048  0.31662908096702930  0.32693434498195989
  0.33739857107182802  0.34777791185147344  0.35831023699035192  0.36877906801410515
  0.37903034916442468  0.38943276324893378  0.40002462892035484  0.41022982097325272
  0.41986514884796439  0.42933822206703559  0.43869538059619184  0.44808149480011383
  0.45778263934617452  0.46787915424461840  0.47852072354110781  0.48963514814631243
  0.50131106656181812  0.51341173387993755  0.52570476917285403  0.53876193656923066
  0.54974479354101879  0.56022955315998979  0.57124926950108190  0.58247607794092138
  0.59389098600485135  0.60641543481569959  0.62134358567814885  0.63597359682846066
  0.64969720027238276  0.66312161336230269  0.67585756354491344  0.68757701870731058
  0.69851747320267821  0.70893649981024642  0.71913896871000327  0.72884129514884688
  0.73825644917955202  0.74781041807103188  0.75780512690427115  0.76778177104658485
  0.77743600521717571  0.78715104939139657  0.79672872778799320  0.80602263101045712
  0.81520469676000507  0.82463983126995044  0.83472927950610376  0.84555218209587202
  0.85709131479189882  0.86885270408739479  0.88001314283489407  0.89042000304644942
  0.90104049323101221  0.91232074839730304  0.92371929885197612  0.93506989925558737
  0.94439190000798989  0.95320208315278365  0.96221583301476954  0.97045905857707593
  0.97819568220950648  0.98554929451946494  0.99287031171612372  1.00000000000000000
  2.28457818134334608E-016  -1.0000000000000000     
 T T T T F F F F F F F F T T T T F F F F F F F F T T T T F F F F F F F F T T T T F F F F F F F F T T T T F F F F F F F F T T T T F F F F F F F F F F F F F F F F F F F F F F F F F F F F F F F F F F F F F F F F F F F F F F F F F F F F F F F F F F F F F F F F
  <DiscreteSampler_grid>
  grouped_processes
  1 # 1 for a reference and 2 for a running grid.
  10 # Attribute 'min_bin_probing_points' of the grid.
  1 # Attribute 'grid_mode' of the grid. 1=='default',2=='initialization'
  0.0000000000000000 # Attribute 'small_contrib_threshold' of the grid.
  0.5000000000000000 # Attribute 'damping_power' of the grid.
 # binID   n_entries weight   weight_sqr   abs_weight
    10   10   7.649226325048042E-006   8.213164780931341E-011   7.649226325048042E-006
  </DiscreteSampler_grid>
