 -0.00006441027142264  0.00652937898086666  0.02038704487194022  0.03708469801425808
  0.05621031833763942  0.07749389679898000  0.09874808481995079  0.11947542133601667
  0.14068720067515467  0.16292701746949184  0.18262089963454184  0.20142753614272571
  0.22061007594313303  0.24060423784926627  0.25851248550433897  0.27540191702953826
  0.29199485816897630  0.30820191137651809  0.32305133702933991  0.33738377094691685
  0.35179181503110024  0.36590984713510877  0.37856594826555073  0.39049570256439087
  0.40157426156518894  0.41255718525895374  0.42269091648284041  0.43229725401929259
  0.44157911907827019  0.45097162275770658  0.46048501163898548  0.46921167344976467
  0.47735446985543617  0.48536045519322990  0.49290829748265441  0.50132111619079778
  0.50952213876080588  0.51737303645519206  0.52487609439205651  0.53192521311223850
  0.53870364258668113  0.54521671252518078  0.55183589446662296  0.55837003607195768
  0.56425667226296305  0.56961547312690008  0.57505874469759710  0.58056026034196762
  0.58594501098693508  0.59106879593077211  0.59605470314614251  0.60066863511039414
  0.60534821616042878  0.60997237448939901  0.61454845799878277  0.61913347413588127
  0.62367553660536434  0.62802058051368670  0.63214239819091145  0.63617662570814082
  0.64023255384708633  0.64426557375040350  0.64822122922743053  0.65218128132871078
  0.65635699850861418  0.66047894322747658  0.66458929130289945  0.66864944594023878
  0.67260000308899059  0.67638649239488313  0.67998843225497363  0.68354956546860102
  0.68705815926245872  0.69050832700312659  0.69399544633683807  0.69755034234213442
  0.70110092370960797  0.70460890639945939  0.70808584231488458  0.71149250835522859
  0.71481228466638569  0.71802186782644695  0.72110994748213075  0.72413493974895771
  0.72715267691953844  0.73014179853979000  0.73303705440340039  0.73534858619709120
  0.73747855113566485  0.73957018925363649  0.74177973068628478  0.74432301269992529
  0.74707083345310310  0.74922999963637060  0.75067231038638882  1.00000000000000000
  0.00157020294672702  0.00167876292003723  0.00180389474314352  0.00193047292312343
  0.00203983774663357  0.00213908891894715  0.00222647673614954  0.00230043804246787
  0.00237042995305231  0.00244682513638471  0.00252544060252786  0.00261220625298136
  0.00270280449085779  0.00279138571247814  0.00287710963931361  0.00296386729406177
  0.00307102233846490  0.00317755009909768  0.00326912603317338  0.00335056658786281
  0.00343477279080736  0.00352349082628568  0.00361207494649395  0.00369999532738144
  0.00378934269805500  0.00388407040145631  0.00397506697225403  0.00408006533218828
  0.00420237982814256  0.00433331902429536  0.00446377368617663  0.00459373723307997
  0.00472411925811262  0.00481896444232110  0.00492368987777357  0.00503503352449399
  0.00514925339202832  0.00528334863171283  0.00540651641671444  0.00553358643428124
  0.00566366288335108  0.00580378190438224  0.00595612151853571  0.00611908274790803
  0.00628750570022103  0.00648046400647355  0.00669342630590484  0.00691883222749715
  0.00714753567470567  0.00737415739921223  0.00760132162326107  0.00782618961328425
  0.00807021539663162  0.00834700431677263  0.00865610965234864  0.00897991922291203
  0.00930642151509613  0.00963601575932603  0.00998926426271239  0.01039334521022328
  0.01084309701719966  0.01131047770728130  0.01183799403416467  0.01244429732046863
  0.01305543322423864  0.01369467220117092  0.01440510111456257  0.01515874259587853
  0.01593831543191312  0.01669361775950776  0.01748343158687598  0.01830366854767883
  0.01926281761543707  0.02018680886633714  0.02118083982925678  0.02231949402645654
  0.02359202289039189  0.02497765134150322  0.02656141377968249  0.02831932146905359
  0.03019415185627309  0.03220166078680461  0.03457950839367222  0.03769435915335548
  0.04130514331704366  0.04543524670501543  0.05051705715748926  0.05663852865145885
  0.06398548224270194  0.07443282289074460  0.08923772130085736  0.11139499381515022
  0.14568554964169947  0.20931755222445031  0.34433217472620481  1.00000000000000000
 -0.00003318660366263  0.00098983346812776  0.00184789282754611  0.00289542800218522
  0.00431587591492704  0.00568321230057906  0.00720088215104748  0.00887359493215852
  0.01065239734354535  0.01221163092808321  0.01434584871042487  0.01644812769073135
  0.01851599943665862  0.02065040798699759  0.02324806407779598  0.02610843020098614
  0.02894095385033368  0.03176872500627353  0.03469677988750652  0.03730235232295066
  0.03999094372281199  0.04252405744948815  0.04514544074298599  0.04787780352475492
  0.05099881579524451  0.05431163407337744  0.05754542061535830  0.06088829065333889
  0.06425748759135921  0.06745687659079318  0.07039694212283641  0.07338516095583024
  0.07691865698285784  0.08071593492866094  0.08461234575151132  0.08885843323808211
  0.09385480904095475  0.09960720713567696  0.10535039510702766  0.11091805839211873
  0.11643350794297250  0.12178186848215854  0.12672989365551471  0.13198327299631821
  0.13755160114618059  0.14308960036428162  0.14826369153516594  0.15339298179410044
  0.15839461390039852  0.16277545694460904  0.16711253039290208  0.17149668179285052
  0.17617905029740619  0.18129172187028564  0.18636400369564574  0.19158935978948541
  0.19702258083421340  0.20266288302334112  0.20861815743641840  0.21509533055310062
  0.22134904236751188  0.22716780546823756  0.23340231958942440  0.23971451589511031
  0.24572894458466735  0.25222926303118548  0.26013199516138197  0.26850861654566210
  0.27781064945569461  0.28753306194085637  0.29718434028375923  0.30693587090506919
  0.31710012677714866  0.32781806875366798  0.33796336084813039  0.34817212904501071
  0.35850214057177610  0.36926524707925823  0.38103106375806778  0.39418555146878154
  0.40760711571751423  0.42322750574198920  0.43861306384345489  0.45487500605024711
  0.47271722192662080  0.49515322237726406  0.52030202660413616  0.54702985839724372
  0.57346709648110938  0.60712476904200618  0.64627257227776991  0.68963589073054798
  0.74489942218850347  0.81251356718513912  0.89730916725915710  1.00000000000000000
 -0.00332690619448714  0.01687120247702598  0.03492015913066440  0.05327333440113910
  0.06938724603755675  0.08298407770150618  0.09508300865358925  0.10639446232626730
  0.11745328451153420  0.13014858910112584  0.14445278178421878  0.15874657792465258
  0.17297502172311699  0.18730116065863106  0.20127213875657926  0.21490870759754671
  0.22791641994325729  0.23992578690248006  0.25120216220020214  0.26188997614255050
  0.27219586908014298  0.28282830303223150  0.29385177907394555  0.30553657643828858
  0.31860022796428833  0.33234359999979396  0.34581762137701150  0.35916293388212434
  0.37221568057447746  0.38441178647256130  0.39619560674245269  0.40878701754243013
  0.42165985512480608  0.43476312419346602  0.44874615217841363  0.46266908178262700
  0.47605772075779645  0.48945391784003189  0.50183925711308031  0.51204872238326593
  0.52219646485686866  0.53344395589030169  0.54475650742987014  0.55557152844100088
  0.56634531036580238  0.57804177691879555  0.59016700112382359  0.60196376944585561
  0.61291562818941747  0.62342434135557134  0.63384092956491722  0.64414986659105300
  0.65419554221166587  0.66396296589816850  0.67360943675502938  0.68252902261457615
  0.69131039213266943  0.70068267963364728  0.71019159280057220  0.72041996699168476
  0.73032158411680403  0.73974043612316109  0.74917703295279170  0.75811616813994687
  0.76643757582264294  0.77485739106170060  0.78382208746515669  0.79332130560948999
  0.80227814915752915  0.81123835198306948  0.81861233432423752  0.82679209708797885
  0.83460914169950684  0.84167060376173486  0.84813513895394488  0.85492716635015842
  0.86253879323741234  0.86980590914097800  0.87672751377639702  0.88520047448482575
  0.89350097970486131  0.90298046810198840  0.91164147842803267  0.91980057917205871
  0.92748798880527217  0.93510438901305648  0.94275716570590651  0.95044682136438796
  0.95802759184453401  0.96490589707956309  0.97123571666063113  0.97768441646960236
  0.98368035403962872  0.98923404917105062  0.99455936843783932  1.00000000000000000
 -0.00271736122877250  0.01118343945286934  0.02214609689073132  0.03337716094899606
  0.04425737942970509  0.05437848143075777  0.06512349116021392  0.07460930360791188
  0.08400597064903328  0.09295479113925463  0.10195204519784448  0.11219656309871440
  0.12279952283084339  0.13120531269875851  0.13974846742547120  0.14838823439797388
  0.15713328992813688  0.16565962092710385  0.17374961521467994  0.18130770430190879
  0.18969108987107244  0.19981906115341261  0.21045802082964560  0.22032234097307749
  0.23143202301353194  0.24361155683123348  0.25556895322909368  0.26680813731268949
  0.27764004986502833  0.28866063140839865  0.29988140278360959  0.31055331996632951
  0.32046492595087384  0.33036649664067613  0.34102721779715528  0.35242070736664394
  0.36406232794975368  0.37483703771401261  0.38454412679545646  0.39439513057630637
  0.40470465819158963  0.41597799292510096  0.42809310653200205  0.43948211683845462
  0.44946236583600446  0.45919801143137479  0.46916203699601422  0.47958124466888619
  0.49001608350140646  0.50071415331737867  0.51277686267711542  0.52495640769804219
  0.53649420990405006  0.54748535747728810  0.55801233606876266  0.56771673591997474
  0.57740125959009270  0.58822018392322639  0.60175867706304054  0.61793803420613591
  0.63502525547079769  0.65057834778945201  0.66454370690639142  0.67673717890944618
  0.68856983138350569  0.70064883106557829  0.71285231301446361  0.72473290386678280
  0.73573778328366368  0.74445099152325611  0.75265819847462578  0.76039428501249429
  0.76917841682326771  0.77994187913593338  0.79052646647244296  0.79942543482920980
  0.80769883809002030  0.81673660541629189  0.82559224451402702  0.83331973557940064
  0.84091838397398999  0.84873800462281968  0.85758086780566301  0.86745087969062440
  0.87749885617366152  0.88831687849153185  0.89999956072101694  0.91184785242067334
  0.92403137854210826  0.93506960841996634  0.94538704717778743  0.95580195015326463
  0.96645059705510961  0.97724068794107621  0.98841750695632147  1.00000000000000000
 -0.00225860757269998  0.00951160546880150  0.01902796620282846  0.02848747902878539
  0.03766221159886946  0.04782497427239343  0.05804600003415686  0.06860675008424860
  0.07879201121113368  0.08890062037390616  0.09883691192037898  0.10856141450521939
  0.12004935123185635  0.12978605309830399  0.13887343558438436  0.14904103616583744
  0.16013325361122932  0.17170236990116833  0.18317903461618815  0.19540215187179572
  0.21055232021433209  0.22476544756888256  0.23876735289226769  0.25242825115934209
  0.26486098056521323  0.27596182991370566  0.28651198953815388  0.29744818670823298
  0.31020824399440494  0.32110239391558892  0.33155594250372522  0.34148583407280908
  0.35181146809636188  0.36250718207708077  0.37289691204295222  0.38347431465102816
  0.39424432667979997  0.40371891928023040  0.41265426748007772  0.42117144246614868
  0.43002566649967733  0.43916604719906088  0.44957966846166852  0.45981837563792738
  0.46958226139194914  0.47908016846173340  0.48763015578231050  0.49697879686403351
  0.50667067517107856  0.51665052096993880  0.52680926891112712  0.53714347573386712
  0.54894344531459160  0.56122085377748032  0.57438102907197330  0.58686037294276749
  0.59814223574350944  0.60911271250296761  0.61982117674776649  0.63082364544999237
  0.64109922215355386  0.65033699066499484  0.65875603671538707  0.66702847158289036
  0.67556240422789327  0.68464475058555807  0.69474709371293741  0.70380858311588512
  0.71244437466203059  0.72078895661644760  0.73178181014968413  0.74533272885236257
  0.76002345364706125  0.77288342817931421  0.78210692329390585  0.79112772312167712
  0.79939243860243547  0.80776131517392669  0.81537264848152202  0.82235370223275617
  0.82941638178026467  0.83774416639001548  0.84712807453553896  0.85603074431898318
  0.86476883402159999  0.87477096905139851  0.88755846810064698  0.90207612811017768
  0.91599913707016634  0.92775827466043737  0.93858500461453742  0.95025850097584175
  0.96237993764947771  0.97452663122696537  0.98653806887978368  1.00000000000000000
 -0.00219649047202119  0.00983839616180524  0.01986214384031981  0.03034476015562540
  0.04063698039129934  0.05173165351969678  0.06365904295926920  0.07653332685307673
  0.08981523178119685  0.10316579613075623  0.11627074962426009  0.12888693638769197
  0.14115739590090934  0.15403724927897602  0.16645142505565833  0.17630713813215623
  0.18487118875835132  0.19350730595239549  0.20177394928990591  0.20974676110813914
  0.21777429233339657  0.22630541448300212  0.23699386436516987  0.24921190962753809
  0.25984655604149581  0.26951965167673964  0.27929357695575741  0.28909987351050731
  0.29832361239058169  0.30652954425030182  0.31483260730719176  0.32351666194189410
  0.33322200375479311  0.34391119352886562  0.35554425245129184  0.36846189350599523
  0.38167199119636580  0.39423134963226569  0.40622714309064606  0.41797216683101840
  0.43053226442622727  0.44301355964304512  0.45499623178040849  0.46535061907210762
  0.47511646244846290  0.48566272850476572  0.49705973203043519  0.50751665491035447
  0.51625436627673682  0.52563201388241665  0.53493922519603176  0.54508784920531717
  0.55559064743908471  0.56808600717766300  0.57985389178367464  0.58986025443899193
  0.59903024424095808  0.60836372351564028  0.61918393054347121  0.62940049547688959
  0.63956899020649316  0.64978625363043563  0.66135099494429528  0.67160510806001839
  0.68030955226485368  0.68877973783030599  0.69770467550696047  0.70721115692574099
  0.71782214250255638  0.72925713011712001  0.74263542984647901  0.75619232038865591
  0.76891516180899044  0.77983108338995744  0.79067968804867228  0.80154416185329846
  0.81099333353338576  0.81933309613823546  0.82723294233430533  0.83701293326359183
  0.84883174019528163  0.86041956471784176  0.87036790237354233  0.87989548335054069
  0.88881277321853480  0.89930785190949658  0.90894789242314133  0.91786561824936508
  0.92677633653180724  0.93665740980251788  0.94760957357321485  0.95860114836784993
  0.96964014777922625  0.98021902471197975  0.99015818019485968  1.00000000000000000
 -0.00252992518829957  0.01062761475756833  0.02153258116038682  0.03286662073203571
  0.04464646567464156  0.05601817964197202  0.06596518597321309  0.07572686509303284
  0.08568552488100407  0.09650389174408776  0.10796407732698508  0.11961934392577137
  0.13122964636946613  0.14346754857269395  0.15553794656428571  0.16616159893807420
  0.17524854927701219  0.18365486749460430  0.19243856291286643  0.20146640166821689
  0.21061392234438142  0.21923865629090586  0.22784684992832924  0.23789752453768603
  0.24909453170182716  0.26041824761059668  0.27159417968827954  0.28299776396243770
  0.29422389788801512  0.30474100305077578  0.31456468596012993  0.32437189859445731
  0.33426588077335007  0.34387387659275620  0.35347146100749838  0.36348198144239485
  0.37487892097998388  0.38875678476655107  0.40502570504604962  0.42085712533983832
  0.43280033989754840  0.44513351667727125  0.45600720909567311  0.46610552268278466
  0.47606386599432526  0.48536683840350614  0.49336844271999591  0.50069005454039184
  0.50789370914844278  0.51573170692109049  0.52421665080842528  0.53311215586676475
  0.54237195945927119  0.55253417581859543  0.56279825404032358  0.57411549606069523
  0.58643038710222994  0.59892472328080815  0.61110198606375943  0.62279684541352720
  0.63518547412875126  0.64747880870966845  0.65907192406322912  0.67085234533694638
  0.68309630516062325  0.69349227910565192  0.70304601973765035  0.71269002579264706
  0.72243972202882090  0.73168128288161816  0.74058384149990852  0.74859192192313007
  0.75948177472710843  0.77076696292982827  0.78273731335764618  0.79576098561865161
  0.80923608314549189  0.82224018816412481  0.83429664215005861  0.84467569220874927
  0.85593676392610740  0.86852345617609172  0.88047625255013373  0.89096990056006198
  0.90071324704489586  0.90996947270941120  0.91892280012300320  0.92700050816910828
  0.93561913675205488  0.94510484745035384  0.95392167242315429  0.96258970377492070
  0.97158246731537601  0.98067149396582998  0.99010486394290065  1.00000000000000000
   1.4172708531733102E-009  -1.0000000000000000     
 T T T T F F F F F F F F T T T T F F F F F F F F T T T T F F F F F F F F T T T T F F F F F F F F T T T T F F F F F F F F T T T T F F F F F F F F F F F F F F F F F F F F F F F F F F F F F F F F F F F F F F F F F F F F F F F F F F F F F F F F F F F F F F F F
  <DiscreteSampler_grid>
  grouped_processes
  1 # 1 for a reference and 2 for a running grid.
  10 # Attribute 'min_bin_probing_points' of the grid.
  1 # Attribute 'grid_mode' of the grid. 1=='default',2=='initialization'
  0.0000000000000000 # Attribute 'small_contrib_threshold' of the grid.
  0.5000000000000000 # Attribute 'damping_power' of the grid.
 # binID   n_entries weight   weight_sqr   abs_weight
    10   10   1.784127125405885E-001   1.285201784714150E-001   1.784127125405885E-001
  </DiscreteSampler_grid>
