  0.05137546863821686  0.05178129831509796  0.05235258478956716  0.05300525269285578
  0.05365486863058276  0.05428361411478311  0.05493794914687407  0.05559455336187898
  0.05626521997617843  0.05695122099317262  0.05764548504814227  0.05833726965240148
  0.05902254013641760  0.05970485349046981  0.06038897022376243  0.06108809680686299
  0.06179459422141969  0.06252890815362627  0.06342076996741956  0.06442297433259517
  0.06540278536597312  0.06638517035028085  0.06739145670254636  0.06841824339149574
  0.06947757989173806  0.07057476427846793  0.07170572743328538  0.07287275300453283
  0.07409690426498719  0.07532024370918554  0.07654169057357554  0.07777156657861063
  0.07900924434038449  0.08025969490590608  0.08155854336256180  0.08288472608063326
  0.08429200397716276  0.08584133971629600  0.08748419494715039  0.08915586712175090
  0.09091698547674862  0.09282036145796339  0.09473644283451518  0.09662935612512301
  0.09852101514664946  0.10042053748697159  0.10234412129226909  0.10438107583772691
  0.10670731606832960  0.10924115311099095  0.11167652883039476  0.11414306470666923
  0.11668651074598978  0.11933992446855275  0.12220490048715593  0.12536292413713879
  0.12872367912384833  0.13209837605786928  0.13539673013190462  0.13879192672723367
  0.14220177813323848  0.14571887182739179  0.14941592680851937  0.15334257442047247
  0.15751029246482492  0.16197359496589236  0.16673277946793968  0.17211514607363820
  0.17787193196516765  0.18378841529751122  0.18984105927894265  0.19594374375058418
  0.20216256428255575  0.20867782544651631  0.21558429896392223  0.22268787695460487
  0.23022107063282929  0.23839990420113863  0.24694561817646299  0.25562371362766412
  0.26438845505267566  0.27395910674038798  0.28459688611322509  0.29625969791696327
  0.30900025066624442  0.32212538594939061  0.33555695983456268  0.34929238505440735
  0.36515900120817746  0.38382025165328365  0.40268254464637798  0.42469947872868508
  0.45166331291589368  0.48024812917733234  0.52274251168996000  1.00000000000000000
  0.00012052215563935  0.00106772952098681  0.00199759914951595  0.00301063107680541
  0.00407161720401928  0.00514675210601996  0.00624028927892249  0.00737836731972025
  0.00853923501749305  0.00968636425767928  0.01082034483052225  0.01191619890971563
  0.01300599990097112  0.01409269946609551  0.01521887658458047  0.01634940995091063
  0.01750013953747888  0.01862197316088038  0.01977213980863122  0.02095426846819439
  0.02212613428004954  0.02330927260221910  0.02449713750580405  0.02570818657270246
  0.02691462934388022  0.02801609223799206  0.02910462051634142  0.03019875918928579
  0.03136452463068522  0.03256331806049235  0.03379563200139468  0.03503099646396660
  0.03624137487022287  0.03742897951645054  0.03864292178366557  0.03990524235995617
  0.04117575797913944  0.04244059310397898  0.04372471352918374  0.04502450935257292
  0.04632178716070209  0.04759011209416828  0.04891728156158539  0.05015249628275798
  0.05147762579385204  0.05285268008651713  0.05424739532606289  0.05563742836676323
  0.05702596310418870  0.05841762961104197  0.05981202103303731  0.06125404780040548
  0.06276062518380722  0.06430401305618154  0.06593144877070074  0.06760308765403054
  0.06928033258909984  0.07104773249131714  0.07282951411549141  0.07452219529867966
  0.07629039730755927  0.07815116106991715  0.08021385783101512  0.08237325840196576
  0.08446903545198156  0.08644902855680625  0.08842125005001265  0.09053918352671003
  0.09282538794774652  0.09535037429907232  0.09793407903608092  0.10061788325818041
  0.10332460725552746  0.10601029648263342  0.10885596558438086  0.11178762832807980
  0.11434748234072964  0.11692513056556768  0.11948147314627623  0.12205516468131089
  0.12469077323193460  0.12786544206277659  0.13122750433658409  0.13448711244638789
  0.13777367994161485  0.14115878688782582  0.14472337525189793  0.14861778542801138
  0.15253204136845303  0.15658305054193600  0.16080302038973809  0.16611541291047702
  0.17342456380408011  0.18130257228744245  0.20173727906798439  1.00000000000000000
  0.00070577473227134  0.00352057910967135  0.00580866295030219  0.00834596679284316
  0.01100658383132323  0.01372175019823913  0.01642673115009615  0.01915545387354617
  0.02189029037457874  0.02457916949463563  0.02722739481706459  0.02987812928814504
  0.03241740106394153  0.03481949890538070  0.03714540587339906  0.03954073151868958
  0.04189957596550694  0.04419774213275374  0.04641636206432948  0.04867499272436165
  0.05094007642942977  0.05321375995328644  0.05547413577692442  0.05767230705413954
  0.05976205057565231  0.06177973840020180  0.06375381930718679  0.06575248859348719
  0.06774576390580872  0.06973672252754189  0.07176786685337719  0.07379424309518043
  0.07578524929403412  0.07771396288229421  0.07968712369790847  0.08171111023413143
  0.08378629366293977  0.08591110481150736  0.08796868088956981  0.08997458164069257
  0.09192006370055875  0.09382868848814020  0.09570307867280407  0.09756515093753386
  0.09942456836218369  0.10133268126236809  0.10325607426057203  0.10516239331732898
  0.10702907622936812  0.10887604813013900  0.11071296823341263  0.11258432661027384
  0.11455512293395106  0.11658741302907032  0.11857936819579587  0.12054827896585857
  0.12259653841495396  0.12471112923013286  0.12682557506074613  0.12901612148879141
  0.13106958850180644  0.13308176879301073  0.13520045244711870  0.13740020139715409
  0.13958305177269090  0.14189643051426118  0.14421958420815903  0.14652544028858047
  0.14876508223550075  0.15075359254421694  0.15272753084171173  0.15473264589584759
  0.15682364989397932  0.15899606334089475  0.16113853534915079  0.16317296253808000
  0.16544237990017946  0.16790846076345892  0.17058810183621967  0.17332346382506933
  0.17577913537663795  0.17781420079078955  0.17966934525867517  0.18145896155686453
  0.18322071740327350  0.18512477720998166  0.18708099337419262  0.18933001544714648
  0.19174078066818803  0.19437189020211940  0.19707310163402536  0.19969560729614802
  0.20242011248061670  0.20501124011565219  0.20634200210568904  1.00000000000000000
 -0.00226758649816379  0.00831189508228884  0.01783210421609181  0.02657777758558018
  0.03511548211870063  0.04372558802181699  0.05256354870242834  0.06156486546828457
  0.06936525330059333  0.07747255099515925  0.08585406044634655  0.09427420667906249
  0.10323047677466851  0.11186054578387095  0.12016971097844216  0.12888015238788711
  0.13779926014469199  0.14744015683255660  0.15796617225218124  0.16981332085834455
  0.18250622030388347  0.19507486832762266  0.20695175549692535  0.21839315081131985
  0.22941903146614451  0.23981397270184815  0.24992506874510562  0.26007912863592425
  0.27079701950802498  0.28215478884745143  0.29395752226132471  0.30658447318598647
  0.31838376265374502  0.32969136521664727  0.34126871149003890  0.35271345459349013
  0.36324456847669018  0.37268965823871547  0.38165895621984741  0.39088652963195292
  0.40112235853748279  0.41205141850065186  0.42330724384792595  0.43537472567637547
  0.44830362388022110  0.46032927932654966  0.47098380556246389  0.48256803515360402
  0.49591665338870716  0.50898666249465563  0.52122202764537207  0.53460724460932363
  0.54760514360468615  0.56072872205738200  0.57316141995070946  0.58535778568349905
  0.59761280530767236  0.61004112543282951  0.62464777442872266  0.63993788250704331
  0.65422753345214135  0.66728565728698552  0.68000177358682889  0.69333427769210598
  0.70673343885908402  0.71922886311349277  0.73043630548187644  0.74126230403998217
  0.75171320092773786  0.76228633273434443  0.77283828390347031  0.78327028275248034
  0.79336985342302113  0.80278558329533056  0.81239586609619452  0.82291730616040515
  0.83310843760485909  0.84291664285984369  0.85261866261196428  0.86160733871483564
  0.87099207980467308  0.88047021553339155  0.88996075656121965  0.89897130527043301
  0.90764845109925829  0.91607768695647052  0.92505984264441976  0.93399268085297649
  0.94309159736308545  0.95238183558003486  0.96141089073012964  0.96996131918893780
  0.97792669090438034  0.98546109744977728  0.99270241316256069  1.00000000000000000
 -0.00255353060319971  0.00950601703074935  0.02021910416416301  0.02994415720121769
  0.04014009704104245  0.05095595176492611  0.06182000985481170  0.07286193540983876
  0.08406168166402776  0.09546056206487297  0.10606824199470076  0.11541940912852264
  0.12405881965486981  0.13211323293773652  0.13970205410651815  0.14790970070040640
  0.15636528588852056  0.16542637656487263  0.17519707954665759  0.18555636611296630
  0.19686074639428489  0.20837517799425564  0.22072857348234182  0.23390408548843405
  0.24760330504194325  0.25962736028808381  0.27015993086254525  0.28008974953524568
  0.28935354935230234  0.29857454204601180  0.30832456896285171  0.31916123344754593
  0.33086120570597027  0.34337050589601503  0.35565940544761493  0.36832124889410733
  0.37995455122416999  0.39141259940738710  0.40258195683934322  0.41354280930746784
  0.42451100190489277  0.43455985656785728  0.44447850089799174  0.45450023263890371
  0.46539292404114707  0.47642273549316727  0.48735847496717727  0.49872191551094602
  0.50904361805241771  0.51924776046727361  0.52851913783116722  0.53873659259992968
  0.54967071553810209  0.56112244787965715  0.57276153614768066  0.58452399923542875
  0.59572353720328808  0.60696201225441482  0.61779906715419375  0.62918149222060260
  0.64044056941565020  0.65263500805822783  0.66482746502892009  0.67647076015369922
  0.68783165912687805  0.69873968172880341  0.70946367611235439  0.71953964272644000
  0.72925207580698970  0.73904916481097105  0.74943901173823690  0.76003357736061383
  0.77069097998694913  0.78125299440291962  0.79160151713917948  0.80140954970006439
  0.81101592758230934  0.82064065978391487  0.82974198088158180  0.83879629987044180
  0.84761262527558967  0.85734995330212671  0.86852688080310669  0.87955565765142418
  0.89059934740272495  0.90117583747660956  0.91156113363386104  0.92162230552551261
  0.93117440678650221  0.94084812396481099  0.95019388637989510  0.95929283145798172
  0.96887628727338726  0.97865981008406555  0.98936213229751357  1.00000000000000000
 -0.00235352586949646  0.00896699232584848  0.01901868650675711  0.02968153256499426
  0.04151591748952450  0.05289192539329353  0.06355726710829820  0.07430142911574734
  0.08459043554458631  0.09441677576044216  0.10410566278259493  0.11425959557839216
  0.12425794915110953  0.13375797023745095  0.14378935318381889  0.15559988027641225
  0.16794700375016947  0.18011309893012459  0.19211119325865356  0.20443161336552471
  0.21673504016124556  0.22826041949671222  0.23943561892181775  0.25038450975649229
  0.26043739863277199  0.27013402626843463  0.27995349950306070  0.28969047443134133
  0.29943688799560414  0.30906241361406384  0.31895551213140289  0.32873962499316489
  0.33828450918551234  0.34792398291966592  0.35790836611402466  0.36786923097896151
  0.37757994673690631  0.38822200377590532  0.39876112988629719  0.41037751437230385
  0.42197296933390605  0.43397676321041967  0.44569188483899469  0.45698879469495435
  0.46731926552198755  0.47721285831341564  0.48722308766908073  0.49718559506204757
  0.50729249238752550  0.51709531730105851  0.52744089777194081  0.53791517093550767
  0.54871490526024780  0.56008983946470148  0.57174950515489564  0.58345569985355294
  0.59501146967743146  0.60600473333636695  0.61615292755838336  0.62607761685720320
  0.63609282478903018  0.64610817336240400  0.65643644029511694  0.66679890594363178
  0.67796474911394444  0.68902718901517579  0.69999347858484828  0.71108682113770560
  0.72144238222024659  0.73116685021987338  0.74082469959015473  0.75084162586208358
  0.76089883859307006  0.77066663700106541  0.78041739496722207  0.79032248972628161
  0.80057116006735951  0.81105333795130252  0.82150453426365622  0.83153086768520457
  0.84189314156994255  0.85241644919205739  0.86186851384730667  0.87142767097226670
  0.88121533877320346  0.89103345816120816  0.90003880251827018  0.90896487291660999
  0.91865953070128370  0.92964835686971181  0.94097995459985351  0.95230671590568305
  0.96380348017545181  0.97527637701953518  0.98749010438611495  1.00000000000000000
  0.77709187845679351  0.78050411389322949  0.78292146115304018  0.78549719197464807
  0.78796636834085210  0.79062001265636206  0.79333953937782431  0.79606277837064277
  0.79861020503598834  0.80099914570093533  0.80325839236860486  0.80548088866491896
  0.80770528117059770  0.81002259620226569  0.81218865760876413  0.81418981535587576
  0.81618385010966499  0.81812123470013254  0.82014745353722984  0.82222770117670074
  0.82444636193737730  0.82647825642934436  0.82843517759613272  0.83039929100200072
  0.83255159305912574  0.83465790963914888  0.83660495504992582  0.83829216469609191
  0.83990654696220157  0.84151554754489832  0.84318087736509462  0.84485088105068318
  0.84644969941435633  0.84806918332795989  0.84978902866620742  0.85163200138281270
  0.85348539143333224  0.85538254019706850  0.85720961456279465  0.85893855147176701
  0.86072937796803162  0.86260467682464026  0.86448256847492100  0.86622847799942415
  0.86796661487071824  0.86980009663528945  0.87163080299633544  0.87340259218683680
  0.87510854246530523  0.87680274338856024  0.87845575781530916  0.88009193116047513
  0.88180052061800840  0.88363689929802514  0.88558834843490541  0.88751992845125693
  0.88936840280832685  0.89107899521504896  0.89270815582530749  0.89435110274172636
  0.89600894278030097  0.89772627504800950  0.89943123594095908  0.90112402200707964
  0.90286926730257588  0.90467606711948312  0.90651682037934944  0.90829995224822313
  0.90999949692688464  0.91171427902106317  0.91351220387224763  0.91540683581055504
  0.91733648774837395  0.91943539532415852  0.92163723195682101  0.92397415189327836
  0.92625398699098715  0.92858273304224603  0.93093731971784666  0.93332667649789847
  0.93565090285695685  0.93810921145955883  0.94076657322514634  0.94355317138665706
  0.94640872153797329  0.94931070255405259  0.95225888619828625  0.95525069123093875
  0.95851023213391573  0.96236276136095977  0.96666772774893261  0.97140151557233401
  0.97673456998513575  0.98346838133751457  0.98988081242481507  1.00000000000000000
 -0.00173945743133506  0.00680965013536513  0.01460705782884017  0.02189175905938050
  0.02949075237905121  0.03732464448790184  0.04458723270562133  0.05174633131031096
  0.05876987668303005  0.06584807285623617  0.07309562230313672  0.08048264543702953
  0.08794873057084829  0.09551049334646673  0.10337073863102936  0.11182126989449043
  0.12045713817484378  0.12859064687605071  0.13575678081115738  0.14345083348985010
  0.15097915792278022  0.15886952710501581  0.16664828874054508  0.17414319558202437
  0.18181213295927739  0.19022165274680772  0.19944113028525992  0.20858265770125042
  0.21829259431419762  0.22799170075486833  0.23763550585515084  0.24703826075152613
  0.25725372456383827  0.26807947877717042  0.27924002153183625  0.29020389142319902
  0.30234233106939973  0.31683032660838339  0.33317583946191681  0.34654818087616990
  0.35971026425748542  0.37258352949794216  0.38529809837214157  0.39826160092850088
  0.41316973501246895  0.43151534877871101  0.45198452724249033  0.47414653838984738
  0.49784747373268218  0.51916192541147843  0.53987099782679626  0.56053566984833136
  0.58381000472723232  0.60596761860650272  0.62440346964683258  0.64126133440569777
  0.65691253367182711  0.67160915387333442  0.68546004819886819  0.69858817500540094
  0.71116560033676735  0.72295700013159547  0.73369916573934635  0.74406438081714876
  0.75402279066227473  0.76358162343519931  0.77351278087739728  0.78352118338758525
  0.79352357941589735  0.80209312673883182  0.81021024682624665  0.81770384436691446
  0.82532074331754701  0.83315228443556544  0.84070962567907448  0.84806970441737917
  0.85558587918459639  0.86310520670498803  0.87085308553699270  0.87890103809980602
  0.88707488937587231  0.89505048612169857  0.90336540589934633  0.91149953302112108
  0.91989556957021168  0.92857635416390982  0.93690187882874376  0.94461178882239727
  0.95191558991616509  0.95935581053549024  0.96602300636684291  0.97295539683558618
  0.97989710202388747  0.98675056276526818  0.99341193060632837  1.00000000000000000
  4.64895801089191225E-015  -1.0000000000000000     
 T T T T F F F F F F F F T T T T F F F F F F F F T T T T F F F F F F F F T T T T F F F F F F F F T T T T F F F F F F F F T T T T F F F F F F F F F F F F F F F F F F F F F F F F F F F F F F F F F F F F F F F F F F F F F F F F F F F F F F F F F F F F F F F F
  <DiscreteSampler_grid>
  grouped_processes
  1 # 1 for a reference and 2 for a running grid.
  10 # Attribute 'min_bin_probing_points' of the grid.
  1 # Attribute 'grid_mode' of the grid. 1=='default',2=='initialization'
  0.0000000000000000 # Attribute 'small_contrib_threshold' of the grid.
  0.5000000000000000 # Attribute 'damping_power' of the grid.
 # binID   n_entries weight   weight_sqr   abs_weight
    10   10   1.773163572294325E-003   6.943061130321104E-006   1.773163572294325E-003
  </DiscreteSampler_grid>
