 -0.00078903343962483  0.00500105088420838  0.01071417910387014  0.01615385922166629
  0.02162824432224049  0.02761803029719615  0.03413859589299269  0.04038573903277924
  0.04611850660600570  0.05167740249091565  0.05786177398054587  0.06346373461085356
  0.07223603342711971  0.08158138628674691  0.09132356260588277  0.10059937126127375
  0.10978550906733549  0.11929767680459841  0.12988557308155729  0.14133895317956463
  0.15537012231713107  0.16902421891640015  0.18000149194610618  0.19044433363610835
  0.20133353795637643  0.21275399674923418  0.22505010499440517  0.23765903135714062
  0.25001141698508739  0.26230953917963001  0.27444834930434403  0.28708738391868383
  0.29953405774241021  0.31282156852066711  0.32765918106129327  0.34265124109092920
  0.35586129698452101  0.36774012653803306  0.37916798340005742  0.39003565931388895
  0.40019426998165719  0.41042173041325170  0.42106095077228811  0.43199706955296696
  0.44392544119089178  0.45779049722753867  0.47236904195949836  0.48689893497291886
  0.50084248599842074  0.51458885884389982  0.52825391112762921  0.54207178167212988
  0.55608706713324818  0.56791566589486153  0.57733372690824647  0.58666200515992839
  0.59676578988463647  0.60910933288829860  0.62213912035527785  0.63586030141201899
  0.65051339636556371  0.66491116087372903  0.67812815986801445  0.69133101959053667
  0.70494888117865095  0.71885018722039795  0.73253490567320978  0.74523878541317179
  0.75635690502549691  0.76688710211077760  0.77778136002392118  0.78873297368770345
  0.79879215809443482  0.80898926829193907  0.81980027778608278  0.83070695395988559
  0.84065562061510202  0.85067464605463827  0.86135969114787214  0.87223003199726457
  0.88210714044931282  0.89216162138171229  0.90182587032850192  0.91303615392575588
  0.92392346519226387  0.93492188151977640  0.94550061731089952  0.95563341370602251
  0.96341700825292598  0.96888255533648326  0.97346923570465993  0.97790212190667547
  0.98258442537093427  0.98785088399394416  0.99386445445361327  1.00000000000000000
  0.00534933635730859  0.00802396529589780  0.00877412665585714  0.00949410913002237
  0.01011438048297480  0.01066562796896880  0.01115110745782794  0.01162920980813188
  0.01211708468500137  0.01262644830545627  0.01314146695416446  0.01368048393374233
  0.01424949925839016  0.01483090575796863  0.01540475063409582  0.01596410391951685
  0.01650252911861687  0.01705796117801108  0.01767333020499041  0.01837552376210506
  0.01902843719921941  0.01967429508078792  0.02034744471873033  0.02105765714170489
  0.02179256509761738  0.02255805969246428  0.02337184292956248  0.02420976863672967
  0.02506787701139114  0.02594300370798508  0.02677703213780288  0.02761165233569612
  0.02847478492408024  0.02946213207476582  0.03054382058271560  0.03169287231318610
  0.03279274223125108  0.03399037829101776  0.03527453695964423  0.03664069338989628
  0.03814409772348463  0.03976863185106514  0.04142320847225316  0.04311071185827013
  0.04492215534041537  0.04681948761236778  0.04876345624871220  0.05081026787476248
  0.05303459048592242  0.05525954826894840  0.05763238988300500  0.06001744508649345
  0.06240355479444246  0.06500871179484802  0.06798820777376445  0.07135206187969602
  0.07504046781580909  0.07906650562033371  0.08328394199098099  0.08785270831782703
  0.09211462664061140  0.09575068496395252  0.09915080360729507  0.10272809789932363
  0.10712734922307804  0.11254144478951078  0.11815004968941985  0.12386191692326154
  0.13056781872046422  0.13760116055500213  0.14441858806387486  0.15087904024191481
  0.15744257017426894  0.16512567173767065  0.17498188985723143  0.18643312725255765
  0.19879467555369429  0.21055636258428503  0.22311302633670349  0.23686852569111405
  0.24929736398942470  0.26434888705409654  0.28106202439582451  0.29854733285373486
  0.31871873911804954  0.34136794884226312  0.37552475556978404  0.41884278271769187
  0.46394756079471267  0.50549918809770211  0.54997928666230422  0.61467623565288920
  0.70281392619299377  0.78671750546790808  0.88010177322416083  1.00000000000000000
  0.00000387449381414  0.00000660598535183  0.00000826312847064  0.00000992027158945
  0.00001157741470826  0.00001282322135074  0.00001396577158705  0.00001510832182336
  0.00001615550150963  0.00001707869166283  0.00001838793222988  0.00002050557625158
  0.00002201639190231  0.00002353668701883  0.00002754262314570  0.00003512286674635
  0.00003994271040655  0.00004346250433180  0.00004656819647167  0.00004974117517700
  0.00005332030672830  0.00005709150809808  0.00006043628724661  0.00006369028023332
  0.00006648528528732  0.00006918867358592  0.00007212479897806  0.00007580979320026
  0.00007987432916275  0.00008399242682088  0.00008968295955196  0.00009605698368518
  0.00010419566011099  0.00011329725762781  0.00012223148058991  0.00013106313345710
  0.00013973851669347  0.00014817264329601  0.00015753193128229  0.00016692617160097
  0.00017824612266394  0.00019147618689060  0.00020590095815776  0.00022252317609561
  0.00023884616822605  0.00025670382743235  0.00027517926227137  0.00029463079044361
  0.00031541593590411  0.00033845456507864  0.00036388489332973  0.00039173948311641
  0.00042255005683998  0.00045533501737284  0.00048933088675319  0.00052307788477375
  0.00055927548826049  0.00059744725731605  0.00063946483598158  0.00068984220414879
  0.00074734861363882  0.00081761303044318  0.00089804116161476  0.00098977769641755
  0.00108896208292041  0.00119469822667816  0.00129812186198460  0.00140805906943917
  0.00152888800022480  0.00168422685493684  0.00187166916702512  0.00209432794328391
  0.00235354917776210  0.00266821303324178  0.00304980233869737  0.00348729647136124
  0.00400297031888754  0.00464821655932929  0.00541639724384157  0.00630297484104512
  0.00728668420688590  0.00837987240952944  0.00972093468310425  0.01115869388838047
  0.01281656603240820  0.01509466253224016  0.01848422066009067  0.02319612327468427
  0.02977824963152231  0.03840686731363577  0.05051982097600105  0.06927528378275401
  0.09935507258946952  0.15535701854770084  0.26649241797834777  1.00000000000000000
 -0.00113825929561980  0.00542140084174223  0.01121291911836098  0.01663421188155175
  0.02272871371328718  0.02900131152077474  0.03579125167249161  0.04268585244206288
  0.05011665840621849  0.05791386774014500  0.06537870698561953  0.07246257794157610
  0.07963496177884084  0.08749214533900036  0.09583166882076218  0.10450873455830187
  0.11396096732610986  0.12342101631715724  0.13318419526065259  0.14399503824679385
  0.15404634483232330  0.16332758311706011  0.17232077938099261  0.18080160353030161
  0.19138361594553677  0.20324345302930516  0.21403773523295397  0.22344977186195272
  0.23359021780289121  0.24455253299391155  0.25588060539494567  0.26536834031821210
  0.27475651818583557  0.28513325626032432  0.29694339308904716  0.30917617279796916
  0.32232262772568621  0.33535778201486977  0.34802340359149425  0.36122061701742009
  0.37485016341488353  0.38944839925356806  0.40388203446533372  0.41646124549808111
  0.42761780014166872  0.43829959284764236  0.44886227139036017  0.46010894605936031
  0.47100780074484178  0.48212921362025607  0.49283448061848051  0.50344395269842490
  0.51420081007672258  0.52696453578271918  0.54147022133251899  0.55426180049539941
  0.56661678575660623  0.57836766457226474  0.59150060591285547  0.60314746067201574
  0.61482519488469511  0.62603508496834481  0.63884089361398644  0.65146687948775428
  0.66410118542005547  0.67646919719658671  0.68982304911256398  0.70362173064700217
  0.71647836171001944  0.72796942534124831  0.73917073483563456  0.75039540469040800
  0.76088179976722448  0.77054038177023676  0.78062584064794815  0.79196619111138999
  0.80471138823508226  0.81608951807942443  0.82708729058371955  0.83704629014397847
  0.84799222567050059  0.86054669123428795  0.87194879004808934  0.88245319083400431
  0.89247631917384362  0.90215903877053161  0.91223825451295382  0.92337515102837819
  0.93475291405386496  0.94560914144532515  0.95678046378748227  0.96687259953055094
  0.97640503263586043  0.98492326832619048  0.99255842762715851  1.00000000000000000
 -0.00226332501250913  0.00996542565941465  0.01850312896401022  0.02728785408813977
  0.03589138505140384  0.04542380448099880  0.05542961648269946  0.06592099896284108
  0.07699542035128998  0.08789498505525760  0.09865373243617934  0.10914930450950189
  0.11922431865490989  0.12939757292074594  0.13942610088569304  0.14926614613559008
  0.15887500040266472  0.16816770782811738  0.17752444225203409  0.18715738652255348
  0.19766235848480604  0.20847037355412112  0.21941040709862614  0.23087878461034061
  0.24374673528759394  0.25638856685016576  0.26797286557877675  0.27915348883762947
  0.29030267499586776  0.30150119522045171  0.31157985116786668  0.32005988490667520
  0.32720854766879393  0.33468951806526964  0.34295771919869322  0.35301087715212209
  0.36349962327290070  0.37361565425592275  0.38482211567473656  0.39605243174161492
  0.40752320966713429  0.41955767335837890  0.43113051199299540  0.44179189758057413
  0.45243883899709947  0.46246159920820668  0.47244934018365264  0.48266109041660471
  0.49298705818515715  0.50452299963525937  0.51415705900468112  0.52364022219871165
  0.53329478642890160  0.54300646384942952  0.55440906476901941  0.56500659759010041
  0.57462332082455603  0.58409625990499570  0.59257145446051906  0.60165612402183755
  0.61086591091271447  0.62048446645015753  0.63144638265010899  0.64276755725655943
  0.65429675810043897  0.66613141957575139  0.67770371761177695  0.68938309235927331
  0.70176983767437084  0.71202067621848808  0.72111447183277289  0.72985093965275183
  0.73862279309736267  0.75014608573452268  0.76182191881379158  0.77310317914595628
  0.78441613978644442  0.79699900341200614  0.81124268505497132  0.82523516239725836
  0.83802610126975496  0.85044451125231657  0.86170689011675150  0.87070513654169390
  0.88039471334231434  0.88981640595194911  0.90017955337448707  0.91183746073811012
  0.92367904197966066  0.93641657865681160  0.94871294972057318  0.95982765193826791
  0.96998670318619118  0.97943256134759205  0.99017262482246982  1.00000000000000000
 -0.00068361802594790  0.00029568021469609  0.00127497845534008  0.00275855167261463
  0.00444586648962756  0.00649982635646547  0.00877247096429230  0.01119978474083422
  0.01433790375744002  0.01807290087959117  0.02246854245678376  0.02728025413504600
  0.03232347542151101  0.03762336219371750  0.04322459569594788  0.04937151368948268
  0.05604001067573635  0.06300814653407706  0.07024678379861503  0.07783351927108469
  0.08576877447568344  0.09407782020050057  0.10225518991705637  0.11084306934953447
  0.11948726921313418  0.12909820169886871  0.13903778631691316  0.14987812551905288
  0.16208363931078115  0.17515874941350143  0.18812077743372471  0.20063539073317160
  0.21389311607717501  0.22856593351207752  0.24405479825815626  0.25851990640213141
  0.27246497201310138  0.28691561212436417  0.30237672124257897  0.31878200279723889
  0.33530772042670542  0.35123489807003105  0.36681569109312734  0.38308772065993912
  0.40068067872600832  0.41913739215599277  0.43724065849060845  0.45532436465118831
  0.47349049941045368  0.48923454162555258  0.50288905567041209  0.51694298112192105
  0.53123408007933681  0.54688707509502743  0.56521627897635862  0.58204568032533865
  0.59942690049867520  0.61658564442933750  0.63450912633367196  0.65240764934723805
  0.67024340579553832  0.68876312493875624  0.70640072756752070  0.72509127914517812
  0.74043345679504902  0.75561525732333679  0.77025449963749992  0.78456207930420585
  0.79815225624015784  0.81178337499050279  0.82488791645906334  0.83767275027453436
  0.85059782846246468  0.86347927431059524  0.87587091251913529  0.88676631913040604
  0.89744610379851142  0.90739168771417456  0.91807816850182367  0.92652551771117242
  0.93354300443723826  0.94014479860463562  0.94619662299198681  0.95187395195009727
  0.95735043491118343  0.96271969924884149  0.96764871857938095  0.97225154714897688
  0.97640104454290755  0.97995299729439533  0.98344914615410872  0.98676377714073182
  0.98979985576524476  0.99313860798114495  0.99654821185667197  1.00000000000000000
 -0.00173523767031961  0.00934215257880740  0.01920052220149482  0.02901073223008269
  0.03856668295048164  0.04874996834217567  0.05855527215492930  0.06796971801144421
  0.07744731893928929  0.08832784587263665  0.09987002248924060  0.11081904074157783
  0.12233630269226953  0.13584939753145372  0.15049480125313447  0.16353526522322412
  0.17475075746647975  0.18513284570733465  0.19573377336930758  0.20645928780424380
  0.21696820731843489  0.22752373072705426  0.23687869073285969  0.24526793626610285
  0.25349979900846020  0.26314758458362542  0.27543897895730984  0.28758292457746915
  0.29855291895430791  0.30947764210314305  0.31950102666333957  0.32880655017435290
  0.33870023134901550  0.34830078464477171  0.35932886161352467  0.37086635953550839
  0.38095548625349879  0.39029219007682536  0.39976818398298647  0.40984771777337559
  0.42095167900001290  0.43222250127321032  0.44449970258866256  0.45782748496519354
  0.46969248863770230  0.47903348380199290  0.48751583872055848  0.49603572486377551
  0.50432026769644367  0.51485631699401802  0.52783649566830604  0.54130544073769171
  0.55368892780756496  0.56527149434136692  0.57690062414371990  0.58997001462816900
  0.60381263735680013  0.61561786820732645  0.62451069817493521  0.63247260090921498
  0.64011381873688056  0.64747028797054074  0.65529814505506245  0.66301598164858300
  0.67319084025743225  0.68388171139771003  0.69330504695776085  0.70200234770848480
  0.71144105359895760  0.72195733924601979  0.73180012123219140  0.74104175587395960
  0.75051128247877308  0.75987143483701058  0.77147393511629647  0.78271961521198885
  0.79311417909769488  0.80323517276153789  0.81403989560226331  0.82551354702476987
  0.83722493331683634  0.84805005654762533  0.85854526492858130  0.86935487339072504
  0.88053314942801819  0.89194475085448988  0.90256444351564480  0.91275059488989829
  0.92293456273843277  0.93377404693651056  0.94521455594299775  0.95599852173293309
  0.96650005157204799  0.97731897098432619  0.98846172774845464  1.00000000000000000
 -0.00174116070112818  0.00831521751915404  0.01714612697067618  0.02544375854642287
  0.03350090948867774  0.04174378704923089  0.05116321866492014  0.06116859867580409
  0.07291021947245999  0.08530382360095835  0.09663032936347542  0.10672910697328791
  0.11700511440733509  0.12797376182483569  0.13871707626492247  0.14846779990641307
  0.15686751129945825  0.16550821331907625  0.17518271859830867  0.18716314514230531
  0.19969633046097843  0.21137060042723599  0.22327540229528597  0.23607103967333648
  0.24817166817830308  0.25982733567797184  0.27140612046476970  0.28261393989358014
  0.29541182469342214  0.30535709923968735  0.31570368277280908  0.32592488678655201
  0.33598465423715551  0.34580699825140487  0.35634774077708092  0.36743449947351148
  0.37897111921199644  0.39125380295983098  0.40451136531378973  0.41686008615334613
  0.42849361746186282  0.43964837844638521  0.45056623771400950  0.46192076765381801
  0.47296460199946566  0.48341988559667354  0.49290937450500100  0.50228763141890787
  0.51149202367911695  0.52145454728231255  0.53164150186840409  0.54199562718139871
  0.55152369163682413  0.55978209553609859  0.56796948450872242  0.57595075084281511
  0.58491287727457097  0.59532479769981905  0.60714486324176942  0.61939011838442726
  0.63089621913355565  0.64140539756889547  0.65138622602520957  0.66161082764853307
  0.67222195737230084  0.68285201314798094  0.69346033858516165  0.70334110154213270
  0.71266567540016124  0.72126638647640284  0.72891174109313961  0.73743173879394275
  0.74601456068235972  0.75652728428371618  0.76790120847398702  0.77872017682839390
  0.78942787686511928  0.79954914710607528  0.81052635908091331  0.82239317361602826
  0.83461402027842624  0.84653883715929845  0.85749266378755518  0.86808873358286587
  0.87934070405915765  0.89142004617532444  0.90317461129370236  0.91358966990800816
  0.92339776330487033  0.93366944601598578  0.94463069114442311  0.95567482648488267
  0.96717393697571874  0.97815101190817288  0.98896855166454056  1.00000000000000000
  1.49474021360964205E-007  -1.0000000000000000     
 T T T T F F F F F F F F T T T T F F F F F F F F T T T T F F F F F F F F T T T T F F F F F F F F T T T T F F F F F F F F T T T T F F F F F F F F F F F F F F F F F F F F F F F F F F F F F F F F F F F F F F F F F F F F F F F F F F F F F F F F F F F F F F F F
  <DiscreteSampler_grid>
  grouped_processes
  1 # 1 for a reference and 2 for a running grid.
  10 # Attribute 'min_bin_probing_points' of the grid.
  1 # Attribute 'grid_mode' of the grid. 1=='default',2=='initialization'
  0.0000000000000000 # Attribute 'small_contrib_threshold' of the grid.
  0.5000000000000000 # Attribute 'damping_power' of the grid.
 # binID   n_entries weight   weight_sqr   abs_weight
    10   10   1.863751409596287E+003   3.244968761651771E+007   1.863751409596287E+003
  </DiscreteSampler_grid>
