 -0.00082857356364434  0.00582538429889140  0.01071141735697165  0.01569837352186650
  0.02099171496280521  0.02749823342461000  0.03470258347812168  0.04166280363133829
  0.05043317538721155  0.05899911437347287  0.06986536785043639  0.08045344987972113
  0.09164669388191346  0.10297877529198132  0.11431946537961003  0.12596240935227118
  0.13702324843880623  0.14770373450203109  0.15891519195670989  0.17006678491624294
  0.18216815476927614  0.19278188122863726  0.20381203228006364  0.21465692372586784
  0.22655736148898659  0.23914431095175037  0.25234010584250061  0.26588563209726768
  0.27900361848153887  0.29149846100093468  0.30321512357794744  0.31478526903225679
  0.32685547796469322  0.33842204474440929  0.34906379687180816  0.35990895869940615
  0.37126822697710488  0.38388537618261775  0.39665771379129100  0.40894526704025569
  0.42021110096128977  0.43067026449075135  0.44127942098364581  0.45239885014778242
  0.46398213369200941  0.47527378854815666  0.48666239876122408  0.49847741160144510
  0.51043428158903426  0.52248192825416673  0.53400551182365696  0.54581360573897342
  0.55828719046024300  0.57073882906750328  0.58305755234566181  0.59496091733802325
  0.60689494403639188  0.61874572893850743  0.63112005870683374  0.64337989534362849
  0.65446138606654025  0.66544347293822359  0.67645310816316517  0.68683302603288565
  0.69675787273175083  0.70712544582965342  0.71874672979463194  0.73048505656747587
  0.74231985596235583  0.75533488178901720  0.76811474341883057  0.78059285305170012
  0.79322804710378292  0.80585166996246016  0.81749985899007571  0.82881748367688679
  0.84098821208230823  0.85378141713598832  0.86605497703116907  0.87802297168711396
  0.88858986917390381  0.89570616160429872  0.90156899134308843  0.90641987605119079
  0.91127765656790760  0.91904722505765102  0.92823901872072201  0.93526531212463437
  0.94197645173839561  0.94840143846634295  0.95509279867518238  0.96327178820928039
  0.97193104256929452  0.98111530336166308  0.99057096208852380  1.00000000000000000
  0.00590974195124674  0.04784286015193366  0.06096705455028655  0.06549685971745418
  0.06904235975791768  0.07182521061363083  0.07424184851329227  0.07642883211190296
  0.07863233456895381  0.08093277103985455  0.08325073701161720  0.08543518521309185
  0.08749472111134640  0.08943490861945133  0.09141166994205224  0.09369019009185212
  0.09607763380751419  0.09863877999883604  0.10111218327023351  0.10352702707050755
  0.10608357214243702  0.10868430983857286  0.11137682777022406  0.11412965305078050
  0.11714670665898064  0.12023474633995131  0.12329201330827919  0.12652154067565760
  0.12987877230533698  0.13343632600668467  0.13720473364334640  0.14063005160126757
  0.14410369799628045  0.14760337445191826  0.15100793774680288  0.15475787331958799
  0.15858922575889017  0.16252492659708903  0.16666183658656900  0.17108512830940770
  0.17569587436883666  0.18030539154547603  0.18491309126674177  0.18972440526738960
  0.19490861015885480  0.20010431861058420  0.20479458731031436  0.20941753500931451
  0.21427839167292201  0.21947447750232280  0.22492762767029750  0.22992279200990931
  0.23486452861331394  0.24005536673860686  0.24598230909947563  0.25253988334448801
  0.25919184372249865  0.26598040522174193  0.27325022370715379  0.28129475258114989
  0.29057205752048798  0.30019058396815607  0.30980176386997305  0.31884621142497660
  0.32801588784158331  0.33406375469771404  0.34147351879453258  0.35021779730561520
  0.35804494885121441  0.36584543628356631  0.37533288744861043  0.38904804237005319
  0.40322632390687607  0.41737540797370026  0.43187217819765922  0.44739456944037315
  0.46263525258278176  0.47761837361816106  0.49179589878541702  0.50846971158827470
  0.52702652489370250  0.54733674835800272  0.56813192128503387  0.58855851254688818
  0.60879799579665905  0.62962010681731795  0.65231411167251574  0.67906510751419447
  0.70522634975488530  0.73490203462174930  0.76652988495651775  0.80224556588697016
  0.84245169776772055  0.88620746517108639  0.93912380121120620  1.00000000000000000
  0.00001331753685624  0.00001382791922786  0.00001526847714829  0.00001684303900619
  0.00001846181304768  0.00002066410798285  0.00002300559328867  0.00002599511928248
  0.00002934746327739  0.00003166290475737  0.00003378924343217  0.00003600472298732
  0.00003841664238943  0.00004085471456848  0.00004368634204303  0.00004759916214412
  0.00005093631818583  0.00005445647170073  0.00005830741990196  0.00006221892001204
  0.00006705118553286  0.00007250972494449  0.00007769190021868  0.00008258013559932
  0.00008804081185568  0.00009442882674847  0.00010171150145612  0.00010903744897558
  0.00011675345469369  0.00012399876643265  0.00013200171842286  0.00014176056718803
  0.00015177257046482  0.00016117912678455  0.00017183447496013  0.00018179327622867
  0.00019592370088532  0.00021178635785054  0.00022985671619264  0.00024991183517795
  0.00027113064251198  0.00029361452273074  0.00031618192609615  0.00033759397659078
  0.00036064434941583  0.00038616268933308  0.00041583290127901  0.00045422488980065
  0.00049794287234847  0.00054771295813919  0.00060308365900700  0.00065968113400531
  0.00071746137335234  0.00077829557319202  0.00084226748683557  0.00090912286388304
  0.00098259680416163  0.00106684119501708  0.00116609195753314  0.00128687496038890
  0.00141888446152122  0.00155484194957101  0.00169625788855832  0.00185308047783045
  0.00204099856423093  0.00225610964194206  0.00246376600541719  0.00267856620649631
  0.00290000197659566  0.00314096205443575  0.00340918313176235  0.00375295072397769
  0.00414860443933919  0.00461048179104328  0.00512109386308698  0.00568457506040914
  0.00632002491048518  0.00706871455627457  0.00798204575985292  0.00907387922731017
  0.01034805394264291  0.01188071552280796  0.01374715948701410  0.01590907586198699
  0.01837873517973718  0.02145292911708526  0.02531440208023721  0.03035064218793109
  0.03691808591521892  0.04610971336922981  0.05946705773347348  0.07863119397779011
  0.10966550286806145  0.16494794497536669  0.29842685095232058  1.00000000000000000
 -0.00182461100804231  0.00543551129549365  0.01150781666799963  0.01730571118192180
  0.02316592101521345  0.02911310639038045  0.03612841054812922  0.04277148538721665
  0.05036002318447824  0.05843723398920270  0.06674355956286265  0.07718417385956701
  0.08788640061950025  0.09807480526752116  0.10666051810296844  0.11431103506322761
  0.12227641829126185  0.13079028658008782  0.13901921837698974  0.14734639984066922
  0.15563073324854457  0.16410496458240034  0.17313669765556783  0.18252193539433068
  0.19237395215782374  0.20265918775178576  0.21270002239790550  0.22220814809228409
  0.23196930369237118  0.24228808242048533  0.25389052446943750  0.26630188040941055
  0.27933154961172951  0.29197796947436677  0.30429863315102484  0.31649354826367848
  0.32972413615674073  0.34364923077728454  0.35780619576694772  0.36998463341505378
  0.38289362511379299  0.39580187639981607  0.40949107292492043  0.42458115051735340
  0.43993493157899033  0.45507154312754616  0.46971677738498957  0.48490879549707927
  0.49954315394466436  0.51360285928745508  0.52739863163173017  0.54095645784517543
  0.55487962373932509  0.56928094422794229  0.58436444495800532  0.59962835440012208
  0.61505423810997073  0.62983565554461773  0.64339479468993688  0.65641284036411185
  0.66926989107428181  0.68227902190737577  0.69576291285142355  0.70885906042894198
  0.72101987034868453  0.73207627278499743  0.74252641996734103  0.75344372473801680
  0.76446077196098705  0.77561162496885039  0.78656115914089508  0.79781010696794941
  0.80923217960635341  0.81999284365218461  0.82969158213210403  0.83890918259612668
  0.84823562029260380  0.85763094348914648  0.86702215208125633  0.87573167997858792
  0.88302695419449595  0.89166787957039384  0.90100736169208173  0.91084185515804861
  0.92045281279498803  0.92894901284361775  0.93597926123861419  0.94278845950495638
  0.95009286995562725  0.95723749263407387  0.96513785810552444  0.97336630686816250
  0.98059069367896889  0.98712980032340458  0.99373016701838368  1.00000000000000000
 -0.00245626630605849  0.00895102510671195  0.01992959991158571  0.03055122271804307
  0.04038487768106788  0.04921889625813586  0.05779036034746890  0.06623730992530584
  0.07707758774480711  0.08632901297825910  0.09593706856011293  0.10607504484051826
  0.11721936485580352  0.12961505806228416  0.14092964204873329  0.15150742080158425
  0.16084906835755008  0.17039240733137906  0.17957872365544653  0.18840467600899766
  0.19810661570018073  0.20846373218079831  0.21923412813531643  0.22995552268715524
  0.24030374123188500  0.25039225143795307  0.26033034675568800  0.27087345424126119
  0.28282586018428840  0.29565157451556634  0.30823397210223535  0.32036505293890538
  0.33169870372477389  0.34274792293793532  0.35408675858524635  0.36608956684540889
  0.37882034548527205  0.39178183516417969  0.40232901565585211  0.41192850930208674
  0.42125152038892871  0.42907374151882971  0.43508576155717432  0.44121538301351915
  0.44768429297290546  0.45467164126696280  0.46409273414854985  0.47538050939203136
  0.48783822858004589  0.50077494095692288  0.51348627257509305  0.52648166588675127
  0.53910046166488723  0.55139745971570531  0.56329289797648652  0.57521171158909568
  0.58743898647518666  0.59987514346232762  0.61261612398838972  0.62516302830186754
  0.63698603894778827  0.64841150799131797  0.65996179381063502  0.67131980254872725
  0.68092613663145318  0.68988453570405539  0.69935880417593221  0.70954148529971262
  0.72079478733780877  0.73246902247580681  0.74412710415281413  0.75353746648437991
  0.76329129010646424  0.77288223917738463  0.78218703685061586  0.79336172201059685
  0.80390559897791236  0.81418064661773060  0.82413622760848049  0.83344728834809789
  0.84164299928349384  0.84956664805946569  0.85892218575299828  0.86787778480094335
  0.87732029046696913  0.88821081278111891  0.90079850969094377  0.91369194678487553
  0.92510165579180947  0.93531712760956298  0.94495337319617745  0.95535581102857170
  0.96683084372960038  0.97832440401365439  0.98917909414616345  1.00000000000000000
 -0.00045895966781401  0.00043858856985920  0.00133613680753242  0.00261446199905577
  0.00393431766471373  0.00548399630209217  0.00712066208920840  0.00893178986919697
  0.01102263733562044  0.01330382180031805  0.01595486956772440  0.01867915139966261
  0.02161557812737383  0.02486745353469359  0.02842621891828024  0.03202649154626031
  0.03594210421627477  0.03993486779600297  0.04475245762849852  0.05019263022964011
  0.05609569937231934  0.06254311972629055  0.06966031941452319  0.07697022890637638
  0.08426817390721379  0.09167856577846584  0.09903979189025425  0.10684096753589403
  0.11532211412629625  0.12445209916772410  0.13429682520946365  0.14483674774859731
  0.15586922689088059  0.16728414418642731  0.17901446250329439  0.19128877429262711
  0.20415376709823152  0.21753393584926370  0.23072231486226111  0.24394939162247245
  0.25759559100480289  0.27188505327901619  0.28705939695421073  0.30268487923075105
  0.31862125705359845  0.33493958929311818  0.35052639598252772  0.36625578177296275
  0.38269124415621059  0.40000411966003191  0.41742663702928390  0.43587195701760151
  0.45534966150696737  0.47524505081949225  0.49484414384410563  0.51384077265836203
  0.53264938394996375  0.55191743826395434  0.57116216698170574  0.59069773469255349
  0.61102054399650374  0.63117367153573656  0.64970280762901000  0.66692917116463357
  0.68370655089807342  0.70143797287384124  0.71811546659787107  0.73380720664815746
  0.74851285552271829  0.76210666600612131  0.77690888921103052  0.79277107947438574
  0.80998208990694365  0.82560142203709941  0.83664321971204225  0.84596447341362024
  0.85510957173723257  0.86660105520786479  0.87838716869513211  0.88711980770373622
  0.89564651153322872  0.90366448706488778  0.91115087237798598  0.91809025880399775
  0.92456104399098826  0.93082916213868083  0.93715938349387495  0.94513695723716906
  0.95197441422554763  0.95903121925940027  0.96568468239482375  0.97268881955902065
  0.97969585709493923  0.98651711171761447  0.99317673236491788  1.00000000000000000
 -0.00302028919433881  0.01044229821648345  0.02207797494613541  0.03376205940760526
  0.04632339336355169  0.05954920418258319  0.07191587361765633  0.08384198968527523
  0.09623388741225038  0.10833785642046195  0.12007716669891622  0.13184299044743159
  0.14426312761760982  0.15618231564637941  0.16613472731195428  0.17423124969447992
  0.18246556154217178  0.19134793532581335  0.20078981663518053  0.21194183954349929
  0.22463048327015636  0.23602772150555310  0.24595369055646554  0.25615442842493286
  0.26554538237162556  0.27530248246315270  0.28484812240945884  0.29560958630545037
  0.30756729888194956  0.31771371797992343  0.32758771623002164  0.33736903730879625
  0.34791987170354971  0.35862352029886996  0.36896836614882478  0.37931147172359553
  0.38998012808209148  0.40086732187538593  0.41191693772107285  0.42257626110996033
  0.43307391996808298  0.44560253878364275  0.45862618634666902  0.47039061623058293
  0.48032844184183193  0.48881674718234525  0.49802470615995020  0.50825056150925008
  0.51871248159340066  0.52903747612956264  0.53887881624023204  0.55017025612630333
  0.56166565735257479  0.57350073029842608  0.58483783278677726  0.59624621265745748
  0.60756252301674218  0.61942997760248708  0.63242417721895039  0.64589036103085840
  0.65885995902854411  0.67082952614981217  0.68166868219825771  0.69226236057488311
  0.70266274384736616  0.71341215032778815  0.72394812268560282  0.73467500496009575
  0.74639582570185914  0.75807334559244866  0.76909730827124545  0.77681904362137510
  0.78367253549834848  0.79099434611378061  0.79863348130543532  0.80823988983959549
  0.81752916495967476  0.82709378722944626  0.83629313183171583  0.84617858233263510
  0.85590275341160149  0.86580299796339011  0.87563282079246496  0.88607396376858694
  0.89672565437809704  0.90689113075011896  0.91568868308985751  0.92257687285589340
  0.93013361550451346  0.93745736039332106  0.94658663295950118  0.95796447486406933
  0.96944706431026950  0.98014797707533230  0.99024522195301268  1.00000000000000000
 -0.00280916382409824  0.01041110795762555  0.02143873346662007  0.03255979181342614
  0.04337858114974037  0.05410475035326250  0.06502449193409388  0.07657135028928670
  0.08768581365637960  0.09865371666792769  0.10829101512841813  0.11770813171296282
  0.12752325610114135  0.13670283325578067  0.14673091687717621  0.15757157109191100
  0.16870386719232838  0.18045663097079323  0.19164071908085920  0.20301270501372304
  0.21444726638483433  0.22537670278989161  0.23575104416911649  0.24531728153890950
  0.25444973427843559  0.26263280774025072  0.27240310076837987  0.28288355683311928
  0.29329481175845212  0.30327168393015896  0.31319253793230267  0.32400649685052879
  0.33470419605058199  0.34477650216904976  0.35413865505431175  0.36344242717137543
  0.37413267346361556  0.38597347473009513  0.39782351306190472  0.40934053675689192
  0.42012885155360646  0.43048068521440241  0.44085146263079628  0.45152775915387056
  0.46347359087182499  0.47582232281983855  0.48653449497046247  0.49679783260019444
  0.50667696339032076  0.51581494296456343  0.52267831508190965  0.52877662889529042
  0.53426526909166094  0.54039413664918723  0.54845104932789057  0.55780662378388368
  0.56923847065119482  0.58165034240358915  0.59426593127655036  0.60645659291346932
  0.61833695366775465  0.62989434466334604  0.64089121402312665  0.65148383107259111
  0.66167671973138054  0.67203543619253148  0.68296413719742910  0.69433256422087364
  0.70545535594172670  0.71601558555797240  0.72631456901639557  0.73695074624869072
  0.74829265251786692  0.75905870911113338  0.76995743478065826  0.78086275689485773
  0.79166103025666779  0.80267209737654666  0.81410421300106328  0.82674803845522826
  0.83996170614271559  0.85102693161434428  0.85793667025537101  0.86527435803846275
  0.87301164789439389  0.88145214270992833  0.89192393200949083  0.90350407382337938
  0.91551470211690023  0.92704632665761777  0.93866843437619740  0.95069585660351796
  0.96348309972523505  0.97532188277863774  0.98758654259367917  1.00000000000000000
  1.31751387154021242E-007  -1.0000000000000000     
 T T T T F F F F F F F F T T T T F F F F F F F F T T T T F F F F F F F F T T T T F F F F F F F F T T T T F F F F F F F F T T T T F F F F F F F F F F F F F F F F F F F F F F F F F F F F F F F F F F F F F F F F F F F F F F F F F F F F F F F F F F F F F F F F
  <DiscreteSampler_grid>
  grouped_processes
  1 # 1 for a reference and 2 for a running grid.
  10 # Attribute 'min_bin_probing_points' of the grid.
  1 # Attribute 'grid_mode' of the grid. 1=='default',2=='initialization'
  0.0000000000000000 # Attribute 'small_contrib_threshold' of the grid.
  0.5000000000000000 # Attribute 'damping_power' of the grid.
 # binID   n_entries weight   weight_sqr   abs_weight
    10   10   2.048815235322841E+003   3.592973685099006E+007   2.048815235322841E+003
  </DiscreteSampler_grid>
