  0.05136897402022114  0.05184569423644267  0.05323304071208094  0.05482244641016006
  0.05644623799528559  0.05809201263004592  0.05979411649083403  0.06165869784517235
  0.06370885008811733  0.06593131078761394  0.06817094596723125  0.07031038314602528
  0.07244963091375550  0.07463174478945543  0.07678007590006707  0.07885604455480676
  0.08093984355508423  0.08308727871521111  0.08535547262206583  0.08778371849471137
  0.09030514079120862  0.09276965605655602  0.09530687318752934  0.09793411770200842
  0.10067069555226899  0.10353147707926931  0.10647114443093492  0.10945035265731741
  0.11241975213123237  0.11539439856041285  0.11840538275962052  0.12137502283555042
  0.12427176671972981  0.12719393635366727  0.13015068043443867  0.13332121597748417
  0.13668342477010409  0.14013326102953300  0.14360389965952594  0.14706213302183349
  0.15065341856587369  0.15433202824727002  0.15796296377413641  0.16155801276136250
  0.16511899878420533  0.16874153049698695  0.17241890581628661  0.17598573617112090
  0.17956644250805626  0.18327065745159796  0.18723087762254284  0.19146752259853383
  0.19579903561492443  0.20006445241048532  0.20433017071862802  0.20872071152823374
  0.21332893126735172  0.21805744407154967  0.22275714809572741  0.22747291805266298
  0.23227002316188031  0.23732958916604488  0.24264963360517128  0.24808956786902286
  0.25340292258641467  0.25855637410688354  0.26367861195343045  0.26902863711157282
  0.27474493283107543  0.28059201686564356  0.28631041720112804  0.29188154150341961
  0.29773476500564156  0.30370036351918650  0.31005659974114413  0.31696491373473568
  0.32400417142834181  0.33101273279944321  0.33818297548845655  0.34541730248507468
  0.35273037431103288  0.36018606852758112  0.36798449398430938  0.37580194965426056
  0.38351988385435742  0.39161224629176461  0.40070212299958108  0.41023779278780848
  0.42002465857446819  0.43019202500816961  0.44025460350683232  0.45128175601248638
  0.46266614512640380  0.47430239449833878  0.53867277018917514  1.00000000000000000
  0.00018760945215368  0.00022515557056388  0.00025129915003391  0.00027216936916305
  0.00028993946437207  0.00030925767838330  0.00033479841683976  0.00036115003008189
  0.00038659005617826  0.00041177541981808  0.00043705097519548  0.00046352170633881
  0.00049000094064706  0.00051806465378930  0.00054679378536768  0.00057531736542261
  0.00060243493376350  0.00063019260997192  0.00065775816804720  0.00068788747631247
  0.00072068458293147  0.00075662212164334  0.00079292063798307  0.00083171884590546
  0.00087070904025381  0.00091147396566447  0.00095431636186221  0.00099893238369877
  0.00104729902038023  0.00109838877470827  0.00115320489172548  0.00121221962127375
  0.00127147981473370  0.00133376029928599  0.00139755561796902  0.00146154454367914
  0.00152454138297237  0.00158745703783729  0.00165338694667546  0.00172613214782038
  0.00180816789029436  0.00189780040178722  0.00199124223669939  0.00208764658486610
  0.00218824629340429  0.00229238035022710  0.00240310539160634  0.00251643139185718
  0.00263846517278480  0.00276985096146072  0.00291007642866055  0.00306262444100220
  0.00322340086739743  0.00339354087269014  0.00357639196813040  0.00376749273486737
  0.00396962260596154  0.00418106229650042  0.00440435859797361  0.00464981604431123
  0.00490881641047835  0.00519547788698332  0.00547891437894854  0.00580957230925496
  0.00616556154913058  0.00655714000086253  0.00699963102536873  0.00748736677868233
  0.00801579019355840  0.00858498599577633  0.00920325635201352  0.00985175253218536
  0.01054141541719279  0.01132060369660051  0.01219977987945095  0.01317489304192832
  0.01421544414410223  0.01532522383460811  0.01658676691297825  0.01804803391743205
  0.01965796770334436  0.02138945406874000  0.02324573593156940  0.02533449888233374
  0.02773075196649644  0.03054850976942848  0.03413415987792385  0.03871578336766925
  0.04410525126485855  0.05025413642491806  0.05810209778530873  0.07048407539483981
  0.09215254308531641  0.13185397647378405  0.20753180942985133  1.00000000000000000
  0.00060616024386483  0.00085362277760634  0.00099695449647384  0.00114562689476799
  0.00136663260644667  0.00154960251989815  0.00174134262214598  0.00195000485836745
  0.00219290106897533  0.00246896650674462  0.00274162203956151  0.00302543555026831
  0.00331276349090957  0.00361657969867259  0.00392874180800930  0.00425684330721787
  0.00459237753182073  0.00493656683102875  0.00530387000483679  0.00572225795582069
  0.00618243769146762  0.00666374958643163  0.00716284077180203  0.00768777382310542
  0.00823464577608715  0.00881494810592843  0.00942229469983818  0.01005771910747367
  0.01073966759177004  0.01146678578391671  0.01223897537366289  0.01304317349723935
  0.01388773992627423  0.01475064339740132  0.01563862317125963  0.01656950232583495
  0.01754688829333129  0.01854949617455378  0.01956299657069718  0.02062291292361590
  0.02176880586604023  0.02297223228241561  0.02418301012697417  0.02542114709490346
  0.02666165340771839  0.02810400920948403  0.02958328689552135  0.03111227468533386
  0.03262218727561837  0.03420107901428540  0.03584341118928792  0.03749460749274916
  0.03911250526827561  0.04076642705697259  0.04245360005634165  0.04424724442517910
  0.04610710907296936  0.04797830662005249  0.04991872008321660  0.05191712442722525
  0.05391352323582520  0.05594445755116537  0.05812148227447226  0.06039669303151288
  0.06276773808234282  0.06526657285048970  0.06773106993893407  0.07028250404045093
  0.07285841129190813  0.07540411431144155  0.07798034727756083  0.08073069717650093
  0.08367657688528907  0.08653812206567932  0.08944008560700976  0.09245455084987288
  0.09562498203812783  0.09896256526085817  0.10243103500015258  0.10619771525667052
  0.10969490126078525  0.11348514853154895  0.11735481429259101  0.12106364606997508
  0.12474785874294866  0.12876415941973043  0.13321402069853880  0.13764966551602995
  0.14244635442385487  0.14695235236432552  0.15222493058700737  0.15792047983388130
  0.16430647216552582  0.17242779466678906  0.20406996966181340  1.00000000000000000
 -0.00164444375374881  0.00514672346136471  0.01194812060878420  0.01865555879147894
  0.02554959239813427  0.03289387824550048  0.04067939175384579  0.04881655304699162
  0.05728297780420435  0.06557188740628955  0.07394973214091663  0.08220400667495065
  0.09047862872960390  0.09850913561685158  0.10673928671697622  0.11492913663335014
  0.12309968979412415  0.13155154521993384  0.14081560323917638  0.15128846374870666
  0.16224537227200103  0.17268280701716704  0.18294381951964006  0.19350270541982401
  0.20445796033917468  0.21590206813256910  0.22759580194222873  0.24005253562320308
  0.25255088671723191  0.26418192226722820  0.27557684547642780  0.28696413187418252
  0.29835987829925464  0.30947206566162644  0.32136692590598209  0.33449471171181300
  0.34826550382406496  0.36227478415806941  0.37662964536527682  0.39095278630871672
  0.40543840226938638  0.42017679442661177  0.43474712692497569  0.44897701225000614
  0.46269307421877226  0.47660137704854327  0.49133897525417175  0.50632703831544135
  0.52094968140764264  0.53550542027750869  0.55003664248295958  0.56442587358624874
  0.57875421940598171  0.59306083555277700  0.60734979161791747  0.62107822718952133
  0.63380940795681640  0.64580539565137896  0.65824726036371684  0.67089047525757761
  0.68367455110925091  0.69638998251777406  0.70916729879699192  0.72153504361932996
  0.73364114931361069  0.74593914059614974  0.75776785026656646  0.76906138343272168
  0.78001002257637153  0.79047035113041231  0.80031446340874912  0.80977166114518984
  0.81935665689318238  0.82914360697611611  0.83911039347080418  0.84870778228903443
  0.85813700667745818  0.86751394224698852  0.87662603644227077  0.88532734894555809
  0.89389395686003204  0.90213772449131246  0.91045258791722605  0.91834063622376672
  0.92608761761383307  0.93388639195200041  0.94153409473585070  0.94868076949245583
  0.95538539623351548  0.96194262147920373  0.96847940810814082  0.97508074075682671
  0.98142954695816875  0.98759357578953655  0.99371183258958129  1.00000000000000000
 -0.00233863263356166  0.00961619145016338  0.02001069233348175  0.03093650150681337
  0.04171030071178257  0.05264337119735172  0.06357661303070421  0.07413362721696290
  0.08497590993531544  0.09554157343050436  0.10616891823053400  0.11639597422938798
  0.12672056017312822  0.13722214211384270  0.14787651450467704  0.15867740322941823
  0.16932584266749900  0.17983093281059442  0.19063573852948590  0.20219285092412007
  0.21385152903511082  0.22526426490090848  0.23606347974633557  0.24664893916825870
  0.25682684059885857  0.26702828205823292  0.27735301805625728  0.28798353394429677
  0.29828572443949103  0.30889883763582565  0.31984469060659398  0.33117142667970345
  0.34291277556476457  0.35496761525993176  0.36604240858341736  0.37642083450865949
  0.38641329861876700  0.39689902019984530  0.40711523783756937  0.41725823329514927
  0.42719009182918671  0.43747638826159446  0.44841956628872520  0.45935277294783911
  0.47065108041289350  0.48187539395484957  0.49237159074742637  0.50250915829988874
  0.51242622449802855  0.52238991168574334  0.53268588044019183  0.54355623163371147
  0.55507323715593349  0.56623174083767625  0.57658554340017565  0.58647040380872972
  0.59653857642880326  0.60659241386072738  0.61716813194421205  0.62815083313724174
  0.63948406052855578  0.65074062116216658  0.66158273136038204  0.67270163529817495
  0.68334924990721968  0.69346030735547937  0.70320673792110611  0.71315334061742275
  0.72349481974482899  0.73406078911125650  0.74417570590901205  0.75421179427749641
  0.76446781052835577  0.77482414538315636  0.78555621403920928  0.79613051241477406
  0.80707262472662800  0.81785127245333855  0.82872143603223858  0.83903682219641185
  0.84956980060070586  0.86007696665093170  0.87037974428440046  0.88025587035465747
  0.89017742289360535  0.90032819453137236  0.91047006265023633  0.92047320070526195
  0.93067078768716149  0.94116958743300794  0.95077236794244901  0.96056725318761271
  0.97009126779112376  0.98026550673827773  0.99000769328507587  1.00000000000000000
 -0.00228033220225829  0.00928630909806247  0.01927925749851630  0.02991578624775080
  0.04041846444284224  0.05091479879798405  0.06127473222520861  0.07210357894950477
  0.08325134499136948  0.09409863737008817  0.10535086860772971  0.11574103799968292
  0.12580205770528860  0.13485038289346779  0.14394962992312296  0.15338335307425210
  0.16340143990649925  0.17367202162915613  0.18404918280392701  0.19455158388188704
  0.20558613453554228  0.21664215558237249  0.22764028036599362  0.23884139336761434
  0.25020996185480082  0.26078558107162542  0.27125264864251231  0.28161463377309376
  0.29235633509514253  0.30362361051669012  0.31539813800603500  0.32750874225935073
  0.33893479427479872  0.34993766347510136  0.36054512403869299  0.37090941606556627
  0.38120312038540327  0.39178323079053712  0.40276101904177153  0.41347841641474936
  0.42390370312701836  0.43392052889314969  0.44408412661044216  0.45430909539905823
  0.46460295236171739  0.47481744289287331  0.48532255576399114  0.49613747089075921
  0.50707043944383434  0.51812904947426697  0.52908733331501301  0.53975744636134804
  0.54998022686968984  0.55985676693754938  0.56974743503777547  0.58001812421346444
  0.59100030597577125  0.60260162460595068  0.61396890846563501  0.62467832221202357
  0.63514570837394968  0.64566917676335445  0.65619570740729227  0.66626869227270213
  0.67605923084047559  0.68606598959876774  0.69663389302247158  0.70765426141989340
  0.71859440202445724  0.72958792383064397  0.73977857930897328  0.74954423571892759
  0.75922129102996117  0.76943123600902230  0.77977726763047128  0.78988446690577641
  0.79981996808369094  0.80980123592644060  0.81981396985691024  0.82991784195731932
  0.84002145321978205  0.85022604710875116  0.86089747664347105  0.87200582087721401
  0.88349071643528565  0.89480851638311887  0.90571874627310145  0.91636978492066357
  0.92655579428090884  0.93680471345991689  0.94733199202048302  0.95794747267165659
  0.96845992461890784  0.97893226810312362  0.98921050657428478  1.00000000000000000
  0.76736398004376594  0.77733463060236208  0.78184400890825523  0.78518771518266572
  0.78785692471687230  0.79043591141587610  0.79310638216924867  0.79669528003878931
  0.80026670109354248  0.80320878128293971  0.80590123290200122  0.80872229075428648
  0.81178566402210883  0.81483113863324608  0.81795429669822861  0.82086866803247127
  0.82364897177485163  0.82618131518552396  0.82873727687690990  0.83126069418520065
  0.83376012534755395  0.83616531029397301  0.83857951312408696  0.84118025826431075
  0.84416608450793540  0.84677022561887283  0.84903627549052063  0.85126585893979334
  0.85349036619413676  0.85581866020410113  0.85794528474001952  0.86010655335280428
  0.86228192145528371  0.86440046062322740  0.86666874339085864  0.86872465805213017
  0.87080403249179461  0.87281508014122933  0.87485501351148931  0.87681218377384040
  0.87864300719474908  0.88050474113740540  0.88247851690782342  0.88464336336855875
  0.88677851764790883  0.88881797880622748  0.89073663553519011  0.89263770363014250
  0.89463205809487856  0.89667693349362187  0.89874629392409411  0.90072751161117992
  0.90261125182940294  0.90444137079425491  0.90622854122059693  0.90807803669008591
  0.91003620336309787  0.91204070759003231  0.91400975893362335  0.91593117813534697
  0.91780100844866952  0.91963491743811809  0.92144698638365474  0.92326178558969119
  0.92515240120215558  0.92712510343400656  0.92910285809841453  0.93104015512645333
  0.93293719701992395  0.93481826360856279  0.93666606669802821  0.93854157718055631
  0.94043319875827924  0.94237569585065906  0.94440259183134290  0.94650017437336098
  0.94864917839892571  0.95080203705508215  0.95297252562921497  0.95516315918486561
  0.95732222025775393  0.95952404549079084  0.96176184198756465  0.96399952437389491
  0.96628050239159924  0.96859723579548584  0.97094984714548604  0.97332661753978278
  0.97571620632287992  0.97813354365606742  0.98059760998495760  0.98315248795466348
  0.98574666363322794  0.98842507225390464  0.98913351157119234  1.00000000000000000
 -0.00187248711824138  0.00789549216278247  0.01666806305782083  0.02537183214930978
  0.03427733267326254  0.04315316135490670  0.05212505156353455  0.06110124436612548
  0.07002706266436060  0.07889911643148943  0.08768466921702558  0.09638683264099826
  0.10489256671974978  0.11328927766794805  0.12182444464971438  0.13064175719903814
  0.13972977543527249  0.14898367608522584  0.15841966956566630  0.16781394728446830
  0.17713836029175622  0.18669480545940417  0.19662672022236011  0.20707327422561728
  0.21763752683505608  0.22804007191863351  0.23841178599247606  0.24870092665840518
  0.25918499353259089  0.26978413830528619  0.28001777222354796  0.29001848796901697
  0.30018350719292053  0.31086957031833540  0.32183396337624987  0.33280455934172970
  0.34401231116417341  0.35582335856716096  0.36841974662964722  0.38183202867878457
  0.39576794667254189  0.40987397908428413  0.42383367250413162  0.43748000087789340
  0.45079169567370109  0.46349997941146792  0.47624244080034428  0.48963126738277762
  0.50320816291111625  0.51632868906063289  0.52929365660595251  0.54205651414825540
  0.55592287393742723  0.57047858180660171  0.58564352149058785  0.60057774380767137
  0.61496955314145385  0.62870536499033780  0.64137160298650042  0.65329689214426301
  0.66522329090814436  0.67706663493446140  0.68815162112863770  0.69831146692682788
  0.70819180158760764  0.71830756136780938  0.72851303615079588  0.73866851253489285
  0.74867321946171805  0.75897792952828735  0.76912184630300573  0.77877964900465246
  0.78844544818501083  0.79804867840824023  0.80738821634776881  0.81615480158478204
  0.82470030761627167  0.83351670815056345  0.84275071273942093  0.85229696795437571
  0.86190242534149086  0.87143918419945843  0.88091107719202089  0.89036873947890438
  0.89988802694706149  0.90940600845258968  0.91881648207613587  0.92815715772118135
  0.93743332229387577  0.94647051680598138  0.95526597962607462  0.96427182259229804
  0.97342946524202567  0.98264301153317346  0.99146977966041450  1.00000000000000000
  2.23077212057905241E-010  -1.0000000000000000     
 T T T T F F F F F F F F T T T T F F F F F F F F T T T T F F F F F F F F T T T T F F F F F F F F T T T T F F F F F F F F T T T T F F F F F F F F F F F F F F F F F F F F F F F F F F F F F F F F F F F F F F F F F F F F F F F F F F F F F F F F F F F F F F F F
  <DiscreteSampler_grid>
  grouped_processes
  1 # 1 for a reference and 2 for a running grid.
  10 # Attribute 'min_bin_probing_points' of the grid.
  1 # Attribute 'grid_mode' of the grid. 1=='default',2=='initialization'
  0.0000000000000000 # Attribute 'small_contrib_threshold' of the grid.
  0.5000000000000000 # Attribute 'damping_power' of the grid.
 # binID   n_entries weight   weight_sqr   abs_weight
    10   10   4.656549688469716E+002   7.433438438270690E+005   4.656549688469716E+002
  </DiscreteSampler_grid>
