  0.00000932395504895  0.00001013213399504  0.00001126903549234  0.00001235894632103
  0.00001352774936223  0.00001470563251093  0.00001597898052680  0.00001743897426622
  0.00001897685346823  0.00002074216983372  0.00002265577979646  0.00002472014846239
  0.00002690117647550  0.00002917615981819  0.00003142233485404  0.00003367302561814
  0.00003592955048739  0.00003822907574950  0.00004054970734109  0.00004276214967567
  0.00004480899652598  0.00004673069612908  0.00004859021586969  0.00005052542980626
  0.00005252751227651  0.00005457297194318  0.00005663433705405  0.00005873392965879
  0.00006073205138119  0.00006260306444436  0.00006461510169401  0.00006672253275487
  0.00006893855547721  0.00007124192103658  0.00007370937448964  0.00007630628092639
  0.00007895122326506  0.00008153448335676  0.00008419961068075  0.00008696214088331
  0.00008996148957327  0.00009313124313048  0.00009639737520344  0.00009973409865019
  0.00010328462397427  0.00010708613945577  0.00011110257990553  0.00011537816254700
  0.00012023162151506  0.00012600847234301  0.00013159731740217  0.00013746266637988
  0.00014349818557311  0.00014967930068240  0.00015591282654420  0.00016249414061402
  0.00017003500547974  0.00017789333451540  0.00018558097118900  0.00019491637196348
  0.00020442043166503  0.00021475006435265  0.00022616545926419  0.00023880679006531
  0.00025266117232612  0.00026736335166212  0.00028265115698274  0.00029815625792728
  0.00031555360407463  0.00033409038467071  0.00035452686953936  0.00037888335723083
  0.00040460567400404  0.00043534285229151  0.00046883859026162  0.00050657733419354
  0.00054887686084655  0.00059666434840757  0.00064889194829876  0.00070891028230793
  0.00077926121981718  0.00086446669093780  0.00096453093517238  0.00108197272009176
  0.00123230714806022  0.00142979131615879  0.00169060404350720  0.00202330102438564
  0.00246244872410525  0.00307396717028058  0.00405552153823481  0.00588164970694778
  0.00988845580504233  0.02843006311709559  0.95855687154863467  1.00000000000000000
  0.00000467752554024  0.00000685767313154  0.00000846052645052  0.00000991687610897
  0.00001111741130837  0.00001252810115082  0.00001397566454612  0.00001539449331759
  0.00001684223470746  0.00001826590173436  0.00001967773157237  0.00002109417772570
  0.00002248877786155  0.00002389430838343  0.00002531685597352  0.00002669923800762
  0.00002810265123105  0.00002959334818168  0.00003121125945436  0.00003327146761166
  0.00003533302579871  0.00003742869587737  0.00003938980802548  0.00004141033956710
  0.00004353813689965  0.00004596428249053  0.00004866212365701  0.00005154630488743
  0.00005442847177948  0.00005759031596909  0.00006109233883596  0.00006481415176707
  0.00006883244468138  0.00007315568940486  0.00007769647821939  0.00008262067201263
  0.00008801765900149  0.00009357437174007  0.00009929679575652  0.00010536621786965
  0.00011201740757440  0.00011937392563927  0.00012717358486112  0.00013559160889678
  0.00014461105017861  0.00015437420741057  0.00016500319183581  0.00017622446912264
  0.00018783322016235  0.00019998258063650  0.00021292653550945  0.00022674708580676
  0.00024110257877102  0.00025640240780708  0.00027309095772720  0.00029136192987672
  0.00031148300424059  0.00033288876107949  0.00035500329051328  0.00037864103480333
  0.00040510482944669  0.00043475964591866  0.00046778705550299  0.00050412937443166
  0.00054235945785579  0.00058265649137424  0.00062735239882073  0.00067869953637403
  0.00073748694550811  0.00080316405063311  0.00087391092504229  0.00094956143942429
  0.00103501317131423  0.00113307236382295  0.00124228567729168  0.00136588242800792
  0.00151003575985368  0.00168074725557774  0.00187760167359130  0.00210373990129140
  0.00237456177083315  0.00270398732491447  0.00310169701687787  0.00360396029983086
  0.00424848321082080  0.00499952570987780  0.00590837738259915  0.00713996278116993
  0.00869852700506195  0.01088376367393333  0.01498942526550099  0.02244941776540497
  0.03698274715340678  0.07089722771622821  0.20385267131723206  1.00000000000000000
  0.00000945826440558  0.00001092030347534  0.00001259233858023  0.00001430322861471
  0.00001597007620026  0.00001752155520359  0.00001843725032028  0.00001931139514532
  0.00002014586217108  0.00002100040143517  0.00002193398170595  0.00002299550959813
  0.00002442624420955  0.00002658503224502  0.00002899870218278  0.00003140842389803
  0.00003370369853955  0.00003546117869297  0.00003702289887187  0.00003851960274647
  0.00003986233027475  0.00004141245515416  0.00004299865338256  0.00004456485136018
  0.00004611298543587  0.00004767400092615  0.00004932100137889  0.00005106782088104
  0.00005287580234383  0.00005479231652732  0.00005682449030350  0.00005888648509781
  0.00006095187406696  0.00006307007778209  0.00006530604427247  0.00006769553584931
  0.00007020175474039  0.00007281202988545  0.00007554267380328  0.00007837518437163
  0.00008128715271662  0.00008433471229503  0.00008762654348250  0.00009119497973539
  0.00009492061966796  0.00009868902259371  0.00010265655458527  0.00010701462247018
  0.00011150424517900  0.00011590888690069  0.00012072826609785  0.00012599326847436
  0.00013137311500559  0.00013690612325258  0.00014309937545307  0.00014973855783438
  0.00015666221532701  0.00016448427466403  0.00017285050330832  0.00018178257446798
  0.00019148291294551  0.00020177877761560  0.00021270552712451  0.00022460424920838
  0.00023748688687193  0.00025092845596852  0.00026603293725318  0.00028172884548460
  0.00029865925889122  0.00031794989900607  0.00033917314196651  0.00036337739570091
  0.00038979751111798  0.00041998964810357  0.00045492657948344  0.00049376289155094
  0.00053779618387852  0.00058702135776798  0.00064298475320346  0.00070640087251281
  0.00077712896043718  0.00085833188303626  0.00095114319639757  0.00106490875301290
  0.00120503103157978  0.00139657306151852  0.00164109971085016  0.00195644078073147
  0.00237545250510726  0.00297373749814776  0.00385929573219817  0.00545685784382165
  0.00799391272401805  0.01356745422765206  0.04283022569481336  1.00000000000000000
 -0.00205822776279939  0.00856861959568494  0.01932520293391526  0.02929614453192120
  0.03963456446449967  0.04981693486250195  0.05950455462328601  0.06912031904119208
  0.07845108427486380  0.08803103995219616  0.09772202549244544  0.10769302881846048
  0.11809740487002764  0.12871829193792661  0.13956366268739107  0.15040615103549604
  0.16136099537112542  0.17269384963519163  0.18418140167461425  0.19555430831112280
  0.20658851726961536  0.21812715461013735  0.22977212833837585  0.24099629036952327
  0.25217779116467415  0.26334829165058188  0.27449509570287839  0.28491458549181481
  0.29521724077182310  0.30511286547271016  0.31593659036632926  0.32705136617696801
  0.33765104531914869  0.34771077879511136  0.35793929263731405  0.36888888111054080
  0.37972495257112127  0.39005139012041812  0.40022433061391566  0.41096455044350794
  0.42194489048278994  0.43327812035276664  0.44319235636510956  0.45250991876137631
  0.46208350493607853  0.47184375989115102  0.48166081471070643  0.49145006486336135
  0.50153498472674662  0.51248943230918786  0.52387843688056313  0.53453350004827949
  0.54514242666288915  0.55550131462907382  0.56591366848100932  0.57630492383478504
  0.58664966876864622  0.59688780816117626  0.60729113734602769  0.61746913248661484
  0.62759167904911806  0.63769314531740462  0.64832317167735498  0.65941051282358698
  0.67027934622419749  0.68067694232970788  0.69079834087041436  0.70081546711094123
  0.71077708711171772  0.72064689077943933  0.73032106672021169  0.74028520369965334
  0.75050468948087301  0.76107569477366088  0.77190854209431148  0.78273797076091012
  0.79313054471795108  0.80352320117323295  0.81435150171925452  0.82568203143217667
  0.83717974124222116  0.84878385800207523  0.86042214163098130  0.87188168021409929
  0.88227816862987873  0.89301658117359939  0.90344030452171598  0.91346723662496665
  0.92476061014833111  0.93513311361685547  0.94548096829422523  0.95585966209697515
  0.96747386339101837  0.97869331744657784  0.98975665731518969  1.00000000000000000
  0.00009333057737473  0.00022800187905856  0.00069469989690154  0.00121034447973424
  0.00171058544347399  0.00225805012177932  0.00283716633258842  0.00343861399903820
  0.00405713039698798  0.00471566311843653  0.00539604341742996  0.00608302739253419
  0.00686798101971055  0.00776502081125438  0.00873767436576410  0.00979633023186653
  0.01095271691135302  0.01218310813435155  0.01350010479826531  0.01492310107105328
  0.01645051928637072  0.01805010128836973  0.01969014956590554  0.02143605543567181
  0.02327001982083950  0.02517676639422919  0.02716127097642208  0.02923608391248734
  0.03142943978394629  0.03372459281039292  0.03607618695342808  0.03854269602097386
  0.04114542806873649  0.04400194263138336  0.04704344851007780  0.05021033502993467
  0.05349250193376275  0.05691225565474119  0.06048973412656519  0.06423607181665036
  0.06810840124001848  0.07203759788700706  0.07609139252134764  0.08036210799899712
  0.08517365111299249  0.09051153911424642  0.09606473100530034  0.10198299272620394
  0.10796891224463528  0.11462218377102441  0.12152755287729833  0.12899038568648799
  0.13687232350003148  0.14464525809708348  0.15268292529803643  0.16127417863112042
  0.17053760037125598  0.18027448970001306  0.19000050550378667  0.20021311910147083
  0.21104552662818629  0.22223291137513210  0.23368745426967799  0.24564142680196344
  0.25853350922750107  0.27202381246243224  0.28636079216837068  0.30111904236512949
  0.31584197381801699  0.33111847693563606  0.34688846753136982  0.36359241287715549
  0.38044609380126926  0.39804021054100985  0.41665461143109001  0.43515868074051339
  0.45414679255839085  0.47359674865274159  0.49369057355937890  0.51575429823590757
  0.53997526565963327  0.56541905609901932  0.59086725231957671  0.61603625110788462
  0.64175270936852535  0.66960369397399377  0.69785527803309266  0.72625331932524639
  0.75504023008544630  0.78579284702740004  0.81926670389157663  0.85204910168811776
  0.88553331982775696  0.92041798280437748  0.95782800971102511  1.00000000000000000
 -0.00282088114212655  0.01056277703607142  0.02210251755165366  0.03411789965035061
  0.04492748830905752  0.05479652297302789  0.06466511580925569  0.07532661108347485
  0.08577617313160227  0.09612273158502740  0.10590761639267043  0.11693633530649057
  0.12805023892269571  0.13642875533902801  0.14700972796865777  0.15700067129282927
  0.16642626168789576  0.17555511753971900  0.18483731627698677  0.19474599503400167
  0.20503220819819346  0.21505813858465730  0.22493666554566946  0.23473285872155847
  0.24460059873544096  0.25457532285407081  0.26468780753591026  0.27476898170100517
  0.28438003253564997  0.29383129271875041  0.30314744818375866  0.31343698647987794
  0.32433805000763510  0.33530354623207670  0.34549281834604345  0.35577765694338026
  0.36632897442580692  0.37764463551165611  0.38821890621397165  0.39791394990067741
  0.40782618456078817  0.41819527312221971  0.42963848607325050  0.44115666967847500
  0.45147480293384140  0.46140417106222975  0.47123615329438806  0.48122684607407862
  0.49135446140258487  0.50176053115946262  0.51231665595147846  0.52287795262523062
  0.53351431371103286  0.54420780014912795  0.55500620969733860  0.56601705255134360
  0.57727374039354762  0.58844459084754919  0.59915520394657085  0.60956510009268927
  0.62015565172091547  0.63084407117281860  0.64186284247526459  0.65364722856525370
  0.66564356080408782  0.67684846333919513  0.68666358400841476  0.69511093132388846
  0.70338281295599325  0.71253392390184167  0.72241057297397759  0.73237010834534366
  0.74223895270553830  0.75242839166398978  0.76317364577312030  0.77382217792309060
  0.78413777040502552  0.79462923932926166  0.80545813630481977  0.81637025337260771
  0.82716732139891302  0.83804204326036058  0.84922593482061270  0.86045030796110145
  0.87156294079240970  0.88287621577426756  0.89430757684500639  0.90634706095314543
  0.91799784995697142  0.92962682038901712  0.94102451670304688  0.95274872307401726
  0.96433518006535124  0.97617065353657928  0.98789691051501161  1.00000000000000000
 -0.00013429134878703  0.00028999637412730  0.00114616551588436  0.00242511749866272
  0.00397702113815956  0.00566088711530666  0.00754849187609265  0.00978667895743212
  0.01235633911368086  0.01515288188037466  0.01815398348099841  0.02143745636105403
  0.02502169018351568  0.02881700596020188  0.03279799805326378  0.03693590850977914
  0.04127907091286475  0.04620843307630297  0.05157298442173755  0.05694441874201522
  0.06266418037920385  0.06893850333768564  0.07553574144250318  0.08252925786542155
  0.09023756028294298  0.09852476670621342  0.10696636949469251  0.11564690964728998
  0.12452119750151244  0.13378121057194753  0.14326272107424334  0.15305748460525151
  0.16346593996029768  0.17460097371606259  0.18587396517621033  0.19675229387632154
  0.20761115036699895  0.21880378659439154  0.22994256613895322  0.24167168877091721
  0.25401224767185732  0.26632466494146012  0.27877970497428523  0.29167352281009606
  0.30510274454455905  0.31864461108777165  0.33231951858765330  0.34553237279083188
  0.35835383013099786  0.37080850887111694  0.38343778685382263  0.39630411818658179
  0.40908563020641220  0.42335273816459645  0.43707123151231031  0.44979856267994445
  0.46213010323756881  0.47574695217765089  0.48959123310899683  0.50351459845847868
  0.51731291979725058  0.53143889834836555  0.54570248706393942  0.56026011567160761
  0.57398203855064855  0.58771225005209438  0.60122124886086503  0.61479319403934574
  0.62888722064117009  0.64342834695065465  0.65748611197518048  0.67128874349196355
  0.68515848482129527  0.69947299148862940  0.71347718036818775  0.72710813013198439
  0.74003623043995370  0.75330667212699032  0.76657801723219321  0.78023138649733348
  0.79389910505297201  0.80737351527717649  0.82088342133546399  0.83421153806867099
  0.84671987745744304  0.85883590195687343  0.87049173591622431  0.88261754988641683
  0.89598442338143591  0.90917085553393406  0.92189813622614558  0.93409979373048080
  0.94456237093156437  0.95035592646675182  0.95624345527585985  1.00000000000000000
 -0.00431418009655122  0.01776923072417071  0.03584844383089843  0.05309081785306785
  0.07043396642253832  0.08732255228388267  0.10481155223088022  0.12140014104968448
  0.13711524686856402  0.15225600369451919  0.16716827509737506  0.18017459318687007
  0.19192240469521105  0.20295293926571950  0.21439103772309528  0.22655336995284375
  0.23979895659501077  0.25268787673389487  0.26487579789073717  0.27662257350913289
  0.28817662497696894  0.29953027923526371  0.31072974134308035  0.32128964455564490
  0.33137178983943572  0.34084762595062801  0.35008092040746308  0.35905692360066555
  0.36774053310934590  0.37613030844877549  0.38433314395992546  0.39248218921164491
  0.40033300623824197  0.40778666583554818  0.41493809313151331  0.42197537037786820
  0.42884571033932212  0.43555476021067419  0.44220151024567267  0.44882881589535506
  0.45546368988119168  0.46193144486016258  0.46805937299212275  0.47432428968292295
  0.48016409519031572  0.48582594108064708  0.49158227564151358  0.49765676908384759
  0.50363928585942941  0.50970905191222970  0.51581503347666247  0.52163136466613991
  0.52718771822539479  0.53258335474098917  0.53815080785355662  0.54402478620499761
  0.55000585357786780  0.55592837663796557  0.56187954512880911  0.56815943675190228
  0.57485058817281875  0.58172814435210574  0.58864109548178190  0.59581440946812703
  0.60336103473629199  0.61112417618743986  0.61890166600677177  0.62669807187108473
  0.63498777848130517  0.64393674412776836  0.65363011267174520  0.66491661056676798
  0.67548045602707096  0.68603000657849000  0.69703495980406527  0.70827171101810471
  0.71990075946832144  0.73206265095631395  0.74480028126981446  0.75818898284941150
  0.77163257765550186  0.78513129373416712  0.79858248007464494  0.81183176485606134
  0.82573893066609516  0.83994483625200544  0.85469329760209500  0.86979756162538913
  0.88511649647750812  0.90137770115039217  0.91804976328587451  0.93470802853250279
  0.95128890851066583  0.96817765951964119  0.98416390408067300  1.00000000000000000
  3.38388673657701078E-006  -1.0000000000000000     
 T T T T F F F F F F F F T T T T F F F F F F F F T T T T F F F F F F F F T T T T F F F F F F F F T T T T F F F F F F F F T T T T F F F F F F F F F F F F F F F F F F F F F F F F F F F F F F F F F F F F F F F F F F F F F F F F F F F F F F F F F F F F F F F F
  <DiscreteSampler_grid>
  grouped_processes
  1 # 1 for a reference and 2 for a running grid.
  10 # Attribute 'min_bin_probing_points' of the grid.
  1 # Attribute 'grid_mode' of the grid. 1=='default',2=='initialization'
  0.0000000000000000 # Attribute 'small_contrib_threshold' of the grid.
  0.5000000000000000 # Attribute 'damping_power' of the grid.
 # binID   n_entries weight   weight_sqr   abs_weight
    10   10   5.887818232943659E+007   2.357029544135641E+016   5.887818232943659E+007
    16   10   5.608382314842671E+007   2.089136087432683E+016   5.608382314842671E+007
  </DiscreteSampler_grid>
