 -0.00399130323729882  0.01594939883141203  0.03046904720054547  0.04340859036454454
  0.05521701051381737  0.06693047225697199  0.07834024233147106  0.08932871816005526
  0.10018664162362426  0.11128945093156262  0.12264023726951251  0.13358022088621535
  0.14419992501523579  0.15459796007101109  0.16448375418318370  0.17473724375411642
  0.18448624914224543  0.19456028605357839  0.20487326076796358  0.21602678148683085
  0.22758322237944553  0.23850067126337993  0.24920637572042889  0.26053087739536446
  0.27198349879057987  0.28436197541398361  0.29530043393715183  0.30566548089446910
  0.31535099362564922  0.32476637666587954  0.33393000456672584  0.34260473747207382
  0.35111101560557356  0.36014690196777616  0.36978672529107859  0.37920905477132244
  0.38785196145456891  0.39661096902979176  0.40592381594915827  0.41569233544600226
  0.42532738221222915  0.43498289651029015  0.44504929370353397  0.45511451558497629
  0.46556023978975031  0.47616409688456024  0.48643260369449220  0.49598754285117319
  0.50509395639149357  0.51419590397838955  0.52344200375828454  0.53311242707570450
  0.54290983549499394  0.55314243577559796  0.56362652806513824  0.57395136498901278
  0.58444334689780864  0.59435810860341987  0.60405164749899087  0.61362814067533544
  0.62331560397238661  0.63332443094392799  0.64320366805976881  0.65297579033410857
  0.66252984016117955  0.67201358817355261  0.68144917208373945  0.69115835906365375
  0.70157439107252839  0.71199997983286378  0.72273060647020904  0.73381649148765571
  0.74461991280085227  0.75475752048611389  0.76444486386185639  0.77427917510382549
  0.78449351143530577  0.79444345720318543  0.80433027297218251  0.81445415859053938
  0.82508754114482508  0.83565644981302845  0.84631332827367789  0.85742926999179703
  0.86882597143645213  0.88062306479527164  0.89247978461084887  0.90395407519888271
  0.91504756008095256  0.92584644020043327  0.93661382441428398  0.94759859425776238
  0.95896503113742704  0.97130638675764647  0.98471769703577539  1.00000000000000000
 -0.00000953731540195  0.00035646333513224  0.00076058513271223  0.00121474978729461
  0.00165933219988039  0.00206431105029804  0.00248815803323230  0.00295115140234996
  0.00341299619246510  0.00386497694875610  0.00432291245223500  0.00479944554210800
  0.00533441297893585  0.00588791696394921  0.00644136699967027  0.00697507566636694
  0.00751948562791694  0.00813050835711765  0.00875533208910925  0.00940174325180760
  0.01005370187316650  0.01071952935151157  0.01142123321452430  0.01208286074135752
  0.01276266030059746  0.01344784445130950  0.01415793271892000  0.01487944486076988
  0.01562151813901283  0.01643877257895854  0.01729504497306225  0.01813157404750765
  0.01897266507874430  0.01984493522318695  0.02071569980130272  0.02161143999480837
  0.02257794691548948  0.02357102427035433  0.02457962282834634  0.02561230699854585
  0.02667329769404400  0.02776877884927606  0.02890911738189191  0.03010001579434255
  0.03133556900207085  0.03259443104392128  0.03390269974485981  0.03534377354998783
  0.03687747875831011  0.03842448101073233  0.04003218671414328  0.04175469503248194
  0.04350688755682401  0.04525007593831949  0.04703069452243766  0.04891803784020445
  0.05085239824846990  0.05284451717609191  0.05492408501324886  0.05709275748851459
  0.05932197334591768  0.06163847154647429  0.06409933409358555  0.06675136211330342
  0.06942013648522435  0.07215452997168045  0.07503353608588563  0.07803993051671278
  0.08110416457073956  0.08418971557967715  0.08737811180060150  0.09084429535430340
  0.09451888989686989  0.09843487790971474  0.10281642248573990  0.10817090648978801
  0.11333685383033307  0.11937558902622256  0.12558360618169911  0.13198780783517136
  0.13924315379366328  0.14747446862976032  0.15675650395380608  0.16714300808888957
  0.17866342321635154  0.19191138373966754  0.20768628733851954  0.22584025722699771
  0.24707393997258389  0.27477861723370262  0.31038927307843672  0.36271078539645740
  0.44605932924641839  0.58110024995543164  0.83289200012639730  1.00000000000000000
 -0.00001023188260595  0.00039727729151723  0.00085945593755380  0.00129932873977373
  0.00174452018638384  0.00218258454110658  0.00265936237968557  0.00311922137344552
  0.00357385242306289  0.00405370255327509  0.00460261743757961  0.00522189962534705
  0.00585296236690849  0.00647598733518627  0.00708734619857715  0.00769298146553910
  0.00831535996608625  0.00894751295427918  0.00963606212668577  0.01030139243144944
  0.01102769028661973  0.01174746826930799  0.01251904780591911  0.01327214708921703
  0.01405775804727943  0.01485933073339469  0.01567606327042074  0.01652074538401963
  0.01738624317766004  0.01826858152760845  0.01918694222155096  0.02013020291839541
  0.02106844891993813  0.02200907120019088  0.02297662667120919  0.02397540240507580
  0.02498539246598565  0.02602161348042771  0.02706674938680054  0.02811122203248148
  0.02920496908877834  0.03035557873635578  0.03154575150390445  0.03276474086271203
  0.03401831721569502  0.03534584524966590  0.03677358005427168  0.03816295059964513
  0.03957304688007927  0.04108450263304499  0.04281166609631740  0.04460026380243651
  0.04650471576018703  0.04853668678614429  0.05058124744540271  0.05257683717453562
  0.05470544768099873  0.05696679091272539  0.05938809236128817  0.06194471527235144
  0.06459846706687711  0.06731242813952341  0.07006067978462668  0.07295254749518271
  0.07612304679600349  0.07953174691072722  0.08306981831875240  0.08677303712300473
  0.09094303989820614  0.09517387755064349  0.09965426475965770  0.10460527413803841
  0.10979059785845313  0.11501632585617921  0.12067229628243298  0.12674429649911270
  0.13323528031394738  0.14045523758783365  0.14831757391519471  0.15681769082535296
  0.16694096827063928  0.17841283230020100  0.19099050692849265  0.20480855847919108
  0.21973806564405357  0.23593616153070951  0.25453700993544243  0.27698324083741527
  0.30459353060996669  0.34035110114795553  0.38834249711637558  0.45361458710859537
  0.54197808877340470  0.67332447126275297  0.79397951629243790  1.00000000000000000
 -0.00262065318635586  0.01010228077510178  0.02041149620790598  0.03113720600812886
  0.04179228647449341  0.05175428563579382  0.06179609781339856  0.07166254507252807
  0.08171747031529651  0.09119870616649341  0.10052388463631078  0.11023172006366945
  0.11978374486608159  0.12989087308626115  0.14015032950525155  0.15070750079785722
  0.16156219902108573  0.17369938940989119  0.18593780921171402  0.19671232048318824
  0.20669194427388793  0.21695538656928884  0.22743321218955989  0.23800104501125124
  0.24848251637089594  0.25898395236442806  0.26965876660254839  0.28052143673784485
  0.29147589945593061  0.30241708215641488  0.31345926962851711  0.32475091326009287
  0.33574056511120687  0.34616195898025826  0.35603914822131283  0.36588229648450343
  0.37617508021222540  0.38663393811630997  0.39701332503584313  0.40711940346965086
  0.41727599641953644  0.42738184101426829  0.43750300338321885  0.44740016092939561
  0.45728081414754795  0.46758797095902283  0.47872173540162832  0.49057432991028149
  0.50194988785201222  0.51301514509121360  0.52436839302249305  0.53619641360875259
  0.54822725187377064  0.55997195537883171  0.57132698699322448  0.58252597510849391
  0.59295291896650448  0.60300120106323229  0.61305994863036628  0.62317264046316079
  0.63287146467512556  0.64241344796004773  0.65197539463600240  0.66176297136412243
  0.67188631964952428  0.68292750925315127  0.69464601544705185  0.70622254918241489
  0.71745815352037079  0.72843131839664965  0.73909185943406996  0.74970364726462146
  0.76028904768734862  0.77064134068437207  0.78097008536256052  0.79169911332713216
  0.80234183386056968  0.81315711183745443  0.82419995350156594  0.83538227273742527
  0.84642027878255788  0.85725936791912649  0.86874880258140097  0.88002301859116772
  0.89165146643555138  0.90323464224837313  0.91415961093271936  0.92438176987210996
  0.93418364802076903  0.94360461049055455  0.95293339645915931  0.96247937086522151
  0.97198548888573422  0.98153420561548044  0.99070171348843727  1.00000000000000000
 -0.00256709115215566  0.01031649542794072  0.02116441877584640  0.03210033783313181
  0.04274357549337648  0.05373725794214718  0.06483943167236386  0.07627782625995909
  0.08882269932935057  0.10264359569556984  0.11455761074245059  0.12546750079555236
  0.13550853919132111  0.14542934647748557  0.15520122913914888  0.16479888444533505
  0.17426713710212094  0.18351377970272409  0.19310049410620370  0.20332967623052739
  0.21404659552168873  0.22456922398467621  0.23514421642028027  0.24594010805532973
  0.25648203206176406  0.26670888604770548  0.27742874210278151  0.28923950151442984
  0.30204881694978963  0.31425816335649803  0.32537276530842180  0.33615821650590916
  0.34710107323849398  0.35860685702894751  0.37043932946736480  0.38246036032188385
  0.39401527720663215  0.40497572811116367  0.41535787792183099  0.42529182283147854
  0.43512838335137216  0.44562835499674791  0.45640045263883994  0.46700825262862439
  0.47768546894660635  0.48847884401784447  0.49919104312083795  0.50927425155136208
  0.51899712978648616  0.52859484140701429  0.53826215388170051  0.54831465695252735
  0.55837998395379973  0.56841638849726683  0.57802770789169822  0.58757335615783901
  0.59746027794507750  0.60754341481399232  0.61799601815528638  0.62862936479265752
  0.63939565227749429  0.64976594930694354  0.65980844530685956  0.67019803776897557
  0.68088337797847942  0.69136179485304461  0.70088023448747394  0.70962251585861758
  0.71901631961769463  0.72836427611734789  0.73819712451984365  0.74837097462405067
  0.75773371074420437  0.76695531457731914  0.77617968063082221  0.78583576464695526
  0.79581142828711748  0.80611296601121574  0.81644449751467085  0.82784151364205083
  0.83915217743121062  0.85019173556693428  0.86086370911373777  0.87081084607935932
  0.88101062910553884  0.89179742792068284  0.90231494592861317  0.91251487318171431
  0.92295821540271616  0.93371629126584155  0.94457121320203952  0.95537192930391068
  0.96631489825762151  0.97767601958371697  0.98880185548910993  1.00000000000000000
 -0.00226453136541041  0.00973066009872804  0.01993045517156578  0.02964215470568424
  0.03925382298198429  0.04889575287023989  0.05878523167612750  0.06821874331836712
  0.07728566191626753  0.08655584196973665  0.09702366622602991  0.10743483237500677
  0.11796125122012741  0.12838547730922595  0.13853379290067880  0.14867359209269851
  0.15858927858154781  0.16855227699426301  0.17849338504501291  0.18830533427968540
  0.19794345323576787  0.20770747539673284  0.21758876760145915  0.22729830353349900
  0.23672915923084756  0.24616071082800645  0.25614908238614242  0.26653344704104542
  0.27724887869486203  0.28872630726261039  0.30127306479285898  0.31406559553112473
  0.32614589861343629  0.33805531288143226  0.34979202548410887  0.36175928920312556
  0.37402086575238730  0.38620145272288897  0.39820907505897807  0.40911664579273138
  0.41984224309910390  0.43071297937229469  0.44102791673994540  0.45071231984865562
  0.46087571459837540  0.47161265370546285  0.48180354717947854  0.49181993386838641
  0.50213482219198635  0.51255918540195922  0.52281244646760439  0.53288995922839566
  0.54310672187649278  0.55296823290803443  0.56283966485606418  0.57376146077272494
  0.58517680747388601  0.59700373805588081  0.60942637500901942  0.62143117127832248
  0.63289956326599695  0.64356684269485809  0.65377848087666679  0.66411651333455046
  0.67466246100429594  0.68522389036883313  0.69580212495629579  0.70598942693492384
  0.71592722578817081  0.72588774361635933  0.73545536090996755  0.74506299088732020
  0.75474811090708638  0.76487044606177390  0.77537118173530595  0.78581610037949601
  0.79652397650168771  0.80785068136459715  0.81989049220332200  0.83200028514943825
  0.84394795411005485  0.85557865878161365  0.86746704417976450  0.87878220962465581
  0.88943614117715009  0.89965469037720369  0.90997428478348530  0.92048393761677483
  0.93093334800290506  0.94099533376581868  0.95061916699442062  0.96024822686277367
  0.97011251300627688  0.98032105940183678  0.99012458844083862  1.00000000000000000
  0.11549547292004947  0.13544094608044219  0.15000557470268067  0.16078323098900726
  0.17016378063415952  0.17852296266714535  0.18618814241151208  0.19299754069902286
  0.19923763603448996  0.20521014907620116  0.21129064161181452  0.21749085933293524
  0.22377174556066440  0.23005548473253484  0.23623426340600973  0.24224736840840502
  0.24806209794532211  0.25379132367037521  0.25947291745563822  0.26503586920232930
  0.27048762261761977  0.27570408661853552  0.28129197909638926  0.28699352446035026
  0.29277078236195431  0.29845802727818188  0.30403854279260284  0.30961530230027606
  0.31516262807931045  0.32071679145156418  0.32612141449780679  0.33170288474202081
  0.33730057240583072  0.34298500290258521  0.34871600192616625  0.35437193646102683
  0.36010917258299963  0.36588362502166377  0.37174603279695528  0.37740339154317148
  0.38283998326395591  0.38831101074858698  0.39381008671122791  0.39946471258888511
  0.40534658456640593  0.41120971979989696  0.41696825981604646  0.42264707982949412
  0.42849615746180031  0.43441278044553749  0.44049189572023589  0.44672896847276405
  0.45283373131089838  0.45913994344352854  0.46534886522112406  0.47153424036107860
  0.47763028294958315  0.48428103729604399  0.49114590065363206  0.49788439168947696
  0.50467168207552615  0.51156280402252341  0.51856017573162594  0.52602953892794369
  0.53377112488647316  0.54162280656000983  0.54951493153803166  0.55766884285282481
  0.56592995737800178  0.57398753318703100  0.58188310139148203  0.58983571409017499
  0.59786936132176993  0.60644506729731773  0.61558247623676721  0.62495525397235963
  0.63458398653715997  0.64445242919801349  0.65459548408400392  0.66499670108367981
  0.67545107798597848  0.68636030370454804  0.69823448621162687  0.71139310959725721
  0.72529448341978864  0.73941121608038385  0.75347435826456810  0.76805938662481532
  0.78337934899332951  0.80103584681843665  0.81960244301259599  0.83869852327081462
  0.85980942954202000  0.88420710968099647  0.92105764917054922  1.00000000000000000
 -0.00312955332256538  0.01427027275580889  0.02888186959032323  0.04397538686536066
  0.05729913062905224  0.07100828029842497  0.08406104873906195  0.09605650434978787
  0.10780621920135292  0.12018466988137178  0.13298052673208632  0.14565992677820500
  0.15795727791382785  0.16990675081283368  0.18178636912076149  0.19367652394230486
  0.20565345336704866  0.21756559609009499  0.22938749407825582  0.24078210343420875
  0.25173560894457631  0.26237127872311128  0.27309812279327678  0.28441792444451114
  0.29634559539368427  0.30887800236577473  0.32080145960920420  0.33182612512716980
  0.34203368990031602  0.35188119078521152  0.36111417148415714  0.37040203924461451
  0.37947272255304099  0.38812950674347063  0.39649788269977060  0.40482060465886482
  0.41331331701290497  0.42153840160411837  0.42965129806340585  0.43776820407080602
  0.44624164829592711  0.45509279089695848  0.46409440438210087  0.47296213820997157
  0.48191838297942352  0.49070906827349886  0.49930335722640262  0.50784241273164676
  0.51636371700765005  0.52491534846828536  0.53347587715420086  0.54199900260444478
  0.55030675353508762  0.55875807340375505  0.56734714402780784  0.57618220919443530
  0.58511955906073421  0.59404116672799911  0.60289951630944805  0.61172428268337076
  0.62066311469705393  0.62988092198349910  0.63978316474993224  0.64948901219320998
  0.65864594659690490  0.66791771604676897  0.67735929536087902  0.68708396602398125
  0.69643542676171077  0.70612470666586935  0.71570629514393336  0.72558410989472144
  0.73596503557209736  0.74657417198658005  0.75617535777074640  0.76572400699005094
  0.77549367933272806  0.78494475233188910  0.79451661229409754  0.80410904517635651
  0.81397876683347958  0.82427174414171012  0.83529069022690328  0.84658119024837630
  0.85734885388828441  0.86805563171057265  0.88013025460047767  0.89394366082829446
  0.90764900045577301  0.92084682646628013  0.93388197040142840  0.94695126202027669
  0.96003384440503647  0.97303738533351991  0.98656008955782459  1.00000000000000000
  2.93711916238632329E-009  -1.0000000000000000     
 T T T T F F F F F F F F T T T T F F F F F F F F T T T T F F F F F F F F T T T T F F F F F F F F T T T T F F F F F F F F T T T T F F F F F F F F F F F F F F F F F F F F F F F F F F F F F F F F F F F F F F F F F F F F F F F F F F F F F F F F F F F F F F F F
  <DiscreteSampler_grid>
  grouped_processes
  1 # 1 for a reference and 2 for a running grid.
  10 # Attribute 'min_bin_probing_points' of the grid.
  1 # Attribute 'grid_mode' of the grid. 1=='default',2=='initialization'
  0.0000000000000000 # Attribute 'small_contrib_threshold' of the grid.
  0.5000000000000000 # Attribute 'damping_power' of the grid.
 # binID   n_entries weight   weight_sqr   abs_weight
    10   10   7.960927137071906E+002   3.308271155191614E+006   7.960927137071906E+002
  </DiscreteSampler_grid>
