 -0.00285405184746440  0.01472892902113999  0.02932276422994649  0.04305639362653872
  0.05604782375256874  0.06924822278490751  0.08230346204997810  0.09359115132605528
  0.10408107256137381  0.11515181199416175  0.12598106820549063  0.13637384089047194
  0.14699056659826384  0.15894044383291697  0.17112400156587954  0.18298720223253515
  0.19493995185395094  0.20655996354729617  0.21759558552646852  0.22732489113986831
  0.23632899475848934  0.24609020862276870  0.25486439230396662  0.26459075791896347
  0.27458487553523231  0.28485459763332982  0.29536316857412193  0.30526977670401056
  0.31556155150068632  0.32672873634180172  0.33838459453950370  0.35029783165915374
  0.36264982971957394  0.37558029898855916  0.38878276941698764  0.40177876124278517
  0.41462135573294628  0.42602802294771580  0.43677662307227560  0.44746044366409687
  0.45901527856204294  0.46985008425704239  0.47995552773379546  0.49029359524462712
  0.50096573095969543  0.51105278644692176  0.52067463734622921  0.53026436600885540
  0.54085524326288326  0.55186335080411186  0.56248642183595166  0.57214246912813571
  0.58171556585630757  0.59148490680517818  0.60180260361037230  0.61221688070993030
  0.62291396083075046  0.63398964591078477  0.64302288357894144  0.65207852232712971
  0.66095732783989969  0.66975108817294648  0.68022827673411346  0.69100727970513010
  0.70271297465286520  0.71436755994116252  0.72572884704307117  0.73710646556946857
  0.74792411400805670  0.75825864002269849  0.76855840187325297  0.77873336059595022
  0.78859396951853689  0.79789578498017832  0.80647748149194076  0.81562194488032691
  0.82473703874009974  0.83423232851410389  0.84425750012524670  0.85522300126120432
  0.86558711129483434  0.87506682115150658  0.88408977443275860  0.89332858761618650
  0.90391197749107932  0.91443714167260592  0.92548371176872546  0.93602280930325610
  0.94740420076588294  0.95762283950988014  0.96703396404705155  0.97557179597427768
  0.98336964759173784  0.98970967384163022  0.99505838965452065  1.00000000000000000
  0.00000169937017624  0.00000215513038440  0.00000248630902649  0.00000277310325319
  0.00000309526526455  0.00000341888307855  0.00000373019768489  0.00000405361991748
  0.00000463383657677  0.00000534899999490  0.00000614482916037  0.00000698389477099
  0.00000780852887259  0.00000866558819720  0.00000964457744338  0.00001075064872833
  0.00001209125039146  0.00001358982240089  0.00001519363031076  0.00001705431311516
  0.00001911373396843  0.00002136585804584  0.00002406036552353  0.00002713630359010
  0.00003081871926033  0.00003481465057926  0.00003923438972112  0.00004397116195611
  0.00004942845426500  0.00005545460339441  0.00006187554514535  0.00006857006904583
  0.00007555578505566  0.00008318203301726  0.00009179853425371  0.00010365730109692
  0.00011690365612931  0.00013086580479711  0.00014446302484133  0.00015894071883186
  0.00017494245454841  0.00019402279773897  0.00021975523653159  0.00024776280400774
  0.00027513741669515  0.00030378725118546  0.00033500500762903  0.00037071467474151
  0.00041311105418934  0.00046117202257017  0.00051297366606978  0.00057175283561872
  0.00063015903189333  0.00069310266004449  0.00076292471244957  0.00084164857587962
  0.00095582205937406  0.00108386357212530  0.00121132831691894  0.00134930235464044
  0.00149699389546711  0.00167113005743133  0.00187431787006140  0.00209959141092449
  0.00235230536615521  0.00264903595904016  0.00298964163657725  0.00337045210203400
  0.00380178989910881  0.00427833436524387  0.00483197117661638  0.00546938426331385
  0.00618188400873915  0.00708289939249965  0.00824133336178420  0.00963500418187454
  0.01142424370256752  0.01337354337775672  0.01577636434930035  0.01862102208141813
  0.02259848030016798  0.02697126232203734  0.03215966028484142  0.03847869678653017
  0.04724616596224721  0.05913641991268834  0.07430525346908738  0.09316406179230119
  0.11846880923569333  0.15494365236350324  0.20347665893413372  0.26875759622997702
  0.35701000396863869  0.46957480473064672  0.62157505698037518  1.00000000000000000
  0.00000071378977033  0.00000185682555271  0.00000247420767709  0.00000337938261760
  0.00000433036296389  0.00000529614852453  0.00000649701662805  0.00000794347400429
  0.00000963092344028  0.00001149772895358  0.00001368905067105  0.00001620388962856
  0.00001909863351823  0.00002234386599554  0.00002623921752774  0.00003073328445192
  0.00003588360479330  0.00004161434814752  0.00004785370998508  0.00005463895576315
  0.00006243914840962  0.00007153181718504  0.00008185179150232  0.00009313866947904
  0.00010616078755195  0.00012104952382894  0.00013839725402832  0.00015738587099905
  0.00017946240072573  0.00020655613128281  0.00023908218154185  0.00027681220831217
  0.00031899081138843  0.00036724787947315  0.00042379238806816  0.00049041952695645
  0.00057026252482302  0.00066376145141351  0.00076864512267420  0.00089355095859099
  0.00104151071421461  0.00121905876802127  0.00142636159125853  0.00165775164735911
  0.00192549863691081  0.00223608616168093  0.00260933621639723  0.00304539125004320
  0.00355464775424251  0.00416191402895671  0.00489380425537678  0.00577717106582977
  0.00680230628586904  0.00804145787708256  0.00957798521167422  0.01143415357603087
  0.01361414682369663  0.01627093030082726  0.01958967500467148  0.02378315832675959
  0.02890519045394932  0.03483222615517029  0.04181482488258020  0.05051295012430902
  0.06155903807574476  0.07538129953478830  0.09212099581288580  0.11285308121410631
  0.13773681041553590  0.16957405680477136  0.21014721443507808  0.25972002206499456
  0.31594202561521190  0.37896531960840085  0.44223357842066491  0.50885368122420283
  0.56732152751754639  0.62341710941787942  0.67681972358515374  0.72543908737066998
  0.76462548588797874  0.79601360412143296  0.82613706424176803  0.85325603102841929
  0.87798793240779249  0.90203812131780947  0.92150885431546803  0.93756073370912274
  0.95132337878027573  0.96356296966003341  0.97045824726691832  0.97699100172310627
  0.98332206919526954  0.98888137946351307  0.99444068973175648  1.00000000000000000
 -0.00198976585731914  0.00709116830707204  0.01557265079953544  0.02403398138691507
  0.03307031992224455  0.04220063961997675  0.05108759399012730  0.06009501266121854
  0.06954708229476483  0.07969637311230793  0.09005574401068718  0.10028896352471459
  0.10922815757953680  0.11806373779679455  0.12703511795098563  0.13655030140968236
  0.14656934437751609  0.15623628554260305  0.16559579513332665  0.17554740712394448
  0.18569725443171692  0.19645523681949054  0.20770696991540524  0.21874074839751670
  0.22866018767935156  0.23817433483605785  0.24785867232048572  0.25800388331204799
  0.26889652280464610  0.27936678503478524  0.28974601110756537  0.30029040455715184
  0.31155232544415745  0.32201706675200614  0.33256011047489220  0.34253205991976693
  0.35338514913462571  0.36529186463161589  0.37660125846515502  0.38612661099889567
  0.39465145513701388  0.40299751836681252  0.41244848459566519  0.42294787972950554
  0.43483657099623951  0.44672789152999637  0.45890961391258794  0.47126053359030695
  0.48251488110152191  0.49416882108991284  0.50573451294503269  0.51905627884151917
  0.53217858890094127  0.54487337436523231  0.55691140407937856  0.56860784066427739
  0.57969531448439049  0.59119226057522256  0.60296441309007820  0.61497182868803058
  0.62737304326851062  0.64000712616021227  0.65295687872168040  0.66601624576172691
  0.67961121781425682  0.69309815654882345  0.70615449772284800  0.71880493392599909
  0.73062359841642599  0.74134911562677597  0.75174259208107730  0.76207191671842700
  0.77257156318225284  0.78303886180534754  0.79397959700372456  0.80620164447718534
  0.81856533126277542  0.83065435715079738  0.84171979223302473  0.85225946246273032
  0.86303608392409947  0.87398606812552693  0.88482108343194277  0.89535985705559540
  0.90674815454958990  0.91684561564691713  0.92640500567540351  0.93551314772859140
  0.94428542922044045  0.95107340059309742  0.95759607581317518  0.96412294428218759
  0.97083753603449985  0.98037478693693458  0.99054107193025098  1.00000000000000000
 -0.00268329821786561  0.01062941563551251  0.02148033433996116  0.03276952408853844
  0.04400667474937449  0.05524953114928576  0.06649344006022441  0.07730881047099716
  0.08788801859474506  0.09773040565475577  0.10716000780567969  0.11665423204977493
  0.12689080972492434  0.13752779019122247  0.14851998097978059  0.15967902123278935
  0.17118393547649416  0.18187235184923076  0.19225440708159455  0.20261507778621232
  0.21318988031822175  0.22406674854544800  0.23413619737429869  0.24332426847801270
  0.25253063161251155  0.26142832455518306  0.27095869151790042  0.28085404684201365
  0.29070456673753164  0.30076376137848698  0.30973200246651272  0.31858872509799241
  0.32779005319787452  0.33792342034257700  0.34819937533453377  0.35774505536838730
  0.36725338260868373  0.37747794945566060  0.38874594279871971  0.40026175400692049
  0.41093936837528977  0.42124038966986116  0.43160463115765590  0.44219167419392102
  0.45325759542088567  0.46511376808611166  0.47690669629529503  0.48868535967457355
  0.49975269197345157  0.51066556690633780  0.52171053569737935  0.53190472566854652
  0.54141890961075911  0.55122591178096225  0.56113988400036052  0.57276494828780666
  0.58464612157135265  0.59538079663430321  0.60563253134048378  0.61563787031224249
  0.62645088248759206  0.63815674243946874  0.65037614394887378  0.66218684588702448
  0.67370269624608081  0.68523427160047468  0.69635052075527493  0.70713495597315801
  0.71765442979892236  0.72858890998905590  0.73760515817103045  0.74664295329227914
  0.75588913199707242  0.76631959166848151  0.77782296352201219  0.78886797348536064
  0.80002826815813821  0.81166036921211593  0.82377342527753172  0.83641733351737479
  0.84898717423010006  0.86124576375905981  0.87307450939081255  0.88341524735489929
  0.89254850325972601  0.90180894857872285  0.91131331358158818  0.92227079015892233
  0.93271128319717822  0.94273548507911809  0.95312058556432833  0.96350227049260306
  0.97348219429192795  0.98272731088472010  0.99149960791419889  1.00000000000000000
 -0.00129656343067362  0.00398950441768101  0.00937210422552630  0.01491342913391413
  0.02085548277227736  0.02705481634661215  0.03327834408597608  0.03981782510154929
  0.04704023127245300  0.05456392838464173  0.06220084330364731  0.06999755185046043
  0.07773181880735508  0.08545916977782969  0.09274488272034014  0.10075146638159400
  0.10808907023759774  0.11552049458917002  0.12312632900961648  0.13137611022815249
  0.13977984574425126  0.14808194761811661  0.15658961703457200  0.16421031663488556
  0.17135089028665404  0.17868719037542080  0.18617091151639398  0.19453369157688491
  0.20319364067457241  0.21182251693505152  0.22052436044107482  0.23097225279996314
  0.24152751169174663  0.25181911614513891  0.26266714911621142  0.27425592568827750
  0.28658390571749265  0.29852072116038875  0.30971738978748464  0.32110409852109972
  0.33269934506321902  0.34349536676799236  0.35433759886848004  0.36537777684289391
  0.37801830524485325  0.39138029330705254  0.40576656547987611  0.42027772427115501
  0.43432854017094941  0.44728671035072359  0.46029955758615759  0.47268413893522016
  0.48342309730467348  0.49436893705392648  0.50624810185402036  0.52038742557265782
  0.53474910826342292  0.54874627170165868  0.56261993270598676  0.57669692815969498
  0.59202320079720427  0.60798144163658385  0.62323816327699588  0.63763248356989932
  0.65097872174055926  0.66331494389888745  0.67572503667987049  0.68860763630144672
  0.70069634026159799  0.71281543965499905  0.72461903274734096  0.73755282671042965
  0.75023942350593209  0.76395639695634154  0.77756895855410368  0.79079435746217230
  0.80270544237994024  0.81449556470284867  0.82704952541906462  0.84011340617504404
  0.85300093933756538  0.86472540988686242  0.87535549642448374  0.88570183834275051
  0.89684458587628313  0.90884992865689673  0.91970064321526979  0.92929953051108027
  0.93865028363003711  0.94625991461874959  0.95392380731334880  0.96210215302823765
  0.97118164240549953  0.98023037761340281  0.98991350114719379  1.00000000000000000
 -0.00230172090736834  0.01091479253010741  0.01980609031002944  0.02912604389842820
  0.03845625396454594  0.04956413359504594  0.06021201316409797  0.07100002790839993
  0.08214376486201429  0.09356677494487514  0.10471536960096686  0.11492344135177820
  0.12456342483936518  0.13437271554931923  0.14488072778438321  0.15567978709970776
  0.16654340821203656  0.17773468000896817  0.18876059702218798  0.19992017263535392
  0.21077735608234749  0.22087575558281852  0.23095474170093708  0.24122303832396610
  0.25192187248931724  0.26294597973766254  0.27412169883649545  0.28557181526496600
  0.29716117589109609  0.30821173545887853  0.31913655245811084  0.33095931898742181
  0.34294925005635102  0.35487598754083421  0.36482376557454493  0.37471497427863698
  0.38393100885253501  0.39349169795022665  0.40241375023817927  0.41150656439818029
  0.42102332984077651  0.43117666651746167  0.44248040850794462  0.45363107914971162
  0.46493975977185337  0.47475382726043763  0.48297320604427507  0.49026713428019486
  0.49775915122192455  0.50566835711833080  0.51495587412174004  0.52584478525173572
  0.53568718268606785  0.54646548172819942  0.55761678765326606  0.56851670063540460
  0.57888789528218110  0.58912926723353964  0.59925150755270973  0.60884688082277538
  0.61820056966539505  0.62846589787867491  0.64064943839249588  0.65193576408873144
  0.66265544503400275  0.67354936185443492  0.68498966796062111  0.69689070080808990
  0.70913057888121056  0.72194856849472022  0.73486440677403453  0.74745653617305108
  0.75943384035040140  0.77108409827991387  0.78223319919543055  0.79260058937197142
  0.80233125027162677  0.81192147373150814  0.82231357964378204  0.83201997527592375
  0.84137817250852909  0.85047356576338295  0.85932737554969052  0.87006477234414759
  0.88007885427926502  0.89029818731140087  0.90058055107580148  0.91134307856137620
  0.92276060570072593  0.93388134197710637  0.94481411490440559  0.95586003495275507
  0.96678336923971264  0.97816441927356590  0.98912750009052042  1.00000000000000000
 -0.00172828839541618  0.00807064585351001  0.01719764601346437  0.02676500845423718
  0.03544053456816503  0.04368896280246842  0.05225906376551465  0.06174322002422678
  0.07233552497453344  0.08303937687062246  0.09302806351945848  0.10235544829580194
  0.11075318427400238  0.12085311945479831  0.13161774093318743  0.14466784925037765
  0.15573790318727496  0.16583515265859952  0.17585803731796845  0.18554291650393120
  0.19557560186641398  0.20612184164322303  0.21756621464116457  0.22946386945866903
  0.24115520033219717  0.25259911139917712  0.26383826026236101  0.27493740719387183
  0.28596083351431906  0.29657035674401472  0.30647952439629528  0.31691320555728786
  0.32810652495918191  0.33987515845567245  0.35169307718141862  0.36343657430488591
  0.37368740342147500  0.38278972447437187  0.39176614225237449  0.40097745000907292
  0.41153386084462112  0.42178995924583906  0.43151867443979069  0.44114906225912981
  0.45097336331286142  0.46122334339475679  0.47203134551476561  0.48312450006684721
  0.49425552619034330  0.50597016343193668  0.51798578440637177  0.52890768362531349
  0.53873869339613434  0.54804670694999091  0.55772492621833814  0.56803361004469377
  0.57834935364348850  0.58913396611313018  0.60101251072665129  0.61230253743061180
  0.62285737831664778  0.63246350424581688  0.64132359298788710  0.65011616825413654
  0.65965287513567139  0.67019799069138619  0.68163907295008908  0.69318194047796566
  0.70454288773933649  0.71596385313310418  0.72743829347732303  0.73886746723915853
  0.75068280121589526  0.76231405961179055  0.77399436840529490  0.78488572732590567
  0.79567695114618819  0.80648644098038569  0.81742691816787982  0.82882135945808433
  0.84052514867648331  0.85220081668642633  0.86240927929194566  0.87176223095131944
  0.88142535173103376  0.89188358841623228  0.90369550258672082  0.91542525970791933
  0.92728774994738272  0.93855867555878092  0.94804810258910610  0.95681639422782383
  0.96536943644749817  0.97556806688258901  0.98742433172997646  1.00000000000000000
  2.52058566847507085E-009  -1.0000000000000000     
 T T T T F F F F F F F F T T T T F F F F F F F F T T T T F F F F F F F F T T T T F F F F F F F F T T T T F F F F F F F F T T T T F F F F F F F F F F F F F F F F F F F F F F F F F F F F F F F F F F F F F F F F F F F F F F F F F F F F F F F F F F F F F F F F
  <DiscreteSampler_grid>
  grouped_processes
  1 # 1 for a reference and 2 for a running grid.
  10 # Attribute 'min_bin_probing_points' of the grid.
  1 # Attribute 'grid_mode' of the grid. 1=='default',2=='initialization'
  0.0000000000000000 # Attribute 'small_contrib_threshold' of the grid.
  0.5000000000000000 # Attribute 'damping_power' of the grid.
 # binID   n_entries weight   weight_sqr   abs_weight
    10   10   4.620953698531991E+003   1.626500753568518E+008   4.620953698531991E+003
  </DiscreteSampler_grid>
