  0.00000312794346632  0.00000547085299358  0.00000704905297863  0.00000833786202513
  0.00000956583410536  0.00001090837710340  0.00001228924307109  0.00001365647620167
  0.00001534002810068  0.00001739670071362  0.00001963040719536  0.00002170166408057
  0.00002367955681572  0.00002574368354264  0.00002808191785930  0.00003119843243232
  0.00003421755391277  0.00003675434420062  0.00003911295918650  0.00004119868899954
  0.00004316140405617  0.00004500579262901  0.00004674825734254  0.00004846136454553
  0.00005003979421729  0.00005130065363393  0.00005255046879127  0.00005390466783085
  0.00005547846838505  0.00005721356520835  0.00005893900759960  0.00006058888759089
  0.00006188605392278  0.00006297135207412  0.00006403136001763  0.00006515722399661
  0.00006650444149914  0.00006839486441592  0.00007036523932340  0.00007235904174725
  0.00007449525401933  0.00007662600441465  0.00007886047386882  0.00008115677061252
  0.00008355049356492  0.00008625145199756  0.00008997534575781  0.00009422445514009
  0.00009875994047027  0.00010398737786433  0.00011055687124351  0.00011643704747016
  0.00012241271798902  0.00012801029094696  0.00013352038859014  0.00013872461278099
  0.00014419301751882  0.00014954593839176  0.00015583087212254  0.00016281799990226
  0.00017135639728425  0.00018185028966916  0.00019223533566717  0.00020224339312703
  0.00021402751063711  0.00022706224906834  0.00024263074128820  0.00026202303715164
  0.00028412062705722  0.00030891372359710  0.00033498701481427  0.00036052679556831
  0.00039036041964075  0.00041708010698878  0.00044604706091214  0.00047542744821036
  0.00051134670599515  0.00055366948095314  0.00060392454011991  0.00066214481144447
  0.00072311765572720  0.00081868097187605  0.00092285969408987  0.00104338000266378
  0.00120340703570493  0.00144148521140255  0.00176298715006418  0.00210036500784553
  0.00249375875961485  0.00308617184187233  0.00409001525553847  0.00574864192539576
  0.00924096873466291  0.01823578818039627  0.04782539090350724  1.00000000000000000
  0.00000762256866195  0.00000837366168865  0.00000901628010505  0.00000978073185844
  0.00001083022749628  0.00001259722128406  0.00001435705751083  0.00001611032063832
  0.00001713230063873  0.00001810885142199  0.00001948761587381  0.00002098945405161
  0.00002228816294564  0.00002374463911409  0.00002559668688988  0.00002797106077630
  0.00003068375424203  0.00003275267190709  0.00003452957853410  0.00003568118528456
  0.00003714479544950  0.00003863193286967  0.00004025025240827  0.00004197195565620
  0.00004375286722605  0.00004571450962029  0.00004759079958003  0.00004938697923457
  0.00005117661293583  0.00005337654479345  0.00005628187624802  0.00005958460822191
  0.00006320525849847  0.00006778740248940  0.00007464421507187  0.00008194273317413
  0.00008751205482233  0.00009315595126546  0.00010006794532257  0.00010832200798775
  0.00011658598722210  0.00012508470973546  0.00013451240433788  0.00014458250020645
  0.00015508854061726  0.00016606332810920  0.00017817446823601  0.00019286865546803
  0.00020889263940282  0.00022433584805113  0.00024017245493428  0.00025714875904401
  0.00027778206943798  0.00030085911811577  0.00032657493922942  0.00035269481903794
  0.00037102871863567  0.00039061707576042  0.00041004484192856  0.00043013031509124
  0.00045136822506026  0.00047411029956317  0.00050084894928491  0.00052896951855344
  0.00056381168741924  0.00061387036277230  0.00066867186584118  0.00072514912816843
  0.00078336803277570  0.00084222202553311  0.00091302488267579  0.00100226864531142
  0.00111103965209447  0.00125568182102899  0.00141526898950406  0.00157132200325202
  0.00174615239243924  0.00197640207547043  0.00228452216320606  0.00257938529979967
  0.00285564631990802  0.00314813858985350  0.00347279357772362  0.00402094304955036
  0.00475063507902418  0.00560791939904679  0.00663037889124219  0.00793766515274303
  0.00984740572032660  0.01360916925053205  0.01972997197489745  0.02985938113205746
  0.05111982476065579  0.10473537079658579  0.23450197582381996  1.00000000000000000
  0.00000599719215785  0.00001476983451533  0.00001735657627166  0.00001994331802798
  0.00002187542777870  0.00002375760958746  0.00002566326644157  0.00002774601669585
  0.00002982876695014  0.00003225486542175  0.00003493171285085  0.00003701074757905
  0.00003817150165983  0.00003937326623976  0.00004057516342003  0.00004177673050118
  0.00004272278940232  0.00004373647263746  0.00004476483272230  0.00004578177159283
  0.00004674630706446  0.00004771362866072  0.00004888928941019  0.00005032153233269
  0.00005185149451333  0.00005326300306837  0.00005473030314781  0.00005624277963668
  0.00005777935473465  0.00005934014508870  0.00006112235919702  0.00006321703832417
  0.00006539079275180  0.00006793808397455  0.00007072329318631  0.00007367117505815
  0.00007661435976335  0.00007951007034587  0.00008250846493525  0.00008573131209686
  0.00008935996087474  0.00009359700311703  0.00009771785915307  0.00010214203504268
  0.00010657810453261  0.00011043026224111  0.00011439201399977  0.00011901949600877
  0.00012479079807744  0.00013202088056874  0.00014038836412431  0.00014874712841954
  0.00015777533846807  0.00016616713172910  0.00017365163797486  0.00017973322079263
  0.00018565334128106  0.00019228484651426  0.00019857625987444  0.00020508786904234
  0.00021226345465118  0.00022092914027024  0.00023034225006796  0.00024040941895009
  0.00025232448168262  0.00026581737620786  0.00027892828496892  0.00029050198246362
  0.00030714824398144  0.00032758865397467  0.00035114670732680  0.00037875114374602
  0.00040948567476075  0.00044279198376708  0.00047717076069834  0.00051329830794493
  0.00055447948434453  0.00060736750673355  0.00067526981211051  0.00075347517148867
  0.00084054665323908  0.00095302693155778  0.00107501396481642  0.00120667593342181
  0.00135947431652525  0.00157235980593478  0.00188762586062535  0.00232639664896359
  0.00294244900439959  0.00396522385573493  0.00531561826828874  0.00720008513958955
  0.01280133385159188  0.02582249265053586  0.07794433333169368  1.00000000000000000
 -0.00244962493243642  0.01046710495176306  0.02082935736341091  0.03137678329474490
  0.04278447217528045  0.05381650432754791  0.06746494209868427  0.08346332000498835
  0.09588400963014850  0.10541521279912815  0.11412102021888774  0.12349952382593332
  0.13351036193967611  0.14364147239825589  0.15399140712988649  0.16146524405945434
  0.16836342085398731  0.17526245901392196  0.18317912334080927  0.19444313005511563
  0.20782447204846591  0.22181021478774857  0.23439946028677380  0.24451285637429321
  0.25457860478216182  0.26362366977066531  0.27126156742909313  0.27754194487371170
  0.28404085355465747  0.29073914252860772  0.29775618154749672  0.30548731918615740
  0.31545773933419713  0.32584336420542193  0.33475067734915304  0.34515378477509900
  0.35626970087810594  0.36780232453573608  0.37729425633060815  0.38844305738603169
  0.39926081787678930  0.41189459422471630  0.42498858851061433  0.43708401378538481
  0.44984071071643106  0.46199125465877772  0.47465026627156409  0.48392601257456175
  0.49051509109715241  0.49703543241275089  0.50350556445829686  0.51273007197512066
  0.52487127424283098  0.53684421574306906  0.54823973072458010  0.56023270680196668
  0.57249616381533197  0.58446482184138338  0.59379201068686971  0.60316189797148123
  0.61198116966984428  0.62249548964734536  0.63284135350245019  0.64423013137744589
  0.65548525824013781  0.66617332198413326  0.67669952079775231  0.68613725011006144
  0.69439061272229463  0.70250033088993546  0.71492773117067343  0.72950258031637694
  0.74187398106046953  0.75349480162337157  0.76494940201190342  0.77675785968053401
  0.78953170120643823  0.80316743454653317  0.81635434383884486  0.82991586889855606
  0.84508452045979909  0.86179741191702963  0.87717581063153005  0.89237473044669890
  0.90660261852167978  0.91852211904140224  0.92718956034502231  0.93500168514234350
  0.94280052750559018  0.95010922628797745  0.95708009062024879  0.96422465872745033
  0.97141920409636218  0.97906457360185828  0.98840073843185416  1.00000000000000000
  0.00008092892288887  0.00069213799729776  0.00115359397461679  0.00165921851172009
  0.00220454359840303  0.00279798027905866  0.00349416303430414  0.00420654944393054
  0.00496779550478575  0.00588223275642819  0.00688014124660454  0.00792069917044879
  0.00903064281370325  0.01025891361287493  0.01153332353689790  0.01268776723249491
  0.01385751711653298  0.01509169262580085  0.01641835881602995  0.01795447451349413
  0.01957100004449589  0.02126088123466467  0.02311284786789986  0.02517242235893333
  0.02736192620750114  0.02970320946355954  0.03217208614414900  0.03479892539844435
  0.03742544507907920  0.04001493787651523  0.04240528459804586  0.04564424863035769
  0.04905945427815144  0.05253246813457622  0.05637230856033130  0.06074184033456746
  0.06535422938862026  0.06991897661744441  0.07447209994732566  0.07837482339555822
  0.08333372766336833  0.08930146757207921  0.09585613497133678  0.10296975520581843
  0.10945971417577582  0.11688286246093653  0.12407929606262964  0.13235841494118367
  0.14066880690492006  0.14830613309834745  0.15604714715935747  0.16452545865878859
  0.17412925113034333  0.18569483728645689  0.19930879508351368  0.21174863995881116
  0.22090415808943065  0.22973915036263767  0.23915488053401399  0.24764991426694505
  0.25578632260093087  0.26459413722294017  0.27615439722199631  0.29036365802001607
  0.30732901667584256  0.32627854645945220  0.34359319205735755  0.35811869469324992
  0.37087198494184104  0.38427502606357361  0.39951692147136070  0.41656591382832331
  0.43513770139738450  0.45111449999880554  0.46819969576260356  0.48892697122067247
  0.51475248106516203  0.53806320061231605  0.55924903377769730  0.57826090147461784
  0.59789880571733245  0.61724783594276955  0.63590520801950667  0.65504809391264140
  0.67740082278380453  0.69914961541558074  0.72723846766609423  0.75831696279611849
  0.78542833434057613  0.81222593623360362  0.84344346898149358  0.87879847324232374
  0.91289102355397689  0.94311213269838223  0.97110504554918453  1.00000000000000000
 -0.00379084312483513  0.01002648658917467  0.02295271945692344  0.03498087832560112
  0.04665688365694438  0.06143694722823493  0.07686410505907480  0.08841324453272500
  0.10009438315696802  0.11120010094299722  0.12281291956788111  0.13633275563291725
  0.14874763554667259  0.16027248328592136  0.17267430802745401  0.18432072449573234
  0.19306296012524696  0.20175991018478301  0.20968874500313753  0.21856872610073430
  0.22889373851878222  0.23951110676174306  0.24957024863699712  0.25967204318839571
  0.26960888393441862  0.27984615135726276  0.29000874487480227  0.29981692546118405
  0.30923248507872642  0.31973321264425275  0.33215204094237333  0.34560833428022331
  0.35869470521443714  0.37069568787005419  0.38194192391389148  0.39412780842447537
  0.40663036928520668  0.41931599379072304  0.43245071898263543  0.44702092889033185
  0.46181126437904280  0.47694145713050284  0.48906991304029412  0.50006776776979234
  0.51060746432072068  0.52169245016633026  0.53405374152140384  0.54726151087463903
  0.56158006013209594  0.57360704319277267  0.58505672224676275  0.59326657075550604
  0.60229100807708080  0.61105706212415234  0.61933488383735513  0.62706499341834632
  0.63425325768403074  0.64101752734335748  0.64727070182673385  0.65381195242902046
  0.66073856176851486  0.66820543990901504  0.67361638829713355  0.67773479067192466
  0.68169340680434898  0.68629927221655607  0.69269362028976955  0.69934698587313926
  0.70609297229533841  0.71316457323183269  0.72008907164851743  0.72591661020607845
  0.73353887702731979  0.74370258621107543  0.75499860244612171  0.76281470573027055
  0.77204167336631202  0.78259063088977621  0.79419507030585534  0.80595087834655021
  0.81807303235532802  0.83050368468579827  0.84292638418528276  0.85565894096532458
  0.86745430469317930  0.87742680451928501  0.88659801257087989  0.89690832175875579
  0.90979288399567548  0.92604215489261466  0.94052414421505348  0.95227846737410793
  0.96215502151255239  0.97259560097023434  0.98483148097784023  1.00000000000000000
 -0.00036522289778402  0.00008878336180041  0.00069972400733132  0.00186709221901572
  0.00319185284833641  0.00459480740949020  0.00606291658609512  0.00776525151287039
  0.00967628541522883  0.01171889963725746  0.01398401571258152  0.01649004860875044
  0.01920642090326628  0.02212287609799025  0.02530585793840961  0.02879512394075449
  0.03231203661256870  0.03591392789758164  0.03939704552170677  0.04362044002503961
  0.04842376519054867  0.05326422751925829  0.05811490113992065  0.06346922453267113
  0.06876314659587138  0.07444935743790203  0.08037587137847961  0.08744323049256351
  0.09542198908625822  0.10352718906659031  0.11201017347176313  0.12107544661961624
  0.13155818903487887  0.14218289134145876  0.15229433103623255  0.16185894669103093
  0.17351927812565204  0.18630218605758284  0.20097941663141994  0.21369414922321570
  0.22199372465213868  0.22975894271171002  0.23761688479198689  0.24648307463942262
  0.25548402508767837  0.26529707385385870  0.27849885441833366  0.29473718368095753
  0.31081062662389974  0.32448952821957511  0.33566500330651483  0.34472514427325829
  0.35360135216878302  0.36216541155440590  0.37200769508021847  0.38363378646902713
  0.39647753719352979  0.41001054599994152  0.42149143271866929  0.43080252950310360
  0.44001093227955751  0.44801900693425989  0.45684131617049728  0.46627179667807184
  0.47530826203157012  0.48825292269519266  0.50546930835938042  0.52331603409721672
  0.53855369294245081  0.55246683193586288  0.56818009621895205  0.58637601642764881
  0.60338915712887531  0.61857390073455154  0.63369881191481980  0.65100961821145242
  0.67206229617246660  0.69191903685481826  0.70527888787314230  0.71951891421127134
  0.73450776722275601  0.74770718246853052  0.76668719500044535  0.78452148092859308
  0.80236958845259598  0.81778071699159205  0.83285451823462220  0.84851623459133652
  0.86494071302395992  0.87902405217766377  0.88915950732782822  0.90168448273085056
  0.91536506898506842  0.93246093576261357  0.95072605161996204  1.00000000000000000
 -0.00262893949209795  0.00784792682460700  0.01782640768731400  0.02809239682278866
  0.03912821000545183  0.05192197012570642  0.06520023086015550  0.07865935523246492
  0.09118832328600260  0.10384364663084140  0.11958719308773971  0.13658616984669228
  0.14968244904824457  0.15959203267956884  0.17038181335320285  0.18348816771357601
  0.19793663300485828  0.20920282087656533  0.22155589826117755  0.23300865773745075
  0.24211634332847787  0.25072109783268670  0.25910186087150072  0.26945582939070400
  0.28374927388026294  0.29936684771875260  0.31455090918958245  0.32827207622857213
  0.34134391918103257  0.35479747138948320  0.36819148730668155  0.38131941748470027
  0.39250939109919264  0.40168740608450770  0.40856800079422667  0.41571301558906126
  0.42360461204219912  0.43232521979163108  0.44159480076007590  0.44967369976581245
  0.45725391684003625  0.46493667604746203  0.47352071879506158  0.48090932334877823
  0.48850476527823361  0.49675834100119354  0.50557245335410017  0.51376926379949217
  0.52106806424011720  0.52767439800723570  0.53366935089607637  0.53945479462273205
  0.54561689022897952  0.55235738408228807  0.56094604890887911  0.56695771568447917
  0.57196207954450362  0.57651083665530878  0.58114201307789937  0.58616947400847663
  0.59132408651030843  0.59593335329569541  0.59995977339395057  0.60374300758997723
  0.60789149969684875  0.61292926986807517  0.61870651833011847  0.62551445517280846
  0.63402983808065971  0.64326254949855721  0.65263618802401913  0.66237924428003037
  0.67163730342684647  0.68014148043944556  0.69007884053836033  0.70241374255172229
  0.71645668925438355  0.73001218350240837  0.74340590987243749  0.75783922502613832
  0.77294701318887338  0.78826360216919045  0.80436020664336716  0.82098693654476573
  0.83915429849475287  0.85842751860737143  0.87811594487324041  0.89180831817239603
  0.90450499384173988  0.91532537285872095  0.92452931437306118  0.93613859185172943
  0.95101788478718874  0.96695914460953614  0.98169983878136469  1.00000000000000000
  1.07379747607040032E-005  -1.0000000000000000     
 T T T T F F F F F F F F T T T T F F F F F F F F T T T T F F F F F F F F T T T T F F F F F F F F T T T T F F F F F F F F T T T T F F F F F F F F F F F F F F F F F F F F F F F F F F F F F F F F F F F F F F F F F F F F F F F F F F F F F F F F F F F F F F F F
  <DiscreteSampler_grid>
  grouped_processes
  1 # 1 for a reference and 2 for a running grid.
  10 # Attribute 'min_bin_probing_points' of the grid.
  1 # Attribute 'grid_mode' of the grid. 1=='default',2=='initialization'
  0.0000000000000000 # Attribute 'small_contrib_threshold' of the grid.
  0.5000000000000000 # Attribute 'damping_power' of the grid.
 # binID   n_entries weight   weight_sqr   abs_weight
    10   10   1.221734135688772E+007   1.477808884192636E+015   1.221734135688772E+007
    16   10   1.459582374899245E+007   2.096578568483748E+015   1.459582374899245E+007
  </DiscreteSampler_grid>
