  0.00001525313505798  0.00001687522422673  0.00001800559810691  0.00001904660308811
  0.00002006393587192  0.00002123537387447  0.00002264932295619  0.00002376105827959
  0.00002453112050991  0.00002522056317161  0.00002594127610731  0.00002668936072681
  0.00002770299865205  0.00002882889606435  0.00002998003461988  0.00003133368834022
  0.00003271880669123  0.00003429373595002  0.00003617260273149  0.00003819981422670
  0.00004034551180298  0.00004256910321349  0.00004472420480470  0.00004650561634237
  0.00004779643283650  0.00004913130260171  0.00005049926723534  0.00005176157845353
  0.00005303199360499  0.00005445436526301  0.00005611856206051  0.00005778071588798
  0.00005956908886506  0.00006234007987513  0.00006536364479659  0.00006849944993424
  0.00007168575922212  0.00007451112302866  0.00007786336317887  0.00008148413747548
  0.00008579152837063  0.00009051485174079  0.00009482485661795  0.00009878467289596
  0.00010271735027273  0.00010694170304882  0.00011121960362608  0.00011549098618558
  0.00011973147340708  0.00012375824537385  0.00012823701009718  0.00013328098478985
  0.00013868117303792  0.00014452266832295  0.00015066018143203  0.00015794095802810
  0.00016621042353581  0.00017432808119455  0.00018206236068783  0.00018914425642710
  0.00019590215747268  0.00020194383699710  0.00020825070230862  0.00021496776861104
  0.00022219757773087  0.00023000365818739  0.00023798386947735  0.00024677472611375
  0.00025679869952173  0.00026790568855086  0.00027953580455746  0.00029265158130268
  0.00031249230604271  0.00033785022149962  0.00036422614602369  0.00039096281213869
  0.00042239003079073  0.00045700749836751  0.00049976790631286  0.00054420062986512
  0.00058742958858830  0.00063491114117303  0.00069106702972197  0.00076172873069428
  0.00085217698956520  0.00096629223093038  0.00111227912451297  0.00129547206160533
  0.00152939490249349  0.00184331823242242  0.00227498194641561  0.00290755725867446
  0.00394208576754249  0.00678869509474455  0.02283493735101560  1.00000000000000000
  0.00003553871001283  0.00005982985162102  0.00008651754705858  0.00010871863544912
  0.00012619756009171  0.00014296346035084  0.00016369277129468  0.00019024546652202
  0.00021706381401477  0.00024203103347329  0.00026878898124317  0.00029729625430225
  0.00032972076051360  0.00036405873501672  0.00041167040755342  0.00046496221588913
  0.00051075313065277  0.00055998827392173  0.00063014880443373  0.00070246958890683
  0.00078752054707377  0.00088795956888032  0.00099976751019423  0.00112149306103616
  0.00125756032342009  0.00142455694787273  0.00162228459385940  0.00184308178394640
  0.00206986069692188  0.00231619589419077  0.00255984833275891  0.00281972101248104
  0.00312917342031889  0.00349438432463137  0.00391198141473963  0.00433378764118938
  0.00475043026532472  0.00522355710040779  0.00572170843678040  0.00623262001735972
  0.00699397112570795  0.00790548002474781  0.00894659466842310  0.01007105584386090
  0.01125948871660302  0.01270944323287227  0.01420108496416941  0.01578278756620298
  0.01747741734522843  0.01948412900964721  0.02154207353158570  0.02376695090206140
  0.02580660109695533  0.02782236312333913  0.03019958031742610  0.03276172686585807
  0.03533427536811248  0.03808177418239590  0.04149017062326409  0.04683810753794354
  0.05252829712609577  0.05838520255937794  0.06457834276876817  0.07117897750464273
  0.07834768513857245  0.08632659570059723  0.09517407775716105  0.10453980368185488
  0.11569674170626000  0.12781711399927448  0.14080773183611686  0.15436511452557716
  0.16653645137646259  0.17659520534141568  0.18661605193684169  0.19808622430385794
  0.20945873205109533  0.22215517516081662  0.23377838245959620  0.26607774343020418
  0.29770847958873103  0.32405384868939768  0.34901078903346466  0.37543717724920106
  0.40236543039202405  0.42921638326171385  0.45659957829659714  0.48916485526721526
  0.52529758396929838  0.56488371697031403  0.61512262571285337  0.66808928725968353
  0.72419351760265793  0.80348214206890567  0.89300695856531243  1.00000000000000000
  0.00000010562354570  0.00000487252142100  0.00000889015190807  0.00001290778239514
  0.00001692541288221  0.00002094304336928  0.00002496067385635  0.00002601593153718
  0.00002652785760630  0.00002703978367541  0.00002755170974453  0.00002806363581365
  0.00002944703891221  0.00003080094113474  0.00003201822608153  0.00003311610422781
  0.00003414166732885  0.00003499893715381  0.00003577691943913  0.00003639483490716
  0.00003695614875944  0.00003756349642948  0.00003820326457338  0.00003888215794173
  0.00003968588475914  0.00004069871388528  0.00004187416636138  0.00004341095136058
  0.00004484470616334  0.00004647588234336  0.00004820899031631  0.00004995762109360
  0.00005169803223538  0.00005356013033065  0.00005556187783781  0.00005762992849687
  0.00005977944072018  0.00006198000749316  0.00006415092661731  0.00006623458241561
  0.00006828961376727  0.00007050248042703  0.00007304829501680  0.00007595088854773
  0.00007833727058373  0.00008036927903779  0.00008249298494530  0.00008529140800014
  0.00008835507087274  0.00009131537317584  0.00009415158276836  0.00009757101849650
  0.00010246829629255  0.00010766458110764  0.00011291048674397  0.00011831714307304
  0.00012355069853688  0.00012844349873092  0.00013363209692630  0.00013897309772241
  0.00014451069724695  0.00015030939425916  0.00015643377400936  0.00016259644177591
  0.00016881562236640  0.00017643799918519  0.00018431080381052  0.00019104746559987
  0.00019803220617374  0.00020590641451724  0.00021593257118798  0.00022773803750357
  0.00024120915533228  0.00025842578774225  0.00028146021346617  0.00031209004359693
  0.00034764770698246  0.00038457724834088  0.00043026166662518  0.00048413844171772
  0.00055166883151386  0.00063630738928751  0.00074124652658408  0.00087401142675465
  0.00106399248601485  0.00136949400857172  0.00171253322902370  0.00205106906700099
  0.00257434951884827  0.00362197471773587  0.00491191015188790  0.00786984432706281
  0.01460242295162679  0.03152265093965791  0.13262893836787901  1.00000000000000000
 -0.00141466262038423  0.00548577335968002  0.01356034579466222  0.02198541193256571
  0.03113071846381128  0.04113684088479957  0.05156969077939866  0.06175895751844129
  0.07122836036010391  0.07995274863510569  0.08894474416929049  0.09883479427658998
  0.10952069873513744  0.12138833088655866  0.13449364845869483  0.14612176303961297
  0.15492178261070347  0.16466790580930618  0.17280462343743516  0.18075363231307015
  0.18961458433548520  0.19896972706773813  0.20721776252108082  0.21518639263985159
  0.22430923903096328  0.23475440732663461  0.24635281396373487  0.25936596572139586
  0.27133275417761593  0.27923269976143211  0.28669034430775531  0.29524713573628475
  0.30222584237853395  0.30826243726490782  0.31387813412191462  0.32059548046451747
  0.32863373441942684  0.33744246977569448  0.35034107455681979  0.36429496402120548
  0.37859757255421933  0.39118765520056875  0.40228440583244124  0.41347470732693381
  0.42451389517122112  0.43584407503900907  0.44466551461949849  0.45163849013946922
  0.45863735353625662  0.46762881172542431  0.47653450154377908  0.48648565384546794
  0.49750415368857021  0.50877501703618644  0.51995001105215066  0.53063171097517547
  0.54074993310543229  0.55074846529411425  0.56037491663680072  0.57231119855784263
  0.58609208738520613  0.59984033030967043  0.61274535538471286  0.62473158606326529
  0.63604092423837477  0.64573201610240605  0.65430247605849357  0.66357228616721786
  0.67347235247122550  0.68487944326607464  0.69825665393722103  0.71189818866704546
  0.72528924549312568  0.73861240617425006  0.75301110103337976  0.76785750843221001
  0.78131340333444632  0.79386767774912170  0.80477213104203826  0.81449808957946956
  0.82502053558760435  0.83517734330954474  0.84834843220091272  0.86120392910122123
  0.87275767552584838  0.88337955586234129  0.89379982261941127  0.90456584701657272
  0.91560423273000169  0.92673837622343569  0.93816144305346216  0.94979019090351879
  0.96191798542234452  0.97421996962517055  0.98617307494668904  1.00000000000000000
 -0.00374920667910960  0.01346157910409641  0.02681280459639513  0.04113844625879198
  0.05585101224698890  0.07015331024266983  0.08326314386683809  0.09491063803139772
  0.10542975490055478  0.11521349716169478  0.12531898645959000  0.13483342641557922
  0.14398062187819088  0.15350780989559379  0.16310585359925839  0.17085306152091431
  0.17717597654957018  0.18358486223020690  0.18905004368339678  0.19365594463691696
  0.19814300827970985  0.20438238985515828  0.21085492101758832  0.21790882745511664
  0.22572704862016804  0.23445736666275635  0.24540082292747473  0.25401801140805602
  0.26061466180914356  0.26743121377409668  0.27490892146179102  0.28317430543277317
  0.29424828888011800  0.30765068435270648  0.32108969769216850  0.33346018428020913
  0.34447796452024576  0.35380853532235623  0.36342677498180509  0.37344145621204755
  0.38417469669133647  0.39610395907075363  0.40691425783918006  0.41798335644382423
  0.42947774171028608  0.44160048831495041  0.45381354650433703  0.46500435718118172
  0.47578697161549510  0.48700428795910822  0.49899728460527898  0.51143731656533842
  0.52353064279336703  0.53579992762009387  0.54853747483554249  0.56152024461737227
  0.57400256412665196  0.58589273472642944  0.59657422237477420  0.60687360546119462
  0.61746618182044233  0.62831921939409074  0.63944777640217598  0.65039852166106826
  0.66098557591662521  0.67197265893063662  0.68409698198116742  0.69733668249492953
  0.71111844946309910  0.72424760459495707  0.73631332036317210  0.74846233560604247
  0.75888695748485591  0.76966638002978793  0.78070931637379892  0.79183172937994839
  0.80320965851749893  0.81525355875374261  0.82579068202518358  0.83618346785470488
  0.84678128914313411  0.85781122440188495  0.86944553138129632  0.88121241208758949
  0.89248608135040242  0.90301436897166198  0.91364453790640421  0.92396251478863789
  0.93580614525188921  0.94768409667865350  0.95580291134531870  0.96322684743176890
  0.97149923182437270  0.97984206465459323  0.98640258397434988  1.00000000000000000
 -0.00198915126130116  0.00794637193888386  0.01734509499968162  0.02993301600628301
  0.04576542819748546  0.06354834985299881  0.08252361579088556  0.10505588971995763
  0.13009656996870819  0.15686153473208783  0.18290112050095991  0.20646923390164015
  0.22725137953275829  0.24841620261539821  0.27182360885351242  0.29669285213267194
  0.31934557254447954  0.34153356852321665  0.36886868106013138  0.39754047236042589
  0.41986652202633085  0.43907168189223822  0.46179916198636084  0.48748505712615758
  0.51180131277636065  0.53511962952498582  0.55824620132176583  0.57942624911782259
  0.59791310845745038  0.62222341581313567  0.64085220457247094  0.66057796895061072
  0.68087740813774278  0.70089749642954002  0.71790288207672992  0.73369445203671202
  0.75038382132594428  0.76678718524253064  0.78261657978194954  0.79823725813957458
  0.81246519576168286  0.82511669023911149  0.83691945353247243  0.84817353906731940
  0.85934521197422842  0.87062941516746128  0.88154073474924077  0.89248902886960790
  0.90326371338674294  0.91222193821349151  0.91905041709239688  0.92502781738112883
  0.93071138022650035  0.93672459630272309  0.94297938286221061  0.94872870546262789
  0.95409511473930131  0.95833528576638816  0.96141572784251883  0.96435020310708941
  0.96706094879547022  0.96987020217259379  0.97252275459161064  0.97500799508378699
  0.97729514294901443  0.97979441427182656  0.98224805323096620  0.98428391921285241
  0.98583868383835671  0.98719814036411180  0.98844219009162237  0.98961627651426110
  0.99066806576592759  0.99170230719958707  0.99266333976136056  0.99349598369717762
  0.99417623479547579  0.99481255271198921  0.99539910334165949  0.99602099972082914
  0.99655507805991106  0.99697666076668601  0.99740152448318975  0.99782044889833055
  0.99818345111595508  0.99850030964475656  0.99876506237749385  0.99898239939461864
  0.99916233620961870  0.99933487758900474  0.99947039242801661  0.99957871009323396
  0.99968451307701256  0.99978633846060161  0.99988848249353279  1.00000000000000000
 -0.00351458563538827  0.01278314557114857  0.02588046279227825  0.03802555519659617
  0.04969168075100708  0.06142552467996587  0.07306449655381997  0.08478107378713776
  0.09674263316300688  0.10821304935123086  0.11988130889204955  0.13165650601493023
  0.14225421235214020  0.15178753728677080  0.16190484849388737  0.17310353816325463
  0.18552857536788739  0.19798180976302218  0.21003864809266212  0.22149934609029159
  0.23252965956136745  0.24404248346423546  0.25705146637386617  0.27212778587936476
  0.28819563066298370  0.30363408598919750  0.31381676781281603  0.32075080224012287
  0.32715239916496480  0.33335549785671226  0.33984037700818381  0.34676000825347281
  0.35348823196661805  0.36082738905574846  0.36725100614860556  0.37352728078813968
  0.38165744950073083  0.39197008611890832  0.40333095671076147  0.41527914552989009
  0.42730456864699679  0.43897199624256211  0.45021744730794744  0.46066318504676268
  0.47149859748335721  0.48407175015253873  0.49661853027127761  0.50523630836542732
  0.51351988348525168  0.52388629268088605  0.53133994061946577  0.53791668960067118
  0.54471327376987144  0.55345704926059880  0.56598147863113557  0.58003162736634728
  0.59463998566445053  0.60624078117896574  0.61756560489448986  0.62926881999552564
  0.64153303593760780  0.65369772479293786  0.66585791831486507  0.67818209022419385
  0.69044299638659890  0.70178860694521028  0.71387847544435934  0.72564149894943131
  0.73763865331073186  0.74973137488624442  0.76037227940104857  0.76986384823792720
  0.77811132114139425  0.78601082363215702  0.79403944259525305  0.80218331062680959
  0.81082115949231703  0.81851469570883495  0.82544401259605560  0.83257686729140234
  0.84153467783037061  0.85079405389680407  0.86248435347620367  0.87359205353965108
  0.88644765831358285  0.90165126133424378  0.91619803473319517  0.93020564635361869
  0.94150439652481666  0.95302266601450092  0.96409182115949588  0.97306432506641294
  0.97905234581407552  0.98570184241082714  0.99193674375639462  1.00000000000000000
 -0.00275198908961833  0.01027272256940712  0.02000575412999995  0.02541615638708469
  0.03204806404163655  0.03746725362860587  0.04189733147863955  0.04694358260108657
  0.05233015969667529  0.05924324057987573  0.06607974441104396  0.07312981432839440
  0.07987849348775031  0.08790506498505385  0.09884912876211763  0.11065590174022012
  0.12175274336081744  0.13245620723881282  0.14304512084770868  0.15400736628810274
  0.16478479830632498  0.17481144647892555  0.18387543707283652  0.19309340406024922
  0.20348019963607505  0.21599038414248686  0.22745565129795567  0.24160490103664700
  0.25252932167092712  0.26326722165698058  0.27410421889434694  0.28498936896316485
  0.29664659301077839  0.30659511134748368  0.31688076864816894  0.32808049567866898
  0.33872196359989759  0.34858394015985272  0.35860455843981504  0.36859614207854680
  0.37892321828285580  0.39042469910125671  0.40283267795056937  0.41610642149212718
  0.43043210386849978  0.44507674730819474  0.45887226710127849  0.47056156486738215
  0.47989809510301185  0.48780085405917767  0.49500308152687045  0.50305301168966166
  0.51183746588207579  0.52190620734654625  0.53394539614110337  0.54673129818226274
  0.55983100882989523  0.57285411569942368  0.58575705527196065  0.59802315032418984
  0.61096027403331943  0.62595033313156556  0.64125443253911252  0.65430599725631289
  0.66541965562142869  0.67656866032289753  0.68632266241074114  0.69439658972654539
  0.70268187441234475  0.71195958379479873  0.72236000029891190  0.73214153261960857
  0.74271218589543819  0.75469724275103212  0.76331617643016503  0.77260508159683261
  0.78078593153057296  0.78907408700646564  0.79948700576424137  0.81118442895033649
  0.82033942078545508  0.83032591729840932  0.84142219027123255  0.85290781430618889
  0.86507213044687981  0.87942149056267072  0.89297314127917526  0.90437855723868910
  0.91577758961010858  0.92611968706417969  0.93682683014120427  0.94882963451106339
  0.96188824299640563  0.97444681762727847  0.98764818287847289  1.00000000000000000
  4.10435955261899152E-007  -1.0000000000000000     
 T T T T F F F F F F F F T T T T F F F F F F F F T T T T F F F F F F F F T T T T F F F F F F F F T T T T F F F F F F F F T T T T F F F F F F F F F F F F F F F F F F F F F F F F F F F F F F F F F F F F F F F F F F F F F F F F F F F F F F F F F F F F F F F F
  <DiscreteSampler_grid>
  grouped_processes
  1 # 1 for a reference and 2 for a running grid.
  10 # Attribute 'min_bin_probing_points' of the grid.
  1 # Attribute 'grid_mode' of the grid. 1=='default',2=='initialization'
  0.0000000000000000 # Attribute 'small_contrib_threshold' of the grid.
  0.5000000000000000 # Attribute 'damping_power' of the grid.
 # binID   n_entries weight   weight_sqr   abs_weight
    10   10   5.857356366785818E+004   3.220356334545858E+010   5.857356366785818E+004
  </DiscreteSampler_grid>
