  0.00011593262420027  0.00012194953372555  0.00012603330338466  0.00012902447291993
  0.00013200467985823  0.00013526081255329  0.00013887823431312  0.00014312897297843
  0.00014686139975323  0.00014956624489390  0.00015243910352270  0.00015534362743148
  0.00015820701917150  0.00016175191680163  0.00016474419921613  0.00016785069100520
  0.00017084862443281  0.00017365724483055  0.00017688705169306  0.00018018935646272
  0.00018412510575318  0.00018855822476661  0.00019425676184247  0.00019985261845231
  0.00020423430781618  0.00020695413348627  0.00021014130978509  0.00021382645031985
  0.00021720103025393  0.00022038497814418  0.00022425209491440  0.00022945790929906
  0.00023498466904893  0.00024034867074609  0.00024662711821454  0.00025486165627936
  0.00026344303301213  0.00027138418769620  0.00027947240958600  0.00028805097654525
  0.00029771659616439  0.00030811581700483  0.00031836022360914  0.00032870019402140
  0.00033911786219268  0.00035003428064901  0.00036228834520146  0.00037608283591805
  0.00038880529218749  0.00040145828710777  0.00041414764275095  0.00042804215648530
  0.00044348864995903  0.00046078768504976  0.00047996522306398  0.00049949558415786
  0.00052049256386317  0.00054432825845159  0.00056970193055827  0.00059445926312591
  0.00061889010529435  0.00064513349173940  0.00067380370728037  0.00070721248526279
  0.00074714874269379  0.00078618265033925  0.00082612881115960  0.00087078039442941
  0.00092508920396849  0.00098394192584606  0.00104351944166051  0.00110960030574111
  0.00118050020683282  0.00125885161963605  0.00135309306842977  0.00146338817428914
  0.00159281994703412  0.00173630794609352  0.00189639372803962  0.00208685463303347
  0.00231188138837258  0.00260136792558044  0.00295069320941590  0.00325015192718331
  0.00355575163458753  0.00396685993745078  0.00457723529977943  0.00538918344834516
  0.00658141381251233  0.00810685816968250  0.01008456400129206  0.01274998625973289
  0.01724490867751525  0.02555489730341648  0.06543984896775844  1.00000000000000000
  0.00033655703298583  0.00040016715727265  0.00044630341256034  0.00050311738438036
  0.00055893251623653  0.00060804559977801  0.00066052938065843  0.00070904636789132
  0.00075625847043380  0.00080853011123448  0.00086409956099998  0.00092015915391076
  0.00097373949436171  0.00102821444821804  0.00109213430833031  0.00116865695251263
  0.00125872021550451  0.00135194789421334  0.00144870000295207  0.00155967257305475
  0.00167265024773539  0.00179063733807989  0.00191295141739389  0.00204685287926950
  0.00220308163204073  0.00237401342906149  0.00253932534090890  0.00270456876732416
  0.00288949429655886  0.00310505749840372  0.00335205611265463  0.00360998279941254
  0.00387451021428443  0.00415018575807102  0.00446400577188162  0.00479698702894339
  0.00514534961231524  0.00542466892235742  0.00574036262089142  0.00610588716198203
  0.00653406782755209  0.00700368197853785  0.00762224960557804  0.00828675988815162
  0.00896499510725602  0.00964788053987337  0.01041630624073239  0.01134457990179034
  0.01224806271505674  0.01324891067244127  0.01434157722184806  0.01558810510343185
  0.01684042580234954  0.01807915783301104  0.01947157825099054  0.02114991640138234
  0.02320256952839819  0.02541719178776589  0.02749202245750553  0.02953174751893202
  0.03178070280944811  0.03457605157129383  0.03783654550425328  0.04076973058304823
  0.04352687242264647  0.04626876744691751  0.04940156599251639  0.05309389277010276
  0.05768489872060571  0.06332308288810316  0.07031669227996343  0.07906499283051786
  0.08803673242761448  0.09694268578577522  0.10599531601982076  0.11497422068767831
  0.12382730241825564  0.13289350116046039  0.14422002559157887  0.15642840137032457
  0.16975458507456667  0.18392316285884511  0.20290347897872935  0.22417164747530233
  0.24768960416446525  0.27438093328617918  0.30751495605402640  0.34849828052452270
  0.39494810566836630  0.45732548699474429  0.54783288780402717  0.66742982209814150
  0.77852825195778130  0.85369923088489363  0.92256272860584176  1.00000000000000000
  0.00000952237418071  0.00001362679157896  0.00001704423472431  0.00001975263134287
  0.00002132475853823  0.00002283604645988  0.00002413277254333  0.00002498859167284
  0.00002537838039089  0.00002573534154397  0.00002628045148061  0.00002678218264339
  0.00002720141068654  0.00002793777394660  0.00002878323345063  0.00002972411649033
  0.00003079618888306  0.00003179635018082  0.00003282604185668  0.00003397941414810
  0.00003515838649470  0.00003617248587053  0.00003718855393322  0.00003801939757536
  0.00003852193291320  0.00003936794263634  0.00004077727508314  0.00004218037268367
  0.00004351437761785  0.00004474860396773  0.00004631914954792  0.00004826571602700
  0.00005035169361033  0.00005276006699283  0.00005533794835518  0.00005775582289935
  0.00006003448781374  0.00006245466811483  0.00006509408782687  0.00006780231470821
  0.00007054296937103  0.00007331178731521  0.00007612867372433  0.00007918708837838
  0.00008243329223577  0.00008528141975379  0.00008842344156479  0.00009176007928343
  0.00009508435163871  0.00009885256558650  0.00010335558891964  0.00010802747678050
  0.00011325859967024  0.00011966700496837  0.00012792329900462  0.00013675581272722
  0.00014563343855822  0.00015478920686786  0.00016359709938684  0.00017343139145107
  0.00018428975182456  0.00019675826650780  0.00021095312799072  0.00022555164589975
  0.00024280906061986  0.00026027585451127  0.00027853177112950  0.00029771945894341
  0.00031944816512046  0.00034466315997010  0.00037351727152205  0.00040375804869082
  0.00043625335532904  0.00047311370350444  0.00051900936475793  0.00057405460557522
  0.00063656931470176  0.00070933911081424  0.00079374288225108  0.00088968452409442
  0.00099168170235743  0.00112521609844812  0.00132465945287417  0.00163036717294645
  0.00206519882628674  0.00255815288450011  0.00312013541944487  0.00398873947813891
  0.00543797867070251  0.00755241014970903  0.01168140677053547  0.01866860294834737
  0.04092579827088762  0.08394729752336388  0.21714585436417444  1.00000000000000000
 -0.00141456057955753  0.00530492258901017  0.01217702084584815  0.01925377593232891
  0.02656618856860971  0.03549731420274580  0.04459108961787777  0.05258871421035121
  0.05956952765091372  0.06636860363264835  0.07342738498225665  0.08119261356414928
  0.09056589683143469  0.10056459315965766  0.10872159548493311  0.11734087927806076
  0.12602726538848960  0.13436797363224354  0.14382367522329847  0.15357261020803853
  0.16255018818199474  0.17120158168941629  0.18031055538405094  0.18877359113146674
  0.19959953979766215  0.21351417832721162  0.22621159152787815  0.23866050491493185
  0.24838686413684025  0.25863930365528659  0.26959963668805376  0.28107816317499151
  0.29295788873608658  0.30457702180136681  0.31572936744755697  0.32674251168885005
  0.33801022404078823  0.35076863477585518  0.35958268901663643  0.37332059507083809
  0.38534653109471878  0.39745774834084591  0.40895527666582709  0.42176226282186696
  0.43462431125062145  0.44541982989698070  0.45605562041630165  0.46782892192257119
  0.48188089191592981  0.49539876556931856  0.51103461774724568  0.52300562139002382
  0.53390259259857809  0.54500323798021866  0.55942438683456663  0.57624762551199360
  0.59356200062936071  0.61141121804279053  0.62816470860667273  0.64170226726743151
  0.65324259579130428  0.66336924314996126  0.67382243394517338  0.68462671524691221
  0.69594978546622133  0.70715211720211002  0.71859185629580968  0.73178748727227672
  0.74643412901111206  0.76152668429753001  0.77478963059260952  0.78673602429173395
  0.79790908644389269  0.80879392394668392  0.81934821139126812  0.83004207821475873
  0.84158441527851435  0.85360990427784456  0.86489990448694087  0.87522635183726327
  0.88207395763073881  0.88655981981532417  0.89056156323868307  0.89446002716329054
  0.89922474778502115  0.90604898311914883  0.91481748499312787  0.92417146535904593
  0.93395952260992832  0.94361046713115382  0.95311507790724026  0.96228908855782957
  0.97021176338272153  0.97918900823521571  0.98871454702067540  1.00000000000000000
 -0.00174942577671936  0.00768144591311691  0.01070674877389165  0.01373913124262149
  0.01708103105680844  0.02033357330814420  0.02420081459888029  0.02804839415642367
  0.03708661641912640  0.04875960617904548  0.05892418135213745  0.06742753319112220
  0.07540428539061483  0.08218412837524927  0.08937657223861867  0.09859488251115947
  0.11018128898024686  0.11859249554519577  0.12658125433797013  0.13724317508283373
  0.15022335960058569  0.16352738573850567  0.17555789535934080  0.18648449731218922
  0.19804454592588391  0.21015354044066820  0.22383209727004538  0.23513468973843585
  0.24651080547842555  0.25926943006634628  0.27225491224114956  0.28505116002795983
  0.29791428929547487  0.31087615812388669  0.32411413462271632  0.33773774353112485
  0.35036949230544862  0.36322792515201013  0.37672125279988689  0.39108615479747655
  0.40531706515652038  0.41860026722937310  0.43123198612895852  0.44310360834834572
  0.45495020602202740  0.46570249224283550  0.47624255825466832  0.48770667772738963
  0.49987243492455841  0.51187384765182664  0.52312824625651189  0.53342147652905447
  0.54416760874311498  0.55624466786967641  0.56946910332647960  0.58216573876726552
  0.59380049934124024  0.60395679334714880  0.61306044435598173  0.62197819038465840
  0.63097892732024607  0.64025585344729874  0.64980237273486063  0.65927783993116007
  0.66758188054860368  0.67525855181220085  0.68377896201916866  0.69465184280569958
  0.70653425099026157  0.71768132256397243  0.72967280645801513  0.74037000417035481
  0.75113212050902090  0.76077964118257502  0.77042492079779035  0.78133549145709469
  0.79410850980340253  0.80820812782306706  0.82177847522234504  0.83430204137747865
  0.84456191534634850  0.85433595017974484  0.86379679390628750  0.87534904987073447
  0.88782091109493122  0.89968133641644266  0.91129926533563488  0.92263052535444234
  0.93380361063572570  0.94343594007120790  0.95155048409107379  0.95961094001911562
  0.96808639191931845  0.97874567399591672  0.98972476566043233  1.00000000000000000
 -0.00083213239104001  0.00326495009110835  0.00760295352128385  0.01370328012973631
  0.02145698671623231  0.03062721843482539  0.04056464380704765  0.05300528145763855
  0.06860221111610781  0.08675835458816321  0.10625058575264056  0.12581825900573410
  0.14595307451239448  0.16532335695746317  0.18704644531036652  0.21052415769934635
  0.23456094724676740  0.25924100410298118  0.28219338039810837  0.30495237212462428
  0.32865400591994753  0.35165639539543875  0.37526555025882391  0.39669525650248161
  0.41881689220134072  0.44079377431733463  0.46436055258241959  0.48939433516699188
  0.51655137289273223  0.53745393629289395  0.55825369223935595  0.57970713979282729
  0.60268467635838241  0.62402266133071393  0.64384563588775579  0.66233578611947364
  0.67881177006603766  0.69332148210952727  0.70759852508338006  0.72360365530382531
  0.74119943717654790  0.75854352743181741  0.77551223057076113  0.79052515696182835
  0.80343658567872789  0.81579962148838892  0.82879799631307971  0.84042270479462577
  0.85100743858017802  0.86133020395938642  0.87177492159410586  0.88124017598983817
  0.88947578120116511  0.89637053714225379  0.90287525594886842  0.90876327196600737
  0.91433637041757398  0.92062908263098275  0.92718629885536064  0.93337776654132487
  0.93923431940378277  0.94486729113843659  0.94991493176234820  0.95416252766784238
  0.95802256291512500  0.96161061849079643  0.96446249874208545  0.96717681017094270
  0.97025360456779297  0.97356066547706599  0.97673240875427791  0.97949520197608808
  0.98169979443789934  0.98393225189302191  0.98580035391689125  0.98687848619578944
  0.98790598491741954  0.98887614214953590  0.98985435887572359  0.99088562456001961
  0.99194908936281811  0.99287315376235441  0.99360882238976989  0.99428519563062401
  0.99491958468986286  0.99554996111187299  0.99616366566072967  0.99672818122745943
  0.99723962612292893  0.99771705714135717  0.99811391358334767  0.99849649208113822
  0.99887529982462642  0.99923306645319054  0.99960488911466516  1.00000000000000000
 -0.00225290765502725  0.00818687640130052  0.01718141522039714  0.02717446777825509
  0.03671765361559773  0.04456297198985400  0.05173085884490130  0.05785238845089687
  0.06211374663040679  0.06649482648482610  0.07087497993819639  0.07504521564483556
  0.07982865767846276  0.08675504515882400  0.09823671250937162  0.10954202818036886
  0.12115076896037535  0.13331664306285146  0.14526633375881332  0.15848403950507262
  0.17323616208425779  0.18709473121569345  0.20067850790998185  0.21452375853464306
  0.22712042909486624  0.24006422206820993  0.25239835841415897  0.26384232724178197
  0.27382313135200320  0.28290280648657534  0.29387842130621578  0.30457139631731400
  0.31448077515072942  0.32568724808932875  0.33987743224362543  0.35271238154127893
  0.36363989091848942  0.37282600104787744  0.38154928138012123  0.39089942468908023
  0.40326316980614496  0.41762950680759925  0.43233406331287155  0.44476588522203081
  0.45620179852431797  0.46739229143375960  0.47859223008140839  0.48868740480948603
  0.49748197963863799  0.50681403385615542  0.51638185659240465  0.52674368698253149
  0.53802055199243703  0.54963902858058844  0.56119523093795542  0.57114983092329641
  0.58120313377536792  0.59263549834872709  0.60610252976368439  0.62227245232755701
  0.63783299220973821  0.65047676411567412  0.66220702057103653  0.67339541020883842
  0.68547809949150640  0.69879779711046930  0.71039085276546787  0.72092869950552996
  0.73178836790848234  0.74215408014683248  0.75152925188644559  0.75987963269071346
  0.76867786550668604  0.77764576035753830  0.78718753416075760  0.79779124445446692
  0.80838401238545154  0.81831366480762158  0.82789774777152170  0.83707930412121956
  0.84770790711821065  0.85850773984007545  0.86861660414590103  0.87922874077148672
  0.88980016890830282  0.89994871449349501  0.91054967249296170  0.92191655571795250
  0.93365390744561871  0.94473524541356857  0.95316100306911711  0.96134672190666071
  0.96995315753285327  0.97974373320559427  0.98917497523694775  1.00000000000000000
 -0.00162145882332717  0.00588779425075286  0.01428736721818160  0.02393999253228383
  0.03628651834025265  0.05016153028534640  0.06336268976976775  0.07549130889207981
  0.08815581580584916  0.10083249367012490  0.11376135023097561  0.12561530271446056
  0.13951665747788244  0.15444247586771967  0.16711780396030157  0.17835683761584803
  0.18853816382430694  0.19845955318763717  0.20881897078923750  0.21997024416372091
  0.23141413113635348  0.24248149976786107  0.25157775063323062  0.26050256405157374
  0.27013009168852331  0.28010153152932610  0.29141722351816418  0.30280833190010592
  0.31466248618016973  0.32668189055625424  0.33951990439715990  0.35282928943167868
  0.36372727826306139  0.37213212963399162  0.37962696426872872  0.38698772752589322
  0.39522573402420119  0.40482503211829363  0.41418703374698146  0.42356173851116896
  0.43376483239890901  0.44335214354289088  0.45386719654342317  0.46458512862732654
  0.47453739381481486  0.48428312768886372  0.49453832667015568  0.50567681509659757
  0.51650837493545765  0.52602694072749845  0.53510152246079934  0.54593192216342368
  0.55767635137810379  0.56772019594990208  0.57737798582749988  0.58667095162901639
  0.59492178883879954  0.60476583127024197  0.61572601397468452  0.62592374917971205
  0.63814893348716917  0.65155350852544069  0.66149208334496779  0.66815981698715632
  0.67498601655822876  0.68111600715209797  0.68720354947024898  0.69320659857671585
  0.69998246826362553  0.71087525319927947  0.72432295153547832  0.73719837377132791
  0.75153368181546765  0.76649641423739201  0.78129206502130266  0.79290442438749298
  0.80241695727935047  0.81122898926140385  0.81959569972997914  0.82754927013767843
  0.83574122968417186  0.84479417941877810  0.85513536201530538  0.86784564116557539
  0.88143007776666493  0.89168209018456124  0.90148634118885573  0.91194072240164370
  0.92311428553069119  0.93441227279937589  0.94430848314133664  0.95493084071439305
  0.96592612805319789  0.97713729179755504  0.98845371486366806  1.00000000000000000
  2.46602554034127347E-006  -1.0000000000000000     
 T T T T F F F F F F F F T T T T F F F F F F F F T T T T F F F F F F F F T T T T F F F F F F F F T T T T F F F F F F F F T T T T F F F F F F F F F F F F F F F F F F F F F F F F F F F F F F F F F F F F F F F F F F F F F F F F F F F F F F F F F F F F F F F F
  <DiscreteSampler_grid>
  grouped_processes
  1 # 1 for a reference and 2 for a running grid.
  10 # Attribute 'min_bin_probing_points' of the grid.
  1 # Attribute 'grid_mode' of the grid. 1=='default',2=='initialization'
  0.0000000000000000 # Attribute 'small_contrib_threshold' of the grid.
  0.5000000000000000 # Attribute 'damping_power' of the grid.
 # binID   n_entries weight   weight_sqr   abs_weight
    10   10   4.764552291551753E+003   1.178630311658098E+008   4.764552291551753E+003
  </DiscreteSampler_grid>
