  0.05147201604717767  0.05157444134301471  0.05188054790511147  0.05213780576013718
  0.05237903034618311  0.05261513761622914  0.05287950717094449  0.05316108195416018
  0.05345262943542280  0.05374741394005249  0.05403931824000911  0.05432572279950644
  0.05461461034955686  0.05491189454220119  0.05523520274731516  0.05557194425543583
  0.05592460210797536  0.05629641736298238  0.05668660035655508  0.05705623368229124
  0.05744213353466263  0.05783944456668230  0.05823790811381126  0.05863568288104318
  0.05903093656415675  0.05941030367133804  0.05974166439632828  0.05999540436321539
  0.06026470049084631  0.06052820502832448  0.06081543393010214  0.06109458279361313
  0.06134925681793416  0.06171926261213538  0.06206318829572128  0.06243966839367127
  0.06290244994696759  0.06346300534402878  0.06405305594103694  0.06470555390757282
  0.06528656602149902  0.06591158928798559  0.06654723819751183  0.06719300928306381
  0.06787691700187000  0.06863310222039908  0.06932465124298759  0.07003121479763907
  0.07071839096952270  0.07140281031161867  0.07220056800131308  0.07303171185279062
  0.07376586566149820  0.07443027354524101  0.07507392343530335  0.07574201267559694
  0.07644807679041141  0.07721718304073547  0.07801368988298928  0.07884637594039813
  0.07973689199057711  0.08055474852890476  0.08143568928642689  0.08234591463943589
  0.08329129750513900  0.08448143887770022  0.08606497923930793  0.08784119520860734
  0.08979626991413839  0.09180654720547619  0.09360543670924164  0.09544054414952956
  0.09727109848412714  0.09929034046354941  0.10151903031090759  0.10436008050060021
  0.10792053640603390  0.11199445587908675  0.11644060782206100  0.12099897298212374
  0.12608417202973371  0.13246625098737166  0.14009085533124274  0.14874402691408165
  0.15773437258730658  0.16684847658378957  0.17880046171996444  0.19392926444683461
  0.20741304142072720  0.22135814713583887  0.24494758982798759  0.27841210560943636
  0.32972150096087766  0.41490095978691394  0.52771083551733489  1.00000000000000000
  0.75442744575919207  0.76573326290503219  0.77703908005087230  0.78342861795243501
  0.78901419439426435  0.79220145985950896  0.79437351391576949  0.79676222988888101
  0.79916537880469485  0.80129136902432208  0.80493206450570565  0.80826170722544610
  0.81072005906114375  0.81311056352045596  0.81556937803038021  0.81833425583034525
  0.82103493688093676  0.82356023874225182  0.82586784383734135  0.82820949472940153
  0.83050996165305846  0.83307663502754792  0.83560618245829665  0.83808441933957434
  0.84034323567410585  0.84257528985639629  0.84458086640802721  0.84651343356905484
  0.84851143586618905  0.85069969489147379  0.85297076671250960  0.85497018595131968
  0.85668769971063286  0.85853163191318693  0.86058909163994080  0.86242502945505961
  0.86385663974960869  0.86511948635020874  0.86635323504401729  0.86764498381635258
  0.86904847171096977  0.87057451480756298  0.87211820747270874  0.87322230966405234
  0.87436862282047756  0.87555761144150179  0.87660028119878197  0.87770169098313777
  0.87889115710328758  0.88005914396025264  0.88158887148548470  0.88336026652054889
  0.88521395691256943  0.88701839218626755  0.88891241544199606  0.89072736253652307
  0.89242968626654962  0.89394513915486373  0.89527542866012677  0.89656086136415258
  0.89824085075656002  0.89990985536581547  0.90173549379792861  0.90383328684539921
  0.90598287766256946  0.90789279414375879  0.90981298480288564  0.91165293518277868
  0.91356717367019002  0.91522949642656903  0.91690809073899215  0.91877011476178505
  0.92077294016029909  0.92295936016850333  0.92517779318077320  0.92669596510531782
  0.92788709477954645  0.92897153955385914  0.93003963905008991  0.93119816002873512
  0.93232486185374430  0.93343891235830045  0.93447943828499613  0.93607140136717470
  0.93896644040872723  0.94257840930013703  0.94650694566047255  0.95045116841432165
  0.95369622210276928  0.95654637282012456  0.95961054599383566  0.96477735054676284
  0.97151781538566040  0.97999882090174451  0.99056184217620147  1.00000000000000000
  0.00748800471499040  0.03522954234232266  0.05687451126798329  0.07814736616260445
  0.09774460029997441  0.11694395727311799  0.13578446740224162  0.15408328116496908
  0.17243494484101793  0.19085446627010660  0.20876361573334065  0.22623754029367271
  0.24302817217984141  0.26033297549165962  0.27791007825666553  0.29683065644765960
  0.31739465004030865  0.33967467556188990  0.36234816194819103  0.38411054769665182
  0.40528212335177449  0.42234223064564524  0.43950224235127838  0.45700702920087000
  0.47508384702194978  0.49362205333094100  0.51366495763748166  0.53394017772846925
  0.55438050994381050  0.57463801279994431  0.59416338315278361  0.61294597659058903
  0.63218705913755668  0.65165224201275740  0.67854041198115178  0.70278984872394368
  0.71940978364758534  0.72806617091867187  0.73052879264560755  0.73172207227926356
  0.73492889515813375  0.73960536164562751  0.74417215486474508  0.74943639699441555
  0.75552906793410468  0.76039213918572346  0.76492268826467680  0.76913143539123996
  0.77343298111293368  0.77837431001862090  0.78322022340758857  0.78750789907729546
  0.79176501611249417  0.79585018882089076  0.79979573113023206  0.80406799514415417
  0.80894024725065472  0.81411639800163949  0.81928920368502012  0.82396297196141011
  0.82854180151547108  0.83308604487276527  0.83764875381166992  0.84267106614577203
  0.84796257452438750  0.85250322979914350  0.85745314782346738  0.86309539833107884
  0.86826493199226462  0.87295784555993505  0.87753832013758437  0.88242654533747555
  0.88787464924740933  0.89334438369571945  0.89858764128746216  0.90428922788613608
  0.90952745107324862  0.91445116419525896  0.91889349405097265  0.92303384057419291
  0.92766380339694632  0.93280809637782014  0.93785994905056280  0.94288611018564261
  0.94795004891578916  0.95295802949104080  0.95751724549802919  0.96168844899513750
  0.96551238920826077  0.96978537288763078  0.97404618659967013  0.97844372828193282
  0.98350726128700616  0.98883298359546745  0.99432422178625335  1.00000000000000000
 -0.00300503510881537  0.01098180738534037  0.02117811624310276  0.03130066108654162
  0.04129409356316647  0.05127744858347862  0.06228842926532992  0.07489121714482579
  0.08652221892608289  0.09554802768076508  0.10438711227111004  0.11359389041270210
  0.12296502348527355  0.12847410879252991  0.13245421872496074  0.13731885034202235
  0.14312086475757105  0.14842444424208828  0.15300842382359861  0.15760637113722942
  0.16315178565234975  0.16914735894383193  0.17516924561521094  0.18092620044969068
  0.18626211501640907  0.19449868597803191  0.20729204564908030  0.22050573278821528
  0.23459493406107584  0.24840446750513537  0.26050471835850958  0.27186446420038046
  0.28306224773481287  0.29433184942761170  0.30539250552316849  0.31663024282929619
  0.32771611089083952  0.33846548390590508  0.34955816601047229  0.36121455756358700
  0.37330802629635712  0.38583996485298255  0.39649145974002376  0.40639596811469242
  0.41685170885014422  0.42777713712889892  0.43863362863168415  0.44894494410079777
  0.45859429519216538  0.46775024889287459  0.47729546953616192  0.48863384653629899
  0.49943960605269561  0.51107253910324102  0.52264736462114836  0.53294309574201648
  0.54422052785256447  0.55334103196410167  0.56097167532085812  0.56902527036797979
  0.57798429062477952  0.59090612975733359  0.60627206454381122  0.61969551331069150
  0.63189219372447969  0.64455143262274017  0.65778094121206143  0.67154843470084291
  0.68562345837527028  0.70122169424159231  0.71490257780052591  0.72720876764959463
  0.73771112810371853  0.74704961384861401  0.75582149424019773  0.76449833028856773
  0.77337969492314929  0.78339538801498143  0.79525177503444167  0.80693848635478993
  0.81830091391373261  0.82967001913436433  0.84020356197495383  0.85142106898512082
  0.86331990240799661  0.87535790886888409  0.89000841159260791  0.90121704554387816
  0.91236650378354645  0.92264783989584787  0.93373549928430011  0.94736209183741349
  0.96117582610361907  0.97449961744488656  0.98732125586327102  1.00000000000000000
  0.00039893376437958  0.01985095583649537  0.03599992202365351  0.05403417556238573
  0.06972362249360645  0.08390387151490786  0.09769235418754992  0.10640253805970601
  0.11092318359366964  0.11510456379127909  0.11969913650041900  0.12472194244152017
  0.12955680694603897  0.13529585224274460  0.14093233274455322  0.14667216004361600
  0.15234692590126606  0.15685354777773064  0.16120004931613238  0.16595142326725651
  0.17553779039966441  0.18696428309634450  0.19951583165138068  0.21308544004115204
  0.22677857005129284  0.23900882850785676  0.24795580607391454  0.25629883252286828
  0.26454846677246474  0.27301590999699932  0.28154460601071102  0.29058223524721977
  0.30024715719389028  0.31028848405852394  0.31892937717966097  0.32772180649731708
  0.33758387644800231  0.34928489014901881  0.36241530023581320  0.37657589195112312
  0.38982592462507848  0.40262412232513045  0.41422602315946710  0.42547833448660671
  0.43661648858968799  0.44764517378810548  0.45880856585824792  0.47146604552922217
  0.48180253114435573  0.49132363097429133  0.50040896003831581  0.51085276551716818
  0.52069212830614908  0.53103497265937094  0.54227332922095084  0.55558682074116361
  0.56736986217289198  0.57614666273922976  0.58375350092037681  0.59059219309927724
  0.59776761608805418  0.60462703114830096  0.61449235662490898  0.62282588208324774
  0.63493589811562268  0.64694919044607191  0.65897323226183346  0.67097109016972456
  0.68292567990183839  0.69559813309417029  0.70643238592944324  0.71526811269331081
  0.72322804338191626  0.73136695989477651  0.73950761005767862  0.74792895880935184
  0.75635959378993634  0.76476834926786175  0.77389543184185039  0.78521820394062125
  0.79571224766246484  0.80692017962907125  0.81891769207166554  0.83166140973702740
  0.84549158823812542  0.86031761385062488  0.87552227812758454  0.89020591164346563
  0.90460038845418467  0.91903381885093793  0.93256755304095273  0.94542994925715929
  0.95841400292393841  0.97198878641070718  0.98645725960151043  1.00000000000000000
 -0.00341619961002353  0.01353165382624331  0.02981147470607130  0.04479220054208104
  0.06090749224510843  0.07325463800636239  0.08487710673458572  0.09564497054094027
  0.10614755206376315  0.11769471118866250  0.12569438140221192  0.13003828472379259
  0.13450996416809238  0.13955008287402326  0.14454370558551741  0.15002879619517803
  0.15610912970675209  0.16183377954409789  0.16755694147558359  0.17208743668556448
  0.17657005188612471  0.18145006011810094  0.18613621064465261  0.19380384078113533
  0.20442186687428390  0.21483252821917831  0.22379602285101832  0.23216827566328557
  0.24095930927633982  0.24969791413952408  0.25941064508263501  0.27060912324353714
  0.27829109552416703  0.28734188310717906  0.29612417676227015  0.30486954320559373
  0.31508098302582599  0.32672883132231145  0.33819593463492825  0.35038343669399241
  0.36369007689278210  0.37724582013167052  0.39144340582779930  0.40520291115878310
  0.41815825877050622  0.42998456805663926  0.44095051996525420  0.45156038998279763
  0.46181139665244625  0.47098864713523653  0.47999867013286529  0.48980028680768817
  0.50107273627072946  0.51279159579246170  0.52569009940407230  0.53949303175768248
  0.55255916549984463  0.56674330254771166  0.58005052972778570  0.59147313245835231
  0.60062210002712735  0.60829906186681715  0.61540054332377869  0.62298544650307797
  0.63148933912439764  0.64059643397564081  0.65096489974112282  0.66505371609891339
  0.67857324652768669  0.69073642566103477  0.70379523786079623  0.71824619735678075
  0.73451416224130095  0.75051575643232471  0.76468467858020839  0.77754278566157220
  0.78970633821147873  0.80412413304446551  0.81731810878957767  0.82644679824417666
  0.83443149340077116  0.84198513658400498  0.84918534840637772  0.85787177064539621
  0.86824261816611070  0.87989289848762720  0.89462988198124005  0.91015526604146380
  0.92506169949181194  0.93860327732464410  0.94900844484815750  0.95878171359251974
  0.96867043953178411  0.97762006328347051  0.98801329526514703  1.00000000000000000
 -0.00218060792287309  0.01553178632794395  0.02880310717473622  0.04114694259856125
  0.05360753447657429  0.06633961912110864  0.07897745658194048  0.09110174778992068
  0.10232938413569895  0.11532104784431588  0.12828369022626837  0.14189706113620532
  0.15591586943339864  0.16984878251721583  0.18405843281979750  0.19503559740146320
  0.20328826318269880  0.21140041236258672  0.21956927477172322  0.22840427116476328
  0.23795829091002538  0.24645267354263167  0.25784738822722209  0.27131093644960791
  0.28711928773830359  0.30322626373730283  0.31653027041287340  0.32976722974243838
  0.34348272458948553  0.35846515855067179  0.37334387315585271  0.38617105949017971
  0.39716423530588402  0.40677429142625626  0.41657858595670427  0.42763987248128804
  0.44039864664577838  0.44941822453039876  0.45822557727317509  0.46786303948485236
  0.47796975852040119  0.48805882455232019  0.49918032169915705  0.51098187710481147
  0.52297090186198192  0.53611551401830126  0.54816931849264983  0.56100669690840677
  0.57552273596103387  0.59091392327415937  0.60457587917862599  0.61920595394851574
  0.63050097003574523  0.63937739029508855  0.64654345076101827  0.64975536963738556
  0.65569404288582245  0.66209632316101430  0.66852162613342381  0.67427751826242932
  0.67951840452352619  0.68453623886895620  0.68927156321375793  0.69477105666046768
  0.70118688014106356  0.70592620974829523  0.71193877580404630  0.72035737329756466
  0.72997188681534242  0.74242021802523872  0.75498849337180851  0.76837820889467556
  0.77988796003157557  0.79042431233770161  0.80085747158830300  0.81183272235216575
  0.82386954522028999  0.83737032149946999  0.84953658235219398  0.86093235043218874
  0.87135545371250078  0.87873262915380146  0.88629208286400485  0.89224547540235455
  0.89811286768648568  0.90366293622447758  0.90971986509366276  0.91680413467835498
  0.92355596739782342  0.92988969845452019  0.93590613933823230  0.94330777323677151
  0.95372505319456546  0.96415550593228272  0.97916766087883156  1.00000000000000000
 -0.00373361039231136  0.01579096797056816  0.03306415638809541  0.05017705923561060
  0.06575402926065269  0.07904326800284177  0.09026840798178123  0.09991673885266480
  0.10949888064633230  0.11981130615825084  0.13041372292269285  0.14201324279360658
  0.15295294120614375  0.16462955974668411  0.17655912712081484  0.18871784431263219
  0.20144045725247725  0.21309390313194965  0.22436602336988590  0.23578523827716430
  0.24676028205842485  0.25290984686760365  0.25794488053601938  0.26346202174497912
  0.26828231988815227  0.27276000260554278  0.27771547280100106  0.28269232063949912
  0.28828416171481996  0.29346024069708082  0.29748451243167945  0.30183456631295952
  0.30693676490108757  0.31292123283100709  0.32514297238490586  0.33607768210916683
  0.34646467866668301  0.35695038921967559  0.36669948148072806  0.37698724703012282
  0.38900339385732963  0.40238758906462252  0.41476226487870704  0.42814200309664846
  0.44127715015817476  0.45367454227831577  0.46557205256640344  0.47838449765207425
  0.49081673935575265  0.50428064998798916  0.51894648140256583  0.53431167860010276
  0.54883542701073063  0.56158603858122313  0.57388386278404135  0.58514326430517183
  0.59409363662317416  0.60172540691246179  0.60912315222074098  0.61612737163160802
  0.62506829907049211  0.63538597071419933  0.64491591184139097  0.65729034347345117
  0.66936767605105885  0.68073253688695246  0.69187511831398674  0.70202647718828515
  0.71120379944036916  0.71965483694227261  0.72737365397663256  0.73457522613918880
  0.74310887317741792  0.75183041692846031  0.76046940260718365  0.77052234722291146
  0.78147131053569863  0.79262402309772917  0.80356539945923300  0.81511556756392989
  0.82779290728970190  0.84117514794416282  0.85501071844577869  0.86856819379886940
  0.88137757637268266  0.89362955987056558  0.90584593000905478  0.91688699135857998
  0.92641399054574214  0.93606753554482269  0.94555627479335325  0.95579851178162123
  0.96598598706988337  0.97590924745254048  0.98751010470727318  1.00000000000000000
  2.63266532108490847E-015  -1.0000000000000000     
 T T T T F F F F F F F F T T T T F F F F F F F F T T T T F F F F F F F F T T T T F F F F F F F F T T T T F F F F F F F F T T T T F F F F F F F F F F F F F F F F F F F F F F F F F F F F F F F F F F F F F F F F F F F F F F F F F F F F F F F F F F F F F F F F
  <DiscreteSampler_grid>
  grouped_processes
  1 # 1 for a reference and 2 for a running grid.
  10 # Attribute 'min_bin_probing_points' of the grid.
  1 # Attribute 'grid_mode' of the grid. 1=='default',2=='initialization'
  0.0000000000000000 # Attribute 'small_contrib_threshold' of the grid.
  0.5000000000000000 # Attribute 'damping_power' of the grid.
 # binID   n_entries weight   weight_sqr   abs_weight
    10   10   4.541694530535864E-005   3.700996313544493E-009   4.541694530535864E-005
    16   10   4.629556684488722E-005   4.025498148013882E-009   4.629556684488722E-005
  </DiscreteSampler_grid>
