  0.00001231233018592  0.00001467735916413  0.00001580670568711  0.00001684465139451
  0.00001792700326296  0.00001898062086602  0.00001990982633892  0.00002078101287390
  0.00002158024788916  0.00002243014239044  0.00002336960306190  0.00002444919304214
  0.00002568733725764  0.00002697506626686  0.00002828717440836  0.00002960920810175
  0.00003097019777901  0.00003241329567245  0.00003394230015206  0.00003524797802005
  0.00003616777118305  0.00003687614151887  0.00003766259272733  0.00003858474892282
  0.00003956359157248  0.00004056585556733  0.00004152923615883  0.00004248537246404
  0.00004399032823999  0.00004569759019542  0.00004747907191099  0.00004940704261423
  0.00005143425371224  0.00005345123567527  0.00005545508014612  0.00005757091577951
  0.00005977044683080  0.00006211638585539  0.00006476082187213  0.00006730688872380
  0.00006988817275635  0.00007242137150363  0.00007503096804885  0.00007778456361534
  0.00008072799891179  0.00008379880271894  0.00008688391277375  0.00009012707879078
  0.00009348306115724  0.00009693296144358  0.00010056092005464  0.00010443524050626
  0.00010865693964067  0.00011259173351045  0.00011699294024663  0.00012231170552424
  0.00012846614828666  0.00013500085333559  0.00014179714172251  0.00014907892785636
  0.00015701220653458  0.00016546837753572  0.00017442405253749  0.00018413401727291
  0.00019430861555625  0.00020558302353424  0.00021750430751896  0.00023015334835659
  0.00024356803654471  0.00025831410004351  0.00027530235727588  0.00029384848012214
  0.00031346649000275  0.00033415470797767  0.00035496657923274  0.00037679246534927
  0.00040165332789482  0.00042942362077506  0.00046204491580818  0.00050043492949836
  0.00054576198316723  0.00059634569730415  0.00065261023176247  0.00071815023933645
  0.00079925317580715  0.00090018381834870  0.00102410965488636  0.00118032008166497
  0.00138791345572671  0.00167975758685334  0.00209214721146180  0.00267323890950638
  0.00358925173129765  0.00643846340049131  0.02244279451591442  1.00000000000000000
  0.00003725848762939  0.00004814382907787  0.00006053042253037  0.00007303669384578
  0.00008576046026608  0.00009943133622669  0.00011457529473955  0.00013213448067889
  0.00015229919823207  0.00017420908445463  0.00019718261546688  0.00022194362778572
  0.00024942205547879  0.00028064315223550  0.00031684466850597  0.00036033005062902
  0.00040629001758022  0.00045375844199235  0.00050695927633250  0.00056786312576459
  0.00063354629937796  0.00070376070965434  0.00078340391928951  0.00087062515170707
  0.00097671714667311  0.00109246046910684  0.00122449739980756  0.00136383856844050
  0.00151590501923932  0.00168579506049888  0.00188632103678409  0.00213252085635815
  0.00240729316017705  0.00270080210038207  0.00303213417080549  0.00339265046652491
  0.00378961575634648  0.00421970042541292  0.00470679261649386  0.00528874477402113
  0.00596226668569100  0.00667647446190316  0.00745021479755218  0.00826749030318591
  0.00922856275787278  0.01031557608033949  0.01149188926035069  0.01275642855780473
  0.01404843055391704  0.01540859670917686  0.01707382952017199  0.01868925456358371
  0.02053030863160682  0.02258951189957248  0.02507028008979557  0.02794520069172146
  0.03114657667995642  0.03468821438434277  0.03882976956923843  0.04360906986903607
  0.04900110912811858  0.05460199801796887  0.06050492953838236  0.06699799454606260
  0.07421469859326531  0.08222300607372525  0.09079248104172782  0.09976053991715805
  0.10873882936991425  0.11695016944835886  0.12699262115488016  0.13805920108102746
  0.15043972245232040  0.16519607538750047  0.18160356855363818  0.19866953371325774
  0.21426366723842771  0.22755647980251933  0.24226567855896800  0.25878852908926447
  0.27638266793014871  0.29422893685399887  0.31330029997624775  0.33387818575844036
  0.35368907161558688  0.37600409719255617  0.40368737474979188  0.43652843310058215
  0.47369411267811912  0.51243172774646895  0.54939249885161301  0.59166935148642430
  0.65587547901511645  0.74340072931077084  0.85751214158267164  1.00000000000000000
  0.00000442570477695  0.00000572280081351  0.00000705363379149  0.00000843594851663
  0.00000980668008180  0.00001154867605806  0.00001319441250224  0.00001425962790305
  0.00001534880655280  0.00001649294183548  0.00001763861902985  0.00001879481404632
  0.00001995100906278  0.00002165204731843  0.00002319938046748  0.00002453676421564
  0.00002571758301417  0.00002639985020721  0.00002698241851110  0.00002761883300382
  0.00002828928042919  0.00002901372140264  0.00002979956941072  0.00003056637531629
  0.00003132855199396  0.00003206768298401  0.00003284244344415  0.00003372698391945
  0.00003464427967490  0.00003549852305519  0.00003626475221773  0.00003705361560010
  0.00003779452420002  0.00003862205545672  0.00003947796332860  0.00004035313941364
  0.00004108657988746  0.00004209818546961  0.00004338303217830  0.00004473511850029
  0.00004617863987118  0.00004766972114874  0.00004911922685637  0.00005067827021259
  0.00005224266322311  0.00005384574129915  0.00005554196697460  0.00005731868068999
  0.00005916545996303  0.00006117014507819  0.00006337572379449  0.00006579428612654
  0.00006840158587195  0.00007112715312545  0.00007397128759300  0.00007696481499993
  0.00008009958737829  0.00008334566494046  0.00008678878883836  0.00009059675764876
  0.00009464655487674  0.00009888920503510  0.00010358480982612  0.00010888191197615
  0.00011453163432802  0.00012046595576514  0.00012722894134103  0.00013479929527242
  0.00014316083769305  0.00015268308035965  0.00016377217080065  0.00017653224499755
  0.00019087533777234  0.00020663823146000  0.00022424674674675  0.00024396115916758
  0.00026846007334063  0.00029564323882134  0.00032144430363155  0.00034975251229423
  0.00038361787522760  0.00041956171598176  0.00046571552197079  0.00053139020954811
  0.00063610928466506  0.00077214233873819  0.00094558151065750  0.00118795827799125
  0.00156127721650600  0.00207116235092914  0.00293565748927359  0.00478708401349298
  0.00875153507583467  0.02119560059885482  0.09303578035714241  1.00000000000000000
 -0.00197135101148007  0.00687356737063904  0.01570116023661156  0.02443926469852981
  0.03347157492901585  0.04237805258483306  0.05108890913525498  0.06002513399599423
  0.06961850998384318  0.07917869633991516  0.08891544194668287  0.09877161777490608
  0.10843928563530139  0.11837090876156653  0.12803673905798377  0.13744299001864457
  0.14712111723289617  0.15730695946825796  0.16837457129589611  0.17949177647701325
  0.19088732440471604  0.20218363967611699  0.21329557250269451  0.22404205866350568
  0.23476093939739270  0.24601418978081385  0.25775558317039288  0.26981395786029533
  0.28190698321755858  0.29371926346672494  0.30512722964852523  0.31612565588756536
  0.32672673005155661  0.33720675972976072  0.34813790767787317  0.35985067373893687
  0.37184171738005783  0.38334316964691506  0.39422350944663154  0.40497570146085032
  0.41619667537194110  0.42795971253985965  0.44011018456061290  0.45279226705869818
  0.46437506572491899  0.47289250124437582  0.48049825530212692  0.48798096417756209
  0.49497310633290126  0.50185820936283265  0.51061188563313975  0.52264437992958246
  0.53543959783359329  0.54626807135373456  0.55594284244793390  0.56576672048347965
  0.57560681097423516  0.58547119724850505  0.59546507906356794  0.60541956550119691
  0.61558785279570460  0.62668334066255749  0.63682221457192134  0.64934564732910549
  0.66343792791418144  0.67626962945476454  0.68820554960097580  0.70002957453397729
  0.71169245997004316  0.72327322837095476  0.73491171599163008  0.74645922671747467
  0.75810172957078692  0.76838680253789593  0.77746249678019896  0.78653171598651139
  0.79646285037574127  0.80611005860676743  0.81586784929507117  0.82554805198848791
  0.83565554206645265  0.84711611775722939  0.85905202963753002  0.87079787822609211
  0.88245529013364288  0.89422155726405250  0.90607978347542939  0.91786093231980903
  0.92834463640064624  0.93857784184659021  0.94890796857379334  0.95948662759991121
  0.97006955973167763  0.97978137889812644  0.99004716951773952  1.00000000000000000
 -0.00369693634231268  0.01368555335048678  0.01992297650348629  0.02744251552351478
  0.03450349864265599  0.04143713904792327  0.04859505097759995  0.05579731859424231
  0.06147562947743512  0.07208958092936149  0.08394002286850469  0.09637410117000576
  0.10830940684761500  0.12013783538192492  0.13187326775590885  0.14371135704545396
  0.15564046906006052  0.16729461314244687  0.17855743554912520  0.18922641597289130
  0.19960347004973125  0.21013176337492867  0.22024400258587626  0.23049204056373629
  0.24079159333040617  0.25105187146265184  0.26151083804941272  0.27278658628520508
  0.28376858453180381  0.29436157358675208  0.30465880386120608  0.31502385206660688
  0.32604942801154269  0.33702157771842756  0.34819046138167592  0.35964017092247674
  0.37090050369732841  0.38174855726202783  0.39266550231963865  0.40363857811041925
  0.41498754398415288  0.42681251099562939  0.43911754646285417  0.45202056593976137
  0.46365192967156321  0.47444292799865972  0.48539517889604517  0.49637070491002550
  0.50558733256645416  0.51382317464837801  0.52325026181283263  0.53221590087359971
  0.54091083026873910  0.54917087566918799  0.55680118291110769  0.56666247725093744
  0.57828787618592614  0.58958728359037105  0.59988574037926157  0.60941688409492212
  0.61839581274580202  0.62777066389609792  0.63752349728330115  0.64760554578969376
  0.65949669154181711  0.67206295094068202  0.68404888163680477  0.69508414583756850
  0.70548890348877979  0.71599650832686035  0.72672585463019679  0.73760703962752250
  0.74883754275111158  0.76049627802261033  0.77235692246563903  0.78409574900162438
  0.79533223306104017  0.80614593483529828  0.81707811594588420  0.82786609562620217
  0.83876693948754255  0.84960892491606133  0.86039638527467677  0.87073164669904413
  0.88045586087649674  0.89000180613571611  0.90018382922132456  0.91110941922216238
  0.92212951915966190  0.93261007143901531  0.94344886949148654  0.95443113010751679
  0.96578963193794154  0.97736693988709211  0.98859123065928090  1.00000000000000000
 -0.00179212055031555  0.00741645187274253  0.01692360581113096  0.02936300638337317
  0.04410965804824586  0.06059708482533346  0.07783097193492457  0.09608892330879390
  0.11558242538387355  0.13617934284022434  0.15863168165587177  0.18170206389286300
  0.20416106362445449  0.22661867719708503  0.24930332650747244  0.27216492557337402
  0.29577854819453175  0.31941315909743057  0.34305159603924684  0.36692736645867169
  0.39128368462813340  0.41543724949535710  0.43915294183865294  0.46266537571253391
  0.48639115744958422  0.50939249634458028  0.53159917535963708  0.55341081378301560
  0.57536634476136428  0.59790673864346067  0.61949458807416113  0.63933300179622110
  0.65895250981196685  0.67896079011348676  0.69847299140716701  0.71675439720544254
  0.73413397300333649  0.75058411043182471  0.76662419957231764  0.78225782156537160
  0.79735032931080652  0.81189611862583377  0.82608627063817253  0.83957617942585383
  0.85224885458619981  0.86395251176211019  0.87486310704506276  0.88513821449533991
  0.89494512745586641  0.90428469938191269  0.91312349498819989  0.92133770073984778
  0.92861166734808520  0.93504342740514590  0.94076218746804985  0.94579748488026083
  0.95047173675658625  0.95491359106225382  0.95876211632414499  0.96197116488361389
  0.96495676786010343  0.96793885104884314  0.97083526012348542  0.97351375328003342
  0.97603636884526546  0.97843513408804206  0.98069383641285723  0.98276012658341183
  0.98451010842915365  0.98606249110236510  0.98749022770509687  0.98884375978551275
  0.99016715012428391  0.99139483103809167  0.99250723092131343  0.99345898622625450
  0.99437666409675018  0.99515219979298952  0.99576905074208955  0.99627477010644427
  0.99672507561047019  0.99712897447835391  0.99749169071653521  0.99781427286467839
  0.99810390507649216  0.99837665551048960  0.99862767166774047  0.99885217619035893
  0.99905287411435595  0.99923414236473729  0.99940114247608081  0.99955355933704526
  0.99967538425184210  0.99978881963033328  0.99989650799287277  1.00000000000000000
 -0.00228397668589027  0.00897229472408542  0.01947746487039197  0.03022105330953897
  0.04160324435637748  0.05315125370001018  0.06435650160071603  0.07536134558470267
  0.08632932731389270  0.09724097503022314  0.10842478180384815  0.11949928712106427
  0.13095133191114000  0.14202011091090089  0.15309895905389925  0.16457518085309772
  0.17581354949703942  0.18701277739606154  0.19863202542903288  0.21008976801179816
  0.22100340790642545  0.23144080057893998  0.24157806495372650  0.25144583503350476
  0.26096651468734527  0.27007516141654081  0.27955207589508146  0.29015229596289388
  0.30255207761748121  0.31510830492516789  0.32770779201919437  0.34035119524418561
  0.35318247976603273  0.36561400474279493  0.37706477827923879  0.38426036271219438
  0.39101281928315368  0.39801708349458159  0.40459210329617629  0.41069186406123304
  0.41825636231880792  0.42738118283042981  0.43647973984297711  0.44545088246134612
  0.45435587899419311  0.46323463836291623  0.47209333443058615  0.48156303019083979
  0.49215534390529564  0.50302046562881053  0.51358990570296303  0.52441339922686869
  0.53543820996109870  0.54624096629274166  0.55693919023464233  0.56809180367320034
  0.57974800909573698  0.59108995870149095  0.60201788771655496  0.61316197353851964
  0.62426242446376112  0.63506675544911606  0.64627988273383641  0.65794401053732310
  0.66932487982913924  0.68012266691358647  0.69085777031332474  0.70178044806216855
  0.71220751440704977  0.72189247883478491  0.73191183353008582  0.74255674521707826
  0.75342937873682081  0.76442165767029369  0.77494687389994454  0.78464157108508481
  0.79412452057031424  0.80363066563459062  0.81268565528137582  0.82123183150347456
  0.83021044487652840  0.84095530175346078  0.85173229155364727  0.86210686430637995
  0.87268883408561992  0.88369361087109521  0.89548485953755108  0.90742391995166749
  0.91944437948750124  0.93145555481564379  0.94375350103765210  0.95593468490435585
  0.96759899028941132  0.97836609814509001  0.98942678913202775  1.00000000000000000
 -0.00258124622503748  0.00924872881315695  0.01995491030230058  0.03086719549862950
  0.04242657155118099  0.05408698874582268  0.06531545698558010  0.07657531696871087
  0.08749880308600667  0.09769484401072498  0.10801168249245635  0.11783588210037958
  0.12804945938142595  0.13895807635839971  0.14990010802108616  0.16075440461091986
  0.17167675591702100  0.18322656941572910  0.19531615219051834  0.20766828029905404
  0.21981716030015502  0.23153690727681756  0.24293252874872517  0.25414037130737888
  0.26498557863963912  0.27547750702561985  0.28614738705471038  0.29705706885578248
  0.30882564075136548  0.32020834411491061  0.33132967351184256  0.34196361725130975
  0.35221310711206927  0.36229207053124252  0.37274344350320010  0.38379888196793049
  0.39498127099818880  0.40589652078872673  0.41642539147152924  0.42683769061750648
  0.43732698460856834  0.44703683442146097  0.45653494612128259  0.46628985113788046
  0.47635626936137865  0.48646213820600215  0.49706973412804395  0.50887656905633849
  0.52114921431304473  0.53367269144639606  0.54551464654934445  0.55727719599467818
  0.56591861011470679  0.57115532949334968  0.57628901978868008  0.58156334821183786
  0.58787563525854825  0.59781888717834986  0.60792121218389183  0.61739722803180130
  0.62736828891338425  0.63849932166236945  0.64976137968863346  0.66091272402377610
  0.67186890247440545  0.68270947349091315  0.69363407539127964  0.70479593780725192
  0.71654355314170681  0.72833365555911445  0.73971196369865000  0.75093879835748334
  0.76182032590137794  0.77335607957743235  0.78498200211811742  0.79640209213862967
  0.80812876192217409  0.81754017400260537  0.82626739205289224  0.83525739342514771
  0.84441531301254269  0.85336999292248539  0.86234225282943366  0.87140983628434399
  0.88128752304126945  0.89232354582882123  0.90295602441045952  0.91260625821239838
  0.92198489293756702  0.93126923355768310  0.94119904814778466  0.95175433250242303
  0.96293448888787558  0.97464109339055360  0.98720505459467656  1.00000000000000000
  4.52392774207539927E-008  -1.0000000000000000     
 T T T T F F F F F F F F T T T T F F F F F F F F T T T T F F F F F F F F T T T T F F F F F F F F T T T T F F F F F F F F T T T T F F F F F F F F F F F F F F F F F F F F F F F F F F F F F F F F F F F F F F F F F F F F F F F F F F F F F F F F F F F F F F F F
  <DiscreteSampler_grid>
  grouped_processes
  1 # 1 for a reference and 2 for a running grid.
  10 # Attribute 'min_bin_probing_points' of the grid.
  1 # Attribute 'grid_mode' of the grid. 1=='default',2=='initialization'
  0.0000000000000000 # Attribute 'small_contrib_threshold' of the grid.
  0.5000000000000000 # Attribute 'damping_power' of the grid.
 # binID   n_entries weight   weight_sqr   abs_weight
    10   10   1.566053557386586E+003   2.433140066492984E+007   1.566053557386586E+003
  </DiscreteSampler_grid>
