 -0.00149889119761669  0.00424207992919678  0.00983442777880624  0.01536248172992845
  0.02104505931836204  0.02804500443354518  0.03521337854663581  0.04217790504839215
  0.04914192851185124  0.05649124220087919  0.06394280401019956  0.07152073897160253
  0.08012017646670336  0.08910124413664988  0.09837481572732287  0.10845931259378040
  0.11908787346436070  0.13005830168047333  0.14081010959084897  0.15160766149639565
  0.16271522356106466  0.17324461718030562  0.18357649487023517  0.19408081354487050
  0.20459111147323902  0.21528581000699257  0.22614168589238448  0.23721568577495186
  0.24835154517158431  0.25963763632821374  0.27069789351741791  0.28133365884483763
  0.29194182107267108  0.30331634678018543  0.31544166838404963  0.32813162029726356
  0.34094364148756318  0.35347031075779445  0.36575571051551004  0.37803329703386446
  0.39030798810553335  0.40292471663368790  0.41550877617109550  0.42635708274402645
  0.43737695463145387  0.44891554150950180  0.46036819823533154  0.47107594890424237
  0.48236435188901050  0.49410324392123495  0.50535872219280564  0.51662245740322366
  0.52849790965530163  0.54204426474105261  0.55495030963945535  0.56803462527621262
  0.58111452856470436  0.59444112509020774  0.60779518686588863  0.62087698405356651
  0.63493785040836537  0.64851445328143942  0.66074902109299072  0.67230236563361589
  0.68364737447181689  0.69451636322617516  0.70475536080647250  0.71592372754048028
  0.72766793710299893  0.74008574485621170  0.75180176694321121  0.76201142146083745
  0.77150963538460005  0.78086862235846244  0.79069638043153789  0.80108472422926968
  0.81172734815155356  0.82331386416059926  0.83467161107562926  0.84482252253808199
  0.85508715413328118  0.86568034194052790  0.87688126708740999  0.88726323233698923
  0.89710850422004618  0.90776928317880801  0.91821048408787898  0.92884193606890020
  0.93871618070137031  0.94901647109533183  0.95830279584011313  0.96661670563760149
  0.97495307287470367  0.98338205311572335  0.99185386017799393  1.00000000000000000
  0.00069555384454255  0.00080047452438576  0.00082646124320843  0.00085225208858010
  0.00087691361964581  0.00090478100202385  0.00093320907991682  0.00095993910406045
  0.00098776711055373  0.00101770073484189  0.00104987824131511  0.00109046870569926
  0.00112367222226484  0.00115215119652076  0.00118113754381254  0.00121052010274475
  0.00124177998756856  0.00127565565910615  0.00131266700003998  0.00135251025501562
  0.00139346164584925  0.00143261045762701  0.00147991115876305  0.00152659860856977
  0.00157593794894826  0.00163141876401069  0.00169297175800860  0.00176141461527095
  0.00183093104462404  0.00190751654478066  0.00197526906675265  0.00203867766980692
  0.00210142624225543  0.00216715664011452  0.00224069930173814  0.00232450220048419
  0.00241693681520772  0.00251570339078068  0.00261581161733914  0.00272232758183553
  0.00282953285422953  0.00293715467629072  0.00305636741496228  0.00318855913148563
  0.00333980465374543  0.00349664963266162  0.00364906322474250  0.00380284951520819
  0.00396623790224370  0.00413334716582351  0.00429275469369894  0.00444898982681241
  0.00459924812946196  0.00479791729116362  0.00502492844712377  0.00527702515306549
  0.00556445886838156  0.00589014520675667  0.00623839826560077  0.00661705456779846
  0.00701655239836316  0.00743736618264760  0.00789902560422234  0.00839134061561404
  0.00896490976888272  0.00958905870558460  0.01029123338586302  0.01111906135146323
  0.01209009970236205  0.01324988508752567  0.01460086371456285  0.01621779403454595
  0.01816840933827724  0.02046647801379256  0.02304980442113002  0.02600933496216828
  0.02944169195514952  0.03377940155361810  0.03927881258846376  0.04620015000817324
  0.05530358536136238  0.06736179485359563  0.08433322152791187  0.10737398480197893
  0.14016974364874996  0.18825770283820598  0.25040275967122178  0.32686449927805405
  0.40657155718413890  0.49536832669142139  0.60742818694431389  0.71517889466345863
  0.80847631493248417  0.87582037308865412  0.92104323383157982  1.00000000000000000
  0.00001624124932309  0.00001787667901027  0.00001957157178429  0.00002161706505791
  0.00002382540763988  0.00002621312257370  0.00002874635838739  0.00003149499933107
  0.00003490934911639  0.00003872966921652  0.00004282630308962  0.00004707348677811
  0.00005204665142013  0.00005669997472466  0.00006142153618324  0.00006624456105441
  0.00007117697257935  0.00007644513199685  0.00008249512016163  0.00008956086837049
  0.00009790215435562  0.00010643106977035  0.00011433992150465  0.00012221064327025
  0.00012979983000273  0.00013823460704139  0.00014758056176468  0.00015919116112754
  0.00017316398216383  0.00018862084256415  0.00020438245145566  0.00021966613700691
  0.00023425510846879  0.00024924569034405  0.00026652888393484  0.00028650849575564
  0.00030902633675894  0.00033306361375950  0.00035894287784971  0.00038922764547186
  0.00042281765667410  0.00046086602462923  0.00049786407336458  0.00053554566696084
  0.00056980338535041  0.00060522203877729  0.00064373349534123  0.00068531229600105
  0.00073697255233546  0.00079093527453880  0.00084669246092685  0.00090854005660543
  0.00097944871051105  0.00105937782162008  0.00113848331391007  0.00122132722493255
  0.00131625785696483  0.00142810196092293  0.00155885529277284  0.00170734515428860
  0.00186892305079415  0.00204945111577402  0.00225186823043837  0.00248387986373472
  0.00274127759307248  0.00302986897056839  0.00331486512925909  0.00363439398155992
  0.00398479528288343  0.00438702822627024  0.00484618599360771  0.00534646474485553
  0.00589583449904813  0.00652246734209300  0.00724884567353857  0.00808476340539002
  0.00903862393506140  0.01013658333275432  0.01142754722110247  0.01293370593438551
  0.01465066629740346  0.01663430493223185  0.01898559572869385  0.02183488973787513
  0.02528273661241010  0.02944892802450651  0.03432189668709416  0.04037291191973300
  0.04845477841338114  0.06046388531909087  0.07624863633607082  0.10032819168475267
  0.13920682193054348  0.20795967841638091  0.38302260622026657  1.00000000000000000
 -0.00186318670045549  0.00520971857631932  0.01187922557580309  0.01830055539174413
  0.02465503670548234  0.03110657574700238  0.03764632045787908  0.04453709704944241
  0.05219763838565455  0.05964170893451742  0.06706819540282020  0.07464791851312952
  0.08255189601126500  0.09014862369154346  0.09747395143372070  0.10527390102626032
  0.11466915687779276  0.12568625267588693  0.13686043827757943  0.14752459600827583
  0.15746847746894771  0.16668487741914409  0.17572988681272100  0.18510513174420737
  0.19531712451458905  0.20582570184192794  0.21594643014020384  0.22614109403923727
  0.23650179974434821  0.24790739491460514  0.25868590697934563  0.27024955839701292
  0.28147580801651712  0.29332647306068027  0.30514023142470459  0.31756938731067469
  0.33011694456870272  0.34259222485671009  0.35544736788119646  0.36798524673003558
  0.38008621807941151  0.39212103545255961  0.40405539592024659  0.41608235970903018
  0.42791125308226852  0.43962961286866375  0.45133531267335636  0.46439611815886905
  0.47834164557686842  0.49147615434376646  0.50451656045015458  0.51789733909361069
  0.52984030594938547  0.54154152728505678  0.55394714376570064  0.56629834142693736
  0.57823541046356275  0.58993891795963482  0.60233608255716586  0.61501973659990838
  0.62846121359591989  0.64297552869636343  0.65650135637426044  0.66892665832052534
  0.68024354190252256  0.69139767483899695  0.70285380460279312  0.71442747530766615
  0.72659959048589173  0.73832655373300071  0.75035536040665163  0.76284505730036634
  0.77456470343720774  0.78324361532865083  0.79229905418100888  0.80216051549728162
  0.81354465277894850  0.82637530916562274  0.83825479443149731  0.84909166364735955
  0.85971318969674992  0.87053699121427608  0.88135345527901088  0.89174752938463220
  0.90161073836130545  0.91121457741420997  0.92010621766285383  0.92883873473599976
  0.93778459071208609  0.94756830836868744  0.95730299560582488  0.96643860793391256
  0.97517397796299887  0.98366665202932313  0.99188630805257372  1.00000000000000000
 -0.00265287984864093  0.01061906845223053  0.02002932184343269  0.02928126449435214
  0.03895694455749464  0.04934063982369423  0.06070248812013652  0.07272843592080987
  0.08498361472603097  0.09741826040772103  0.10973425056903272  0.12136142247107801
  0.13284728608276616  0.14430100248434063  0.15527050909805962  0.16552192942595456
  0.17528644358870504  0.18469645760014661  0.19348754930792034  0.20218698957464318
  0.21157734161936165  0.22135318006330457  0.23099118326640780  0.24100830587871874
  0.25200801948702295  0.26368779788273033  0.27534501935953515  0.28695010327963066
  0.29814400894491383  0.30829721025403534  0.31878270991523677  0.32921465349848000
  0.33967447660502925  0.35051616301525379  0.36195797626026183  0.37355278475829307
  0.38437589709914877  0.39485321453868832  0.40476050428906607  0.41465163279270029
  0.42515258068923517  0.43586399563511363  0.44649395190325963  0.45686657508063067
  0.46690810820852485  0.47770778068409825  0.48916662812383943  0.50048484741165256
  0.51143598864364204  0.52193513243240719  0.53318858465437424  0.54480707936455164
  0.55654642965041845  0.56841751296031995  0.58020948338241773  0.59151293066007038
  0.60239086685528287  0.61386017866234222  0.62573887535867645  0.63754903355545067
  0.64957572039915956  0.66114436955673728  0.67194664977984708  0.68080746177179807
  0.68953233752086174  0.69851987797272408  0.70804172308934321  0.71703563041631746
  0.72462058993476686  0.73303075004864315  0.74176669463619638  0.75160160784370889
  0.76278930539907608  0.77422764185777426  0.78590924880825574  0.79712185597987950
  0.80762239857535523  0.81781028906528819  0.82821092190482226  0.83884360721894735
  0.84907525590630906  0.85996418077707937  0.87120671913389958  0.88192330718177803
  0.89227617862481401  0.90314689167603923  0.91457894725414424  0.92583442987843201
  0.93669772424871312  0.94681873411933837  0.95644913236071649  0.96567239477621813
  0.97461988273816724  0.98301420617985891  0.99117857945929533  1.00000000000000000
 -0.00205177761590724  0.00844520401445993  0.01653309013346004  0.02612149718958715
  0.03528190592948772  0.04453732391321245  0.05410708598420422  0.06294145118554256
  0.07167577907922619  0.08084710338259944  0.09113227435479172  0.10247240222024866
  0.11343881432415970  0.12431142465433831  0.13464851752416676  0.14485504137558183
  0.15423784728487192  0.16386313142412887  0.17489069888008824  0.18672387270017271
  0.19844564230193407  0.20991888279161572  0.22192840011238210  0.23331518287207753
  0.24440601374191268  0.25478390172554810  0.26542994225829447  0.27593820859292617
  0.28672602821787174  0.29798431064322117  0.30938985431590488  0.32106562580062975
  0.33333036575848529  0.34621966304809271  0.35834030502053504  0.36928275306276714
  0.37950027638352407  0.38927435466806093  0.39923461666807514  0.40986710654974329
  0.42123341739554199  0.43275545659469039  0.44325359319206065  0.45385853790522024
  0.46485031540161337  0.47577465803797192  0.48582346412647104  0.49585035445212272
  0.50640409769266603  0.51714598367989173  0.52768280481349539  0.53801548394900112
  0.54823428107540162  0.55896637985249453  0.56960483206296708  0.57949965857536745
  0.58911547114983487  0.59943957725234276  0.61077657946499742  0.62277922068711400
  0.63437660599419121  0.64574496956920358  0.65646517150263772  0.66714866914866378
  0.67847713811668053  0.68750962980035224  0.69566602472169226  0.70363879718425404
  0.71222176365143164  0.72265309249234877  0.73297632245196787  0.74301723269210296
  0.75331081677920486  0.76522593198598710  0.77618355928459914  0.78663017290746118
  0.79761946668821115  0.80835486239314036  0.81922159554635754  0.82984662382343688
  0.83979403764526639  0.84992882772185718  0.85992460935936299  0.86992117818800441
  0.88047375928259852  0.89073200081341741  0.90059490709127421  0.91031990935260110
  0.92035512520708218  0.93168343069612714  0.94264121141700108  0.95326053810370492
  0.96390273124963455  0.97575979074933250  0.98776799852366204  1.00000000000000000
 -0.00031475585158060  0.00074385296293552  0.00226105611801807  0.00367021961262409
  0.00495989502103476  0.00631171319518927  0.00806194784728580  0.00977694480989162
  0.01153149827560015  0.01335108000235184  0.01523505822848488  0.01715696823751331
  0.01918273838992002  0.02136935374817752  0.02377008338175824  0.02633204540842249
  0.02901415881368966  0.03191853580173727  0.03479162914943956  0.03770783804485223
  0.04052055374029398  0.04367521141900705  0.04725825432723479  0.05109948787039324
  0.05518036013095736  0.05909113874765941  0.06325877620864787  0.06780169358769560
  0.07279604327819954  0.07780832034995730  0.08276246219793500  0.08765668268831776
  0.09285456075699418  0.09848179541962575  0.10471778942992448  0.11132673767159151
  0.11813090462420030  0.12505740750095637  0.13209218366756109  0.13948953801723790
  0.14719582620512964  0.15517306518935406  0.16291414397588380  0.17054371650490349
  0.17835834888773017  0.18594348422333976  0.19369125390675415  0.20119081332853786
  0.20871461727277460  0.21619774416342197  0.22402036044089157  0.23227136629787931
  0.24059538489811588  0.24888194255772556  0.25764156344686373  0.26662886914022993
  0.27605310268109107  0.28564055063398819  0.29478422650175273  0.30375581034063837
  0.31304986012834812  0.32277371405365207  0.33265556758540127  0.34281723125318248
  0.35274880755883692  0.36253741913466714  0.37226714066081579  0.38188397183742606
  0.39032259015126347  0.39797231436659997  0.40579296848715646  0.41489740585176965
  0.42370921955328888  0.43208403362949771  0.43903556425241552  0.44615168017071899
  0.45325057748287267  0.46112784781108757  0.46988219664988007  0.47936797474849530
  0.48876347174757351  0.49791522927178172  0.50698294846853664  0.51596035527090112
  0.52402415831451199  0.53196344136760643  0.54033900084053144  0.54999889445875050
  0.56197328273637914  0.57485667319369682  0.58492931553723349  0.59333550960009318
  0.60616585583387428  0.61785481809992482  0.64056382573103898  1.00000000000000000
 -0.00293045492885182  0.01247870815577589  0.02531102367796584  0.03982448780423271
  0.05603122126516553  0.07316131279112401  0.08860476333823433  0.10220556415585480
  0.11499799251870065  0.12701427286165173  0.13864750246631760  0.15026875710507009
  0.16157052992652335  0.17237782312767480  0.18290318422549076  0.19385076425716838
  0.20427207845804071  0.21402466279919549  0.22341533887709744  0.23244702665782546
  0.24091610820860818  0.24896204395999172  0.25712531734637611  0.26542181219712163
  0.27435262321050041  0.28357502081980346  0.29290565565354820  0.30205570112585484
  0.31118955047253910  0.32081670775573695  0.33024567801519178  0.33894896464204699
  0.34747262704769938  0.35658408163403071  0.36511131386310752  0.37305544057508278
  0.38093025040897827  0.38869947599798443  0.39795320358331843  0.40876172412793083
  0.42005465386769453  0.43146272844957240  0.44160935574666971  0.45108298045378925
  0.46014918537084210  0.46952803744324323  0.47942706889699926  0.49040035345899691
  0.50229435007289025  0.51398411202806860  0.52498401533965278  0.53537375744091809
  0.54592347354239312  0.55644892853067163  0.56701162231981794  0.57700297454652216
  0.58729022770433836  0.59736742356062211  0.60680927384271577  0.61586221700731480
  0.62458248578945141  0.63311161045161790  0.64201874067182962  0.65069905060733924
  0.65883521426415237  0.66683330978711886  0.67427719352969762  0.68205724922360389
  0.69052612003900116  0.70037630774279036  0.71022400961292276  0.72024848381127049
  0.72870439034309797  0.73610977411309064  0.74348407216413126  0.75108282271254045
  0.75955341797982101  0.76869223367553585  0.77824204567655531  0.78815621187742457
  0.79926787705197477  0.81170052093084089  0.82424903144429107  0.83659620665177070
  0.84846238316296696  0.85968308534449478  0.87079412243254817  0.88303215677123648
  0.89669302071872736  0.91096059540875884  0.92521930225599480  0.93930810829040479
  0.95309585383587492  0.96727482572371204  0.98292024524885246  1.00000000000000000
  1.06390634170953773E-007  -1.0000000000000000     
 T T T T F F F F F F F F T T T T F F F F F F F F T T T T F F F F F F F F T T T T F F F F F F F F T T T T F F F F F F F F T T T T F F F F F F F F F F F F F F F F F F F F F F F F F F F F F F F F F F F F F F F F F F F F F F F F F F F F F F F F F F F F F F F F
  <DiscreteSampler_grid>
  grouped_processes
  1 # 1 for a reference and 2 for a running grid.
  10 # Attribute 'min_bin_probing_points' of the grid.
  1 # Attribute 'grid_mode' of the grid. 1=='default',2=='initialization'
  0.0000000000000000 # Attribute 'small_contrib_threshold' of the grid.
  0.5000000000000000 # Attribute 'damping_power' of the grid.
 # binID   n_entries weight   weight_sqr   abs_weight
    10   10   3.095223767716953E+003   3.764784893678806E+007   3.095223767716953E+003
  </DiscreteSampler_grid>
