 -0.00141353493383627  0.00534358279316674  0.01083715975888977  0.01599380492011954
  0.02104198853802129  0.02571323202385089  0.03073370669896026  0.03630916978331560
  0.04283200497468914  0.05056760932074564  0.05885314013323729  0.06644021685309628
  0.07362029106071159  0.08140115215906395  0.09058052944368031  0.10105281016328872
  0.11174157333911722  0.12383079065351313  0.13573507078001112  0.14780078789884138
  0.16142159206584925  0.17581451708976348  0.18857191906718343  0.19991301234289233
  0.20973828290528773  0.21856531066764623  0.22875168485357489  0.23879923237080727
  0.24944078980117582  0.25994630575845279  0.27129012859731660  0.28480753025711764
  0.29838447142330821  0.31054009304251012  0.32125648270007096  0.33174667889312232
  0.34294819574366964  0.35588292793245202  0.36701329475016803  0.37767387177854117
  0.38763833674712161  0.39936522365945232  0.41115984503556746  0.42435328087147223
  0.43715122084943059  0.45332976201070929  0.46846349988011876  0.48352124240938410
  0.49777699572878059  0.51168410539881315  0.52506330735489681  0.53817271359906194
  0.55024242381873623  0.56205939144557693  0.57353406751587632  0.58497066750154381
  0.59625066798137150  0.60845094985475245  0.62290557279757375  0.63864696630426054
  0.65378283024428208  0.66653211804356616  0.67930670886265265  0.69264585549994995
  0.70733162556256612  0.72367895407909555  0.73810002451514656  0.75060520544331533
  0.76363792816147191  0.77569280520694694  0.78726634671639251  0.79867571276808114
  0.81018779590186352  0.82280257806205293  0.83475113396422285  0.84622625031079812
  0.85821983418607473  0.87121378160266938  0.88397984456297829  0.89585090622265806
  0.90694916872404963  0.91699801724926999  0.92492827336445216  0.93090237131722919
  0.93664079814995171  0.94199284079711731  0.94730086001224478  0.95223402143417579
  0.95956137517968687  0.96554881944144233  0.97123901550566005  0.97654524890048655
  0.98179236262380820  0.98773615629935962  0.99373785576571561  1.00000000000000000
  0.00008442162477241  0.00008476038704697  0.00008515061068352  0.00008534965459351
  0.00008648241388547  0.00008804191633803  0.00008996100441308  0.00009242048931359
  0.00009456346071323  0.00009635617187328  0.00009798249538367  0.00009959713346551
  0.00010188709903232  0.00010450791058662  0.00010711418162201  0.00010977175731922
  0.00011286410577735  0.00011609209489030  0.00011927370713628  0.00012223016339518
  0.00012559642126494  0.00013178318422328  0.00013796994718163  0.00015063005146949
  0.00016712378024537  0.00017978080222346  0.00018480357872777  0.00019104767533576
  0.00020041909117349  0.00020909294360216  0.00021668941979009  0.00022432797590958
  0.00023193378027050  0.00024188330474446  0.00025732875348082  0.00027640996882019
  0.00029755213356976  0.00031920137500453  0.00033593979018550  0.00035423180718461
  0.00037478136217808  0.00039877614853469  0.00043074433483551  0.00046437318331226
  0.00049515913521933  0.00052609381997769  0.00056311483322893  0.00061122200259546
  0.00066306892914636  0.00071091201146187  0.00075722865188471  0.00080625019757887
  0.00085743549380771  0.00092041438251513  0.00098510685249598  0.00105612013686102
  0.00114207207967171  0.00124378251640882  0.00136404306753192  0.00148036445859736
  0.00160696399546779  0.00174337767098724  0.00190040510599293  0.00207873147798109
  0.00229357211532175  0.00253386981743995  0.00281186773460065  0.00314897530747711
  0.00355826583248562  0.00403964758378508  0.00460384630855649  0.00531876539780871
  0.00620036923763777  0.00725747236780410  0.00857628587879512  0.01028000019453396
  0.01259449944826931  0.01585716992341022  0.01995004200679135  0.02534980161983118
  0.03457161705013018  0.04832705224831197  0.07047763720084084  0.10335596591730770
  0.14916042263642720  0.20370933555872672  0.27651971558292010  0.36489980084436047
  0.45457479770589371  0.50768101172203917  0.56669047044307175  0.62108449274769528
  0.68912694205141112  0.77803549772567460  0.87453054882751935  1.00000000000000000
  0.00000503084319948  0.00001384210405154  0.00001892540353066  0.00002504416099006
  0.00003136917030805  0.00003646207931353  0.00004065234665796  0.00004463341477517
  0.00004797900252554  0.00005146153668467  0.00005490431983560  0.00005834867338771
  0.00006195018367336  0.00006608677894530  0.00007070690790186  0.00007492549615832
  0.00007911997084227  0.00008362974761085  0.00008851270563654  0.00009325274767492
  0.00009808171820981  0.00010342134502143  0.00010995308378262  0.00011666872144871
  0.00012344237300658  0.00012913368352954  0.00013375676747577  0.00013885919582381
  0.00014426965143886  0.00015020456696812  0.00015661728232224  0.00016572140390110
  0.00017561771124517  0.00018588809074381  0.00019660056082405  0.00020849593710601
  0.00022262932059342  0.00023749667441911  0.00025454763107736  0.00027198505446205
  0.00029008044951848  0.00030850293232890  0.00032743278135984  0.00034798958111407
  0.00037254675083825  0.00039988838514344  0.00042842691761454  0.00045950905559730
  0.00048943919687429  0.00052110928309460  0.00055288270443349  0.00058608302864924
  0.00062316310903309  0.00066149127613362  0.00070452023360916  0.00075702334375752
  0.00081732259359828  0.00088128018890204  0.00094922655377518  0.00102241690942199
  0.00110204227536681  0.00118906622671714  0.00126723371861885  0.00134890452723063
  0.00143801322804890  0.00154067173732016  0.00167409420793060  0.00182669738992873
  0.00198467103484712  0.00216988188879249  0.00239914960623041  0.00265121275206812
  0.00294156631578135  0.00329196047843097  0.00365852901916490  0.00408869695101955
  0.00456721686446885  0.00519185153887620  0.00595160466115748  0.00694203644431114
  0.00814484609296875  0.00949957361905916  0.01100284593828112  0.01277022237026154
  0.01492565327258510  0.01783642911141159  0.02153930314763087  0.02691270439818643
  0.03457428111564727  0.04386382916778918  0.05534459024353915  0.07462539335822835
  0.10411387145514756  0.15557824277355392  0.31221295696933493  1.00000000000000000
 -0.00152654659752224  0.00479966825558584  0.01065501177553358  0.01639223693043267
  0.02221613047749612  0.02773137820489877  0.03305318783841599  0.03875773758110560
  0.04519831407701026  0.05204933011934081  0.05928765528146593  0.06746663762543799
  0.07508972551588386  0.08275462892315855  0.09106059826753347  0.09964422425419610
  0.10876192127413398  0.11541431007383517  0.12093077571507020  0.12748845338888359
  0.13444373425995126  0.14110672755025996  0.14747963271719819  0.15519686005313729
  0.16511726907078514  0.17584549342449735  0.18774510173632097  0.19951836930952865
  0.20999878965351720  0.21992100616501573  0.23039955497979012  0.24235880412277153
  0.25718776842007118  0.27226100438761347  0.28514552686122557  0.29654735597199827
  0.30830932454466303  0.32040581219430975  0.33255179002129859  0.34540934452616318
  0.35817508211965482  0.37041230786752116  0.38289945032879374  0.39519878378431456
  0.40693839553863725  0.41951581614688027  0.43389709508817731  0.44790313930108855
  0.46082221298770332  0.47358456413657291  0.48687845767877669  0.50070928607779863
  0.51459504960272417  0.52915126609068019  0.54277361560636073  0.55557552890418727
  0.56880563773148130  0.58348376652535028  0.59591172355168853  0.60775521682604394
  0.61962610479362878  0.63157048588717746  0.64397624689965782  0.65678708822561438
  0.66955198932182181  0.68207127346993890  0.69497060166382574  0.70847064148949646
  0.72176706642978017  0.73472793857737939  0.74607309110706022  0.75689539818582985
  0.76744790921199968  0.77810821832222077  0.79104820461889536  0.80438315450928088
  0.81702905688485605  0.82980584676829416  0.84241014489805299  0.85420734632143469
  0.86367077496302558  0.87343226545577668  0.88203465634482592  0.89092934851932459
  0.89853303180286415  0.90663593339238924  0.91438272834368506  0.92335046785957553
  0.93270261197579230  0.94193830989868021  0.95066422356362279  0.95935097001800806
  0.96797965663191099  0.97767102027290698  0.98894010218057793  1.00000000000000000
 -0.00276854122549253  0.01163599101952735  0.02161928678870807  0.03105342102537443
  0.04024989984900557  0.05000920749086757  0.05979529921830973  0.06756463944978044
  0.07605685841545351  0.08517258767293773  0.09551756299292777  0.10558607413709760
  0.11549961791640294  0.12573232541999657  0.13628218655747812  0.14613939756007005
  0.15553005591029426  0.16547840439289724  0.17738282708065067  0.18973029522454227
  0.20079187457988587  0.21083523624034153  0.21880733644732545  0.22705012735691765
  0.23508425312521725  0.24393208142313239  0.25400742704275431  0.26329372084544772
  0.27280691383641459  0.28287884319781781  0.29321308962815923  0.30323638475067155
  0.31237304498386703  0.32222052357525910  0.33279276245879014  0.34304769808951502
  0.35309992084765551  0.36274603816755041  0.37231058561337133  0.38153535835070046
  0.39055450500033490  0.39949449362999168  0.40873779053356180  0.41731804821093810
  0.42717350851323427  0.43763104354700588  0.44847822330149456  0.46072004455452364
  0.47202298835621465  0.48400082310876685  0.49643083058585297  0.50873925613060400
  0.52016330883190620  0.52948886500154679  0.53778494533285204  0.54821168722641234
  0.55958892856505782  0.57081378030376417  0.58179389979856333  0.59601239164329056
  0.60957075655358772  0.62186244418380798  0.62710263084663820  0.63235886105806116
  0.63738190112017312  0.64215564342357456  0.64973468788934841  0.65881166496347177
  0.66772807005069779  0.67795266015612621  0.68902203364675252  0.70258171325837304
  0.71615556359115595  0.72877792361946458  0.74033997057988010  0.75196955051211445
  0.76274242632356115  0.77374927882882527  0.78546593080708293  0.79752413220372154
  0.81013513517034230  0.82237665993825959  0.83447017147596225  0.84645351426348447
  0.85945723218212877  0.87331358512104496  0.88718409067895732  0.90088532674660693
  0.91417311813612090  0.92752206174985630  0.93970594074707503  0.95107560566112981
  0.96220509997034287  0.97441271020968279  0.98718602579798842  1.00000000000000000
 -0.00226892273672924  0.01000071820123124  0.02019920217821004  0.03080848361206650
  0.04067557235933483  0.05057932838809351  0.06092253419166024  0.06929780931953865
  0.07492757678285647  0.08076556669275542  0.08700081010228698  0.09366979304255961
  0.10065717083567793  0.11239988692794872  0.12652149566559295  0.13972602896191921
  0.15178958717609789  0.16340076902018416  0.17499692050520116  0.18651639496679936
  0.19784465030527493  0.20886161796711736  0.21918780981881072  0.22936355038403064
  0.24007518146984438  0.25075507612293924  0.26209117938865867  0.27245425709290627
  0.28300276351940779  0.29195425053806384  0.30117017362368453  0.30932811072255656
  0.31664167517474956  0.32331854596382065  0.33087977257203938  0.34093664806445306
  0.35127530869623580  0.36077053638224099  0.37007866179410248  0.38166895133311440
  0.39490787268555905  0.40766408303098117  0.42017104293720325  0.43337723593842359
  0.44717270119451058  0.46138020236179073  0.47324450466399448  0.48450643891804240
  0.49498510711482180  0.50530643202185255  0.51604294777663728  0.52750264475217157
  0.53978135232807334  0.55231658433977793  0.56487064228141770  0.57618205060409733
  0.58556824087179637  0.59485076854324070  0.60392270487825672  0.61356189402677164
  0.62378751318806336  0.63506875522013295  0.64656825869169809  0.65785826041904616
  0.66874135272563739  0.68122482079142854  0.69326758151652224  0.70429268506198506
  0.71486486942112348  0.72568707389072862  0.73629075706291724  0.74750775826872451
  0.75939622319237676  0.77003616855936874  0.78011027463998350  0.78938835012009057
  0.79892822256561458  0.80800247732092634  0.81753030052725051  0.82764711402752944
  0.83813207917464960  0.84923830031130332  0.86223868190095809  0.87491874955704230
  0.88590556229499429  0.89645087769389353  0.90616874456648733  0.91581668166288765
  0.92490785458060920  0.93462094871090728  0.94529691585830622  0.95724002730262792
  0.96881111364402916  0.97939256883743153  0.98941180995666156  1.00000000000000000
 -0.00044131602432650  0.00099389754365982  0.00287777286180007  0.00451905695946425
  0.00602958023008687  0.00764859565241591  0.00955504248611104  0.01167018418590513
  0.01405191184092828  0.01692777360603576  0.02010841644657711  0.02331062539059660
  0.02662284777285109  0.03013829812772910  0.03387198459724552  0.03768379275329973
  0.04174932545870783  0.04648362756266325  0.05226805013791284  0.05760149654067018
  0.06343242303261568  0.06956427077473848  0.07610634777979473  0.08319836111957554
  0.09088160565450097  0.09938188228801828  0.10853321454058233  0.11805974427320005
  0.12730905251733446  0.13623084469467595  0.14557706872554699  0.15528901679497936
  0.16521887745636615  0.17501121978772632  0.18558063991413051  0.19768032043950251
  0.21081161089371725  0.22456490300601700  0.23863635673761613  0.25086750415559100
  0.26113713109849396  0.27127149051347482  0.28283609457649539  0.29523230868426059
  0.30732114398462856  0.31880750430605181  0.33017520913140075  0.34085311299792248
  0.35161902052181138  0.36458330444256626  0.37854886467747328  0.39203545583829685
  0.40559512510272544  0.41307975951647824  0.41929194171973766  0.42533877040304591
  0.43165678813899455  0.44017659431454748  0.45457823822663568  0.46942670795415359
  0.48195972622187133  0.49274177671221625  0.50294287832349316  0.51324694349562694
  0.52742210039816129  0.54538745070648176  0.56264381568637600  0.57752850861407801
  0.59004317719227883  0.60193098418114488  0.61252650390137220  0.62308837038694231
  0.63428108193203958  0.64435396383592602  0.65418541921415474  0.66379095740012428
  0.67366476796511376  0.68355841532125416  0.69405419179638217  0.70452025556579989
  0.71534612322830926  0.72578900839191485  0.73466744008360396  0.74331044158731863
  0.75215488099385219  0.76146782753241360  0.77029422681153537  0.77802730373650486
  0.78593611635138350  0.79437761864161960  0.80385306768738607  0.81363642144519788
  0.82222232708684495  0.83093665573334030  0.83303207306814420  1.00000000000000000
 -0.00347942310101509  0.01363734710426276  0.02904268573155189  0.04502753714581686
  0.06294026284780495  0.08111199554643901  0.09342486923054505  0.10251229021261341
  0.11237581629314300  0.12177718653415973  0.13245865209714924  0.14695079667907018
  0.16041877942769878  0.17167760252644423  0.18235136701104029  0.19172749456978674
  0.20268916124142095  0.21289619053517811  0.22272458167601761  0.23206576211388574
  0.24132177674831432  0.25060197071993345  0.25887340261248931  0.26648183059400821
  0.27444075599143980  0.28229326438324065  0.29011650890516327  0.29789322170393306
  0.30605475624165324  0.31538842872282280  0.32484943200559152  0.33414514977959231
  0.34405150696625819  0.35350415285739911  0.36164925163214967  0.36929786604667758
  0.37658596125394012  0.38333916780834426  0.39043524013614328  0.39765732376604379
  0.40471023848581500  0.41109920093571306  0.41753852583513862  0.42448027059878696
  0.43163954195661902  0.43945448953278254  0.44705718290546864  0.45437041178905835
  0.46198620186862371  0.47055251201766984  0.48049077445965360  0.49143222808804743
  0.50270735151291435  0.51434495059859864  0.52671199042325689  0.53839882593713506
  0.54960410272450322  0.55960276985630597  0.56910464976241670  0.57811285667347478
  0.58685685875997951  0.59563322158795418  0.60484912659756107  0.61474724327650221
  0.62486473985670865  0.63489209383829126  0.64491090128580586  0.65469442467146344
  0.66427371178188865  0.67382126719115620  0.68348021403567660  0.69464696085349864
  0.70491416015920849  0.71493033547262785  0.72542374499301421  0.73629301413051251
  0.74808876822058745  0.75979065416852409  0.77085846814190506  0.78117537220593292
  0.79110268778167692  0.80122696386433256  0.81193942217641102  0.82328736375806089
  0.83519728272286442  0.84706637577237209  0.86031025725976229  0.87466873874107331
  0.88992415582314399  0.90760427734092897  0.92499466197551949  0.94122527698309122
  0.95550604734195610  0.97078331214597247  0.98518733253328727  1.00000000000000000
  1.32561006923911656E-007  -1.0000000000000000     
 T T T T F F F F F F F F T T T T F F F F F F F F T T T T F F F F F F F F T T T T F F F F F F F F T T T T F F F F F F F F T T T T F F F F F F F F F F F F F F F F F F F F F F F F F F F F F F F F F F F F F F F F F F F F F F F F F F F F F F F F F F F F F F F F
  <DiscreteSampler_grid>
  grouped_processes
  1 # 1 for a reference and 2 for a running grid.
  10 # Attribute 'min_bin_probing_points' of the grid.
  1 # Attribute 'grid_mode' of the grid. 1=='default',2=='initialization'
  0.0000000000000000 # Attribute 'small_contrib_threshold' of the grid.
  0.5000000000000000 # Attribute 'damping_power' of the grid.
 # binID   n_entries weight   weight_sqr   abs_weight
    10   10   1.520684692639591E+001   7.573666518872020E+002   1.520684692639591E+001
  </DiscreteSampler_grid>
