  0.00001230473365866  0.00001459217205578  0.00001630368326474  0.00001744450857400
  0.00001840113770590  0.00001929984479187  0.00002026930145169  0.00002130918181168
  0.00002247718885533  0.00002357895436817  0.00002458867354863  0.00002556192857651
  0.00002657134262713  0.00002776425051690  0.00002904627963256  0.00003039050451473
  0.00003176190834803  0.00003311645248992  0.00003448141183145  0.00003600604158868
  0.00003755995165620  0.00003904937991208  0.00004040657177787  0.00004147562517104
  0.00004264115156108  0.00004383113279434  0.00004530612035867  0.00004694141528236
  0.00004859724188087  0.00005056006526051  0.00005273560290093  0.00005493250752117
  0.00005708953868361  0.00005925234428388  0.00006142722104676  0.00006366708945574
  0.00006594178917249  0.00006814136724206  0.00007041202223624  0.00007280286231106
  0.00007547486499312  0.00007846324025497  0.00008169149019853  0.00008507856201925
  0.00008857392382949  0.00009207207981790  0.00009554912465054  0.00009905399759514
  0.00010261805817598  0.00010643702757549  0.00011059679160079  0.00011507552279212
  0.00011984759588653  0.00012485708498062  0.00013003843826977  0.00013527398493771
  0.00014049682087091  0.00014586609502261  0.00015165013964643  0.00015780951173216
  0.00016432974344439  0.00017160879800395  0.00017964529791519  0.00018823145212637
  0.00019742685688970  0.00020717301987698  0.00021711982737607  0.00022726387335321
  0.00023808032266928  0.00025042417410356  0.00026398474946213  0.00027820949117132
  0.00029347829108183  0.00030979600735740  0.00032748411448412  0.00034723874677884
  0.00036956522953381  0.00039450576570504  0.00042323741603690  0.00045569708133099
  0.00049235278364997  0.00053311003370929  0.00058001254314330  0.00063470080631327
  0.00069713234466644  0.00077103676764748  0.00085899638231815  0.00096722956494499
  0.00110581834707529  0.00128722784357846  0.00153324797455827  0.00187879164244166
  0.00243593385434252  0.00365546769567205  0.01121115577440561  1.00000000000000000
  0.00000202645052629  0.00000296091774661  0.00000342217178941  0.00000389691453749
  0.00000442990296615  0.00000496431794471  0.00000548144391234  0.00000604545987835
  0.00000671500877258  0.00000758334669238  0.00000866036436491  0.00000978784376646
  0.00001094904412816  0.00001227316994807  0.00001380197493864  0.00001549828382259
  0.00001732815258651  0.00001941339078528  0.00002183095380469  0.00002469588730053
  0.00002802376298352  0.00003178470546902  0.00003617554196887  0.00004150630929086
  0.00004809097171993  0.00005654696548526  0.00006756047096199  0.00008212049643703
  0.00010177448841869  0.00013089291193413  0.00017978767066489  0.00026301632106242
  0.00041145480907246  0.00074048299154112  0.00165756685407489  0.00386911440073791
  0.00955173946354527  0.02356974037729307  0.04928382899240145  0.08391149036382405
  0.12102909551183738  0.15673381318054119  0.19151528046923941  0.22518985285971221
  0.25738200904235387  0.28623881405789769  0.31308045480835084  0.34022199316558899
  0.36590163254505198  0.38938142532144304  0.41199650920149844  0.43802231703111200
  0.46163209495309626  0.47860449392497251  0.49567881457521140  0.51504423098760899
  0.53601650799113087  0.55743547642884994  0.57985577235135810  0.59993901163487617
  0.61758203445961102  0.63326984856784774  0.64734337266739361  0.65852075289630874
  0.66826711008156336  0.67730696972703497  0.68622722899855115  0.69615448654048451
  0.70728375666793752  0.71883515674528364  0.73085300475602144  0.74377529912058837
  0.75845541691900853  0.77291194511241978  0.78561315345091864  0.79718300954066679
  0.81073848866821585  0.82248927387859372  0.83409540284650829  0.84528089548337770
  0.85551103477542290  0.86581204154509106  0.87574811500732175  0.88523503492193212
  0.89504782369826208  0.90420614663283638  0.91084657748736209  0.91923841619982871
  0.92781990897325695  0.93655377991011779  0.94606272128928115  0.95535369409007065
  0.96520776283406995  0.97579907504317154  0.98732081868522581  1.00000000000000000
  0.00000319621390860  0.00000468303967381  0.00000645916254932  0.00000849795527837
  0.00001046881057473  0.00001234295566494  0.00001410822353150  0.00001557552951763
  0.00001693631557855  0.00001816529112804  0.00001925370163165  0.00002016384579835
  0.00002096269172439  0.00002174286352336  0.00002251816225811  0.00002322070146353
  0.00002393138242604  0.00002464428930035  0.00002540077647704  0.00002624296300777
  0.00002714743337593  0.00002807424244439  0.00002894102057362  0.00002978205729246
  0.00003059215121004  0.00003147767140904  0.00003234600720005  0.00003310680063995
  0.00003370179275724  0.00003408307662404  0.00003458724454212  0.00003520892699410
  0.00003574147801559  0.00003649767595475  0.00003717653670029  0.00003801704956857
  0.00003892700831113  0.00003980485328304  0.00004074918945732  0.00004175330643454
  0.00004267290130297  0.00004339388794954  0.00004408605376774  0.00004495475233079
  0.00004608151965300  0.00004746254536208  0.00004884708574845  0.00005023778451757
  0.00005170022353373  0.00005322985690458  0.00005482541894907  0.00005648910797681
  0.00005827741485394  0.00006017390973243  0.00006221862991037  0.00006435602161860
  0.00006654193895033  0.00006883885169076  0.00007125179819041  0.00007373795157123
  0.00007640065801869  0.00007920899942695  0.00008214733998709  0.00008545748456125
  0.00008908180931895  0.00009302540470213  0.00009715622744816  0.00010141236492226
  0.00010607340809571  0.00011137681174389  0.00011705912893322  0.00012300666316244
  0.00012905673756634  0.00013557651328979  0.00014285679305898  0.00015176285575696
  0.00016201263617526  0.00017348926351172  0.00018710389800463  0.00020276247360313
  0.00022127733889077  0.00024268553575161  0.00026805476481987  0.00029884678143140
  0.00033635374209394  0.00038332986614974  0.00044466177713105  0.00052585827450107
  0.00063314434085624  0.00079055175398253  0.00104128982855453  0.00142942637869263
  0.00208144092009489  0.00411703339581810  0.01921733795953174  1.00000000000000000
 -0.00166798244787940  0.00638986370403792  0.01438198164629230  0.02291938767126555
  0.03148747122413714  0.04022174791734046  0.04905516568494041  0.05795238881778223
  0.06696935559677970  0.07612434240045619  0.08536650676153752  0.09450976380832554
  0.10332286567414189  0.11202125860109131  0.12110189516243694  0.13066994998629344
  0.14047699503371003  0.15046073308109409  0.16072400087705646  0.17080064437764972
  0.18048404405609764  0.19008579884007393  0.20005013617126571  0.21132350131551497
  0.22248871443079737  0.23085358551671364  0.24002351965263743  0.24900781770666078
  0.25806509609107225  0.26903334608266327  0.28048687218285545  0.29188404737338197
  0.30326558140069104  0.31483453074404560  0.32625115417176731  0.33756921846519000
  0.34924204372763257  0.36101551078103655  0.37243619732261463  0.38323366009053222
  0.39341093079174755  0.40387297023920327  0.41426990180759543  0.42561507085272310
  0.43753700526005307  0.44944003486264583  0.46111071932585740  0.47200943979550009
  0.48150340943209619  0.49173468345152338  0.50199139791897129  0.51187977964323039
  0.52193892422209776  0.53229590083944223  0.54281430761876059  0.55347535127889413
  0.56404053375616314  0.57434283578656875  0.58501456070543567  0.59689065535705577
  0.60934363857083140  0.62153764899382558  0.63310841391108552  0.64418204699306514
  0.65492507038595549  0.66498287917763921  0.67603120644349046  0.68735152618014483
  0.69895114964512994  0.71068871643432396  0.72235951056293546  0.73439834108275559
  0.74669722982984554  0.75856804111806198  0.77002568380916980  0.78154122168565932
  0.79322552254267087  0.80540415639466012  0.81644224542354671  0.82764353231869492
  0.83817804024833142  0.84943777714250301  0.86092444654363665  0.87232388451649612
  0.88355040283452302  0.89433448199154919  0.90609832080057084  0.91753698299090103
  0.92849385233361059  0.93899136488909618  0.94931896034099561  0.95963244539480763
  0.96972250400162840  0.98005320574409249  0.98987496429976662  1.00000000000000000
 -0.00240953063817062  0.00941010709827461  0.02012886887225901  0.03075574508385005
  0.04092086492297648  0.05133358612263039  0.06189938833940651  0.07261606268975265
  0.08387522318777108  0.09267616072264509  0.10135770579750018  0.11008019900092912
  0.11911916068906567  0.12854753043198924  0.13811495687595837  0.14834895954993269
  0.15906582129681998  0.16952930871548128  0.17989903709032110  0.19074592627470782
  0.20208568995133888  0.21319450076734467  0.22385433594552609  0.23431879742527567
  0.24480340515157170  0.25569475837648525  0.26696785200185363  0.27843020502446436
  0.28971557579225921  0.30062645119043646  0.31114567484136940  0.32146810050481667
  0.33191398357812840  0.34276119440958869  0.35411798323908633  0.36567453034937991
  0.37724193214015644  0.38866134005184105  0.39985053375978435  0.41097536540030133
  0.42205635728648716  0.43342778823321076  0.44467606661560088  0.45548310410354592
  0.46547376547635216  0.47483231790401226  0.48429705184289951  0.49372961327084486
  0.50396419898085087  0.51446124848669095  0.52517393326906581  0.53603751715677139
  0.54690284784356302  0.55813451245377876  0.56988091958914588  0.58248859838244971
  0.59421970524797751  0.60274471371319327  0.61120456280086621  0.61931827378325954
  0.62813564133073285  0.63807637593765754  0.64823146254681963  0.65841299022478417
  0.66895930382547208  0.67995478984185986  0.69086917257374647  0.70133318509617293
  0.71117034405043345  0.72023278939596291  0.72911698320993346  0.73814034688625052
  0.74832955369459653  0.75934905996557112  0.76999345970747568  0.78039854699467703
  0.79099282760891232  0.80208478488760626  0.81259400837365581  0.82305364414194349
  0.83333058462914045  0.84393899695028884  0.85546325740101059  0.86713541262573368
  0.87867960106809617  0.89009919548419736  0.90122788848799418  0.91203537613669816
  0.92273007451019440  0.93361886531820837  0.94481144005570372  0.95634226672094313
  0.96697273864408650  0.97815254146959119  0.98879747787885564  1.00000000000000000
 -0.00262727000293025  0.00981945709726899  0.01990349919932479  0.03076334873228945
  0.04183716897229511  0.05288744385286157  0.06359768924104470  0.07412897867548826
  0.08418548995904961  0.09416702596833128  0.10412340137281888  0.11437132859153749
  0.12489866344536063  0.13572140346462916  0.14688705725934792  0.15828835105617647
  0.17017608854838595  0.18178622250840890  0.19198078744498084  0.20124299842103580
  0.21087341994443884  0.22084255876942277  0.23095028727341346  0.24175946458267816
  0.25312219586028223  0.26460363605473813  0.27593470085364102  0.28692693569056726
  0.29764502882983673  0.30789972471600191  0.31794629845918027  0.32802061501624846
  0.33816961737634921  0.34952346287601455  0.36100625401608161  0.37254575162975112
  0.38401435413198981  0.39524788055483934  0.40659994144764994  0.41815828686335443
  0.42961276896645967  0.44085002473371393  0.45180042216820299  0.46216678805494932
  0.47207442654768694  0.48185797901556399  0.49125511927719173  0.50021984324413427
  0.50958176221626272  0.51978480340219069  0.53072823386849155  0.54235516380095672
  0.55408451482413923  0.56585473710754730  0.57734691992382847  0.58838887583853405
  0.59905366936956783  0.60971161870183410  0.62051193846076169  0.63129390335719671
  0.64206705346583970  0.65239503287193623  0.66208476624971746  0.67185208322695888
  0.68206629469787494  0.69285435214773894  0.70379660238558983  0.71445662032846613
  0.72500270597924399  0.73608504752063741  0.74682756145879781  0.75624005180287801
  0.76539373461229832  0.77550854219749210  0.78660070423471884  0.79803782058394923
  0.80915670363784253  0.81960650633902177  0.82941610522346254  0.83857508310526230
  0.84751149414264904  0.85683878075046394  0.86645396273607811  0.87714046549425939
  0.88862703942634080  0.89967049748811811  0.91045803328426178  0.92113637708253493
  0.93061690857646340  0.93989352951649763  0.94910689145294114  0.95854537344471313
  0.96986651862222550  0.98036462999422025  0.99048435295285042  1.00000000000000000
 -0.00449153142452388  0.01777739379604356  0.03533969816708630  0.05098675615676683
  0.06628934993383567  0.08141442264114780  0.09688093063815580  0.11284668067006351
  0.12914638906991097  0.14539688831923844  0.16098285631959217  0.17533326353652612
  0.18855946541076157  0.20176104692100055  0.21603576255016993  0.23130958974969695
  0.24679362483454542  0.26192739535220289  0.27685510945117237  0.29172544848041110
  0.30608146251993595  0.32017340875946720  0.33450199106631839  0.34926430898644761
  0.36323919822915418  0.37572911939155168  0.38910783442683461  0.40263351879423948
  0.41617745552235313  0.43121906759778061  0.44745287513925658  0.46364162647145490
  0.47922814239759776  0.49404174195146239  0.50795673877916359  0.52211581712236776
  0.53612263319275333  0.54962876713177611  0.56237159572194761  0.57471457801848935
  0.58712250419081358  0.60105563226053282  0.61453250248505564  0.62732688288028093
  0.63995413079279651  0.65205280882955696  0.66405261487824230  0.67543476859536200
  0.68663494838782957  0.69786671506602116  0.70981213476951510  0.72068718838335477
  0.73084643308012098  0.74103061688335203  0.75160010542255917  0.76205134367265237
  0.77179164392351030  0.78049483509923734  0.78893278399241284  0.79713348954805185
  0.80527167419183632  0.81332633841453184  0.82124761389821355  0.82911347314323203
  0.83673964858688332  0.84392074033456854  0.85075181390204557  0.85740382808641002
  0.86385592325825211  0.87044275617959299  0.87643840864771716  0.88233873086488068
  0.88795460130313941  0.89362864190965119  0.89908871039033778  0.90429514486414031
  0.90921755526968484  0.91392370136156265  0.91842643899391307  0.92278799640225606
  0.92707530406184002  0.93127955650701533  0.93527363468059932  0.93900160012416478
  0.94254779165379399  0.94601347136640956  0.94940325698545192  0.95272371114059318
  0.95599115332431994  0.95919655608473964  0.96246469452272165  0.96592605202469939
  0.96979056635832883  0.97438466624117648  0.98229174537688868  1.00000000000000000
 -0.00636353749914419  0.02504420101309636  0.05013469665013930  0.07726803609952358
  0.10299138662803185  0.12487721539321305  0.14017218823305611  0.15510619433876396
  0.17012688455472372  0.18604503850933929  0.20193702044284387  0.21624910634768663
  0.23008305649866562  0.24314422726042265  0.25526123483949625  0.26690996477557410
  0.27796115845461689  0.28866549457048707  0.29849461642537295  0.30749351440468653
  0.31608274044594431  0.32440947844799695  0.33229008954428929  0.33980671202688001
  0.34702723161652521  0.35401201720507192  0.36082372883051339  0.36762447470089116
  0.37440276271667783  0.38101803116139937  0.38748040106674775  0.39400233375250165
  0.40049544060365788  0.40699044710534915  0.41352954035278799  0.41999680324427757
  0.42641136711505273  0.43288488909225020  0.43954573559476229  0.44627794497271472
  0.45298561543792626  0.45959412737213712  0.46612279278011909  0.47279584705889954
  0.47971235772317539  0.48682646162869392  0.49401353930596975  0.50111789192472989
  0.50829962470045942  0.51565133968919685  0.52303571017656025  0.53013881289920650
  0.53677821624578193  0.54321479417707341  0.54958230477777192  0.55587852042108710
  0.56210154076859531  0.56808172400276757  0.57373201468496959  0.57940782458372864
  0.58545932877779194  0.59173199176917013  0.59768031500811669  0.60314825638697089
  0.60858632125739198  0.61447025915095876  0.62094040127491457  0.62750358075282531
  0.63376554813369723  0.63984625709908571  0.64611780109022254  0.65306614042059474
  0.66064567531699692  0.66860488311153754  0.67676225482194508  0.68513332229405000
  0.69372179713223969  0.70228352136309347  0.71089187091198414  0.72003175291991151
  0.72992529726436561  0.74103173023487934  0.75319594736884288  0.76570113043581645
  0.77830183276954767  0.79088058884094636  0.80398577319300202  0.81856031160596776
  0.83627172459165433  0.85691365962637733  0.87963558970808098  0.90443115892648329
  0.93018880433838147  0.95482875650337162  0.97783962787531165  1.00000000000000000
  5.58997347854632693E-009  -1.0000000000000000     
 T T T T F F F F F F F F T T T T F F F F F F F F T T T T F F F F F F F F T T T T F F F F F F F F T T T T F F F F F F F F T T T T F F F F F F F F F F F F F F F F F F F F F F F F F F F F F F F F F F F F F F F F F F F F F F F F F F F F F F F F F F F F F F F F
  <DiscreteSampler_grid>
  grouped_processes
  1 # 1 for a reference and 2 for a running grid.
  10 # Attribute 'min_bin_probing_points' of the grid.
  1 # Attribute 'grid_mode' of the grid. 1=='default',2=='initialization'
  0.0000000000000000 # Attribute 'small_contrib_threshold' of the grid.
  0.5000000000000000 # Attribute 'damping_power' of the grid.
 # binID   n_entries weight   weight_sqr   abs_weight
    10   10   2.119769522361008E+006   4.491667267671845E+013   2.119769522361008E+006
  </DiscreteSampler_grid>
