 -0.00248773656029802  0.01252458543098463  0.02428985320879177  0.03538762544441519
  0.04579360679871836  0.05597471670949142  0.06628871978141455  0.07643702611996461
  0.08666285624619452  0.09648097089193261  0.10616026548984686  0.11561683324717129
  0.12484674792589956  0.13362487400704745  0.14212036710352502  0.15093007776537679
  0.16052013063160592  0.17104365207679390  0.18163049664000308  0.19153223184322304
  0.20107633544680556  0.21040349519245530  0.21981526703675833  0.22852298813348873
  0.23720487280723346  0.24594051957862706  0.25510921741814618  0.26470130127842878
  0.27429757244532521  0.28417864106842639  0.29402644366917374  0.30396315267509189
  0.31393115116693776  0.32380009341955801  0.33396041538738491  0.34444295737571418
  0.35534618154273789  0.36597655202810286  0.37673007540735415  0.38733449315848167
  0.39803433109799408  0.40830899881716237  0.41807123329663393  0.42766146229018015
  0.43728883812369779  0.44739574148219158  0.45788634386307853  0.46840395920727851
  0.47847825757837931  0.48850420513748777  0.49877365779247690  0.50979830944014981
  0.51972312688626376  0.52903561002836685  0.53837218006749399  0.54869048790827513
  0.56002548883974157  0.57139254951957041  0.58275706517755110  0.59412268949076275
  0.60604567476118609  0.61775213265915274  0.62914663679096627  0.64016519602432775
  0.65113412092566603  0.66224178795323618  0.67351540330324744  0.68473861503049893
  0.69611840392466562  0.70712303016595546  0.71854682174008766  0.73009238384724418
  0.74167934210274600  0.75340083447593598  0.76523480296997592  0.77705921238083042
  0.78885404750473731  0.80104597110654385  0.81337006364928355  0.82478573004011846
  0.83625136513052656  0.84732233243087496  0.85913960577465687  0.87144726232692493
  0.88409640148765845  0.89681848780739060  0.90945816531261914  0.92079211827642993
  0.93112473279016517  0.94098312889653202  0.95145293438682332  0.96306626513801419
  0.97408025683015720  0.98410088102392079  0.99232611694271777  1.00000000000000000
  0.00009825844269530  0.00010751187603487  0.00012025770237507  0.00013261790064751
  0.00014555635710005  0.00015890981283367  0.00017288660619652  0.00018806620711949
  0.00020471997361577  0.00022291547825050  0.00024272475575560  0.00026195227640483
  0.00028138946276988  0.00030003533785336  0.00032019904697288  0.00034231865893459
  0.00036847947790440  0.00039911733137677  0.00043121335818647  0.00046416979028058
  0.00049778869783015  0.00053487659498538  0.00057805914547558  0.00062927032288493
  0.00068125281185841  0.00073306886926202  0.00078774429412496  0.00084282646490250
  0.00090675416257291  0.00097537452773218  0.00105284724554188  0.00112895444405699
  0.00120991626613097  0.00129523030725322  0.00139519097697531  0.00151397840037771
  0.00164719357935118  0.00178858574674852  0.00193193590065664  0.00208137819290429
  0.00223633224585585  0.00240065503886966  0.00256658986291845  0.00275082531990759
  0.00295907915842822  0.00319244603684059  0.00343952452517995  0.00372169885811727
  0.00404247371465863  0.00440300038140855  0.00479809587817844  0.00523041797023847
  0.00571845587422895  0.00626547579741848  0.00686238440312389  0.00749709651145000
  0.00817527972569740  0.00892742158028056  0.00977352828704296  0.01068915615327237
  0.01165810417170288  0.01271096029176483  0.01389495262182352  0.01525150832497620
  0.01674723980721890  0.01840399446142180  0.02022387610041305  0.02227419661593278
  0.02468816832576579  0.02754496221139414  0.03064114640624922  0.03387702301085754
  0.03744631224073074  0.04144120074134796  0.04617151392068765  0.05181914883324704
  0.05838406635150645  0.06552206388941151  0.07316545510610960  0.08199680755401685
  0.09282019098910026  0.10502881892260094  0.11829527783446762  0.13287598942707729
  0.15015642384863581  0.17061834301590539  0.19482379452126336  0.22223280255547351
  0.25318467105965631  0.28852826550154870  0.32995978434510909  0.37846052166268424
  0.43574664859969386  0.51141072945127219  0.60090036332926189  1.00000000000000000
  0.00000657953001337  0.00001375664674633  0.00001817151584206  0.00002243321526382
  0.00002665654651664  0.00003116673847095  0.00003617277369169  0.00004144953617664
  0.00004706734334083  0.00005327320926979  0.00006031781779184  0.00006829736671357
  0.00007729105094188  0.00008733680680017  0.00009870154333160  0.00011123138080612
  0.00012527856557418  0.00014142442927092  0.00015928986552653  0.00017919202924569
  0.00020220638241464  0.00022931502847483  0.00026058925146666  0.00029653114293455
  0.00033738514084420  0.00038274224277635  0.00043295319829265  0.00048941613055202
  0.00055461857122394  0.00063040604790734  0.00071723748376643  0.00081391080179714
  0.00091888703918299  0.00103871030484221  0.00117478951614712  0.00132981112584042
  0.00150633249391752  0.00171141271106331  0.00194509806113250  0.00221654345214608
  0.00251549272267330  0.00284834356699564  0.00322643522541760  0.00365401127475032
  0.00415545069325066  0.00476161203582489  0.00550680224684276  0.00635588227090331
  0.00727285840976160  0.00827059866552179  0.00943626025350341  0.01084068846936694
  0.01254868233162228  0.01453369352350862  0.01683733469750984  0.01957371617192763
  0.02278289774420546  0.02650507305453127  0.03085954708896870  0.03609525030220841
  0.04247873879755363  0.05029801961245213  0.05966753899765170  0.07060731123042245
  0.08359412659585161  0.09894725131107973  0.11722455427810535  0.13892800221836216
  0.16503849578083846  0.19674981618729565  0.23343659190562013  0.27467404753426777
  0.32099983861297837  0.37265773952117298  0.42934661478368980  0.48930346834593802
  0.54952133909420908  0.60659650300178813  0.65826143779571100  0.70401201834859706
  0.74682572060417229  0.78340484801247134  0.81404465467437948  0.83995179063035053
  0.86165298558359504  0.87975326011145372  0.89481394028215266  0.90630776051926409
  0.91683414816259123  0.92299264608347908  0.92915114400436694  0.93443466841268452
  0.93757104876968378  0.94070742912668304  0.94366368149849533  1.00000000000000000
 -0.00162851036526392  0.00529112731987238  0.01211523683933633  0.01883916154860664
  0.02597306221081206  0.03324627108770598  0.04070724436756475  0.04821335106293325
  0.05544319078996338  0.06277991424450083  0.07098004269852953  0.08000683362284022
  0.08954586611861316  0.09964586117238909  0.10988160016785384  0.12007264870939328
  0.13032677352471239  0.14033900420850931  0.14959245954978473  0.15873610948461322
  0.16749442833749326  0.17754761037142419  0.18779557846023348  0.19848726416666546
  0.20931020339638196  0.22035641459082725  0.23135191305836353  0.24206284298546490
  0.25291747157720312  0.26412868200233480  0.27528622290060573  0.28620349797794892
  0.29703634182254940  0.30798934260485422  0.31920915224523116  0.33091849706084364
  0.34276971765390252  0.35484505645561570  0.36685672859337659  0.37963892382054210
  0.39219491234060028  0.40495639211107759  0.41686160804297351  0.42845153751364312
  0.44025941914739358  0.45330218219625518  0.46632544390128255  0.47755379473406473
  0.48868966388729534  0.49924638497608670  0.51044773615330086  0.52199427303076373
  0.53401431912158492  0.54624694059651879  0.55810533394317408  0.57026369024341517
  0.58284198018705990  0.59532318266079820  0.60729234646458341  0.61876514863691201
  0.63018634298784326  0.64149068317040048  0.65261265950568892  0.66398720032677649
  0.67600312321051481  0.68809441136208327  0.69965203856616398  0.71103463396312472
  0.72279048696464687  0.73463087122223192  0.74619389802564418  0.75791284023449912
  0.76975667284272287  0.78159511377098667  0.79276433367419652  0.80357854735945689
  0.81412339392798405  0.82502309046462330  0.83624835184485502  0.84737856201814021
  0.85831879046283910  0.86931947399224108  0.87977055508108148  0.89022884236522815
  0.89981676352143602  0.90934944015468666  0.91866955527643457  0.92771356903993085
  0.93666928984035758  0.94539243217621349  0.95419654632591355  0.96333990688636750
  0.97297025397410464  0.98212322695012355  0.99097903660109221  1.00000000000000000
 -0.00267885074514576  0.01007839547473955  0.02097506663289878  0.03200486717313761
  0.04341857520833676  0.05493987477077161  0.06465858541570317  0.07361513406592693
  0.08223932252105537  0.09117101536257248  0.10089498153688126  0.11116448928164989
  0.12198577884786925  0.13320003795714350  0.14432415235833784  0.15551705381831651
  0.16681262887659665  0.17805716537034050  0.18920046119800540  0.20043377643506449
  0.21172639173378957  0.22278963379723818  0.23349941438836253  0.24397113495203721
  0.25457096653917088  0.26535662902380519  0.27622288850477050  0.28726996109110464
  0.29876905924715097  0.31082434292520605  0.32272514552277526  0.33394693732283848
  0.34447604776852658  0.35435555001159136  0.36409279053592597  0.37368168688526721
  0.38331145003946454  0.39322603197869505  0.40350497812834424  0.41384896713357844
  0.42410008117748027  0.43433762967403666  0.44476009306440561  0.45534842137567161
  0.46616106363200849  0.47645551235693717  0.48664985893984886  0.49670083395397335
  0.50694798874739799  0.51730985566970333  0.52783379336605407  0.53909787510982277
  0.55038992424597999  0.56135535276406290  0.57131328919461277  0.58112052282071047
  0.59094186996085474  0.60123045723822832  0.61147448614351319  0.62165509727832524
  0.63213057124287764  0.64288619474569419  0.65370791216844681  0.66444171085713466
  0.67518138107828063  0.68605805537052311  0.69706631798497853  0.70780203420743204
  0.71831292165396099  0.72884954159239801  0.73980953066317934  0.75087344444112958
  0.76099658934466596  0.77053120289777366  0.77996639245880994  0.78971496549943176
  0.80022275804926557  0.81082281192691763  0.82128613088058755  0.83169189955948741
  0.84221365926572278  0.85229626441976181  0.86214150853616123  0.87221847165515298
  0.88261733210335258  0.89349397746538173  0.90467571892765453  0.91611277716742912
  0.92737473550044047  0.93833895695401015  0.94914788502068559  0.95969227620496012
  0.97010707100039373  0.97976976783125791  0.98985642739680513  1.00000000000000000
 -0.00206290753145626  0.00835123759678946  0.01696830113370929  0.02598452066237737
  0.03495052394080593  0.04431352146058746  0.05362774879777783  0.06340829272390504
  0.07316916265549227  0.08274569494246153  0.09218211509135160  0.10190628860522323
  0.11208954744127200  0.12239014815594509  0.13179513428119025  0.14085422793753485
  0.15005738757622877  0.15957809928103919  0.16987239784396541  0.17976401027679709
  0.18955966157502641  0.19928754942600960  0.20860122839663073  0.21832516274831867
  0.22848335181581933  0.23956701083471454  0.25102000549893505  0.26266415498002521
  0.27419596054807271  0.28533959998605918  0.29625037861000769  0.30698196411937562
  0.31784237918749986  0.32861791575788063  0.33901587013625123  0.34930028477876179
  0.36025600663869717  0.37126712670136824  0.38234648966493651  0.39308704569469366
  0.40424551504462497  0.41541667857217202  0.42608486575648169  0.43653327869770098
  0.44719563271109203  0.45842111899420923  0.46999996685082185  0.48127351537000945
  0.49234596262779723  0.50311669879009535  0.51381356245776733  0.52508720629232530
  0.53657863973720377  0.54877287785759798  0.56137684269062538  0.57379043472773328
  0.58569103616666429  0.59735932116541557  0.60942594004972062  0.62110471502957787
  0.63206800176257205  0.64309703320840084  0.65440563318654954  0.66651160287070077
  0.67828319937159931  0.68932883437830528  0.70019227729765632  0.71065936363017612
  0.72131971718861276  0.73184265493323220  0.74266462585302928  0.75375412594418034
  0.76503424803934883  0.77582262329628693  0.78651514121917354  0.79710016153006991
  0.80791860324124753  0.81902489481407137  0.83035504965909623  0.84174496530135956
  0.85244441275454130  0.86267307409523342  0.87227552692701849  0.88160505482721885
  0.89092582441752566  0.90069529964960293  0.91111701450511218  0.92193510342362017
  0.93275729843613353  0.94319389942076148  0.95236245086863425  0.96167970627278265
  0.97066582007287139  0.98046465613411560  0.98998317429623039  1.00000000000000000
 -0.00248148479970690  0.01089123551398164  0.02145552274835627  0.03215528273717237
  0.04277517647968088  0.05385991210317681  0.06511937363560208  0.07535842207436443
  0.08496405850197519  0.09439356380543100  0.10443640119348244  0.11536244764324122
  0.12643208660195340  0.13727993908231537  0.14822976876439711  0.15954302900283654
  0.17063820558785903  0.18178775491210619  0.19284396444555926  0.20319426717960712
  0.21330033878826499  0.22311259078304874  0.23337565648338676  0.24366997308855898
  0.25426997424013054  0.26527283746507452  0.27631830110696587  0.28680381995237003
  0.29710232739797848  0.30732355492198649  0.31746685450503120  0.32737526515331761
  0.33774815468149222  0.34887512607352256  0.36018651401916846  0.37141536804070341
  0.38273722208537897  0.39397734716432131  0.40514443593325761  0.41637814986515798
  0.42771003969040311  0.43886539786805218  0.44978933983812280  0.46077180087874337
  0.47161429713064756  0.48241519025136281  0.49305904754356006  0.50382019718870552
  0.51480050867236826  0.52588246376424463  0.53714950064421163  0.54858127686888425
  0.55964717793195184  0.56994799578226085  0.57970975433133876  0.58985397742484702
  0.60050658363243470  0.61165793424956860  0.62280995834647424  0.63367298231969149
  0.64450424992253241  0.65500035292166814  0.66531024197681776  0.67521099057278278
  0.68511562537655213  0.69538140305485885  0.70575788565181885  0.71511878288311925
  0.72429204457962448  0.73396569257759847  0.74417180814236250  0.75449493787456989
  0.76445411007630359  0.77433238895248002  0.78471814901638215  0.79511888762808036
  0.80568890371593938  0.81609112550295915  0.82607353352608237  0.83621572745131534
  0.84649438234444052  0.85636148180615468  0.86635684494479503  0.87620767704793912
  0.88691282492980261  0.89767220555995209  0.90796903367181936  0.91818646842435847
  0.92864005438491604  0.93935960275820007  0.94906641901763922  0.95869740099618095
  0.96870853096281195  0.97922835988228341  0.98984593464335202  1.00000000000000000
 -0.00216092179921147  0.01043956213488935  0.02130383493491753  0.03156385476404405
  0.04239757858705261  0.05330415550949734  0.06492637569707629  0.07597621805228219
  0.08694974206436426  0.09823271282520231  0.10954945157840723  0.12091650924224295
  0.13107178494510643  0.14126402050748013  0.15115595228299925  0.16155683450206870
  0.17193708544034550  0.18293068425585549  0.19450743287923861  0.20508363020297923
  0.21498967726800963  0.22478129432502708  0.23531061601739614  0.24647061580507096
  0.25705739028988772  0.26775891622893605  0.27863480532787505  0.29015192936338935
  0.30107145300889904  0.31173730374633024  0.32241647526199330  0.33363265538575310
  0.34452181355150435  0.35490828291855264  0.36493492826424534  0.37528371836271568
  0.38488124975289079  0.39494415094043367  0.40400314799116827  0.41356385436044851
  0.42199338699953226  0.43052465931845196  0.43947161843958643  0.44929420245644153
  0.45955960960308040  0.46981500856175945  0.48015661587729414  0.49074955439041140
  0.50156381180559284  0.51240855165374377  0.52288595960946982  0.53337877229558939
  0.54436260011021265  0.55590630237501826  0.56708485312926982  0.57778333885430933
  0.58861030153875338  0.59968408336806056  0.60988170576561107  0.61909889865304724
  0.62814962116817141  0.63762352115385579  0.64858246848800849  0.65964298831455759
  0.67080516853865990  0.68198512231540398  0.69336146953870115  0.70483310526116461
  0.71582846469896755  0.72630030790014544  0.73691709706925124  0.74815047876270280
  0.75989452729540918  0.77134026280537882  0.78245416482585273  0.79320097095373054
  0.80355442969387758  0.81358617374783815  0.82346225304553755  0.83354624656817766
  0.84400230320508196  0.85449459813904494  0.86519421857589651  0.87588198362745351
  0.88665036388651830  0.89745849506448094  0.90835722701802057  0.91888078325862710
  0.92881057560207902  0.93867451466825025  0.94902284069872833  0.95938744199148185
  0.96942979557144549  0.97876276142591689  0.98924629070775483  1.00000000000000000
  9.52595837060078214E-009  -1.0000000000000000     
 T T T T F F F F F F F F T T T T F F F F F F F F T T T T F F F F F F F F T T T T F F F F F F F F T T T T F F F F F F F F T T T T F F F F F F F F F F F F F F F F F F F F F F F F F F F F F F F F F F F F F F F F F F F F F F F F F F F F F F F F F F F F F F F F
  <DiscreteSampler_grid>
  grouped_processes
  1 # 1 for a reference and 2 for a running grid.
  10 # Attribute 'min_bin_probing_points' of the grid.
  1 # Attribute 'grid_mode' of the grid. 1=='default',2=='initialization'
  0.0000000000000000 # Attribute 'small_contrib_threshold' of the grid.
  0.5000000000000000 # Attribute 'damping_power' of the grid.
 # binID   n_entries weight   weight_sqr   abs_weight
    10   10   1.452802048988958E+004   1.078623032299160E+009   1.452802048988958E+004
  </DiscreteSampler_grid>
