 -0.00000248846087350  0.00010487184231361  0.00025129343109856  0.00044164322514333
  0.00062656568127133  0.00077205941860999  0.00093065817869089  0.00113338695006885
  0.00135858044822141  0.00156032346353998  0.00176401986598060  0.00195659594823849
  0.00215937282096229  0.00237052917488207  0.00259977946600421  0.00282313574048123
  0.00303729960340449  0.00327028359265438  0.00347088015306587  0.00367559899178408
  0.00389224022813602  0.00412968873355604  0.00440806160520041  0.00475403615487186
  0.00506426778259716  0.00533501089030845  0.00558824684519285  0.00584076168550300
  0.00611899314470934  0.00640890263080183  0.00669491652478562  0.00698156481954623
  0.00727360834077824  0.00756472022988547  0.00788123073645913  0.00817604031373952
  0.00849567421974915  0.00887561936276395  0.00925613485637593  0.00960782332831753
  0.00993558121798418  0.01024577752377045  0.01057965610789855  0.01094211800679826
  0.01133970149216948  0.01177502356253105  0.01219989208831995  0.01266786478871209
  0.01316561691725863  0.01368928902159986  0.01424531482443114  0.01476253418104599
  0.01524011064794880  0.01573606106878131  0.01627713943790650  0.01686233918754773
  0.01749347829160304  0.01816853475633817  0.01884532983427423  0.01967111801175802
  0.02059138677534928  0.02159472874667922  0.02284817254906375  0.02371541532621606
  0.02472713644882901  0.02580455592145476  0.02689874249865117  0.02805884993434084
  0.02938356848627059  0.03084156317756066  0.03239746279317601  0.03395170659289810
  0.03567940003821638  0.03760681584376831  0.03953615286121376  0.04154034832439241
  0.04370762439676315  0.04587891420406582  0.04840910883018878  0.05132090309563386
  0.05458674961224912  0.05789070392550527  0.06119308922860570  0.06495448072958430
  0.06890868407385414  0.07388296676679715  0.07973436171658187  0.08628865018574972
  0.09555765608885189  0.10539087118050786  0.11978692790230268  0.13870450653959793
  0.16725085814032051  0.21640795165667520  0.34026470439256318  1.00000000000000000
  0.00000912348946680  0.00002742957764595  0.00004052329139601  0.00007425522525290
  0.00010856775296042  0.00015269066382248  0.00021270125336217  0.00028166760967915
  0.00034655022318228  0.00040540038413379  0.00045954153431405  0.00051939398946729
  0.00058394353913328  0.00069132431795626  0.00080899386937609  0.00093038498912278
  0.00105973186260334  0.00120321360869577  0.00137378266210387  0.00156369102262662
  0.00174024157955231  0.00191159840958064  0.00208698396477233  0.00229352234203298
  0.00260703492809361  0.00290448026497638  0.00321541330668082  0.00358087781184826
  0.00396748073527388  0.00439396266661787  0.00478317350253020  0.00520145021586787
  0.00561464479412433  0.00610775624308509  0.00665465916453205  0.00730615123239856
  0.00798163994274496  0.00875878508901723  0.00959890761731835  0.01048722457366591
  0.01137174489063962  0.01230133909983367  0.01350034113145913  0.01481020148560515
  0.01625522963347083  0.01794349590246442  0.01946772254385675  0.02082953106896446
  0.02208090127485200  0.02334416567895815  0.02471592649326772  0.02638384030988656
  0.02808048778275761  0.02978068426003047  0.03156209557179335  0.03323693725520714
  0.03533695483700975  0.03762590430088879  0.04025996958415593  0.04309216707704965
  0.04589424234334836  0.04866162498363053  0.05157157956555323  0.05474333726680553
  0.05816764404977178  0.06186383438503898  0.06540276106705746  0.06906612211136333
  0.07332937191738607  0.07822601587988946  0.08378215955969991  0.09039944764752945
  0.09721836535283228  0.10479944187511790  0.11310436739592769  0.12181746221711176
  0.13120877495064073  0.13990093625270134  0.14926784792953413  0.15978566270503475
  0.17047622340064897  0.18353870852314966  0.19937572332081333  0.21570277065191254
  0.23647165256749778  0.26050355266761988  0.28200690645338744  0.30407780202373885
  0.33087002368276297  0.36222374029515575  0.39201176817234784  0.42965554343136947
  0.48288662522293652  0.56045311781447094  0.67809513559567103  1.00000000000000000
 -0.00000337819589831  0.00012441216541182  0.00028229631489677  0.00046403773084245
  0.00064763654515377  0.00085360223606536  0.00107363076224769  0.00128830256043986
  0.00150598010907228  0.00172878673811260  0.00195426747368539  0.00218090941417895
  0.00240884079522739  0.00264695738008890  0.00290529225364949  0.00315502654422570
  0.00338894492656250  0.00362357654537943  0.00386218390638120  0.00408929443056492
  0.00433033253433157  0.00458691036479006  0.00485748505990396  0.00513684783406944
  0.00541928504270881  0.00571404368772442  0.00601815224293932  0.00630333075172554
  0.00658182435779330  0.00685453551858602  0.00713077111252122  0.00742475841165906
  0.00775844293995465  0.00807152955265522  0.00841149984749536  0.00878614689644977
  0.00917080318169097  0.00955011002776210  0.00988882580201168  0.01032281541532839
  0.01084814482007404  0.01134733821081717  0.01179653661850174  0.01226492226790689
  0.01275411708356102  0.01327309007867952  0.01390815233751918  0.01463499806679670
  0.01545974229168569  0.01633698575151757  0.01720380942616451  0.01802028705313499
  0.01878663235433388  0.01953685579658043  0.02028700011591676  0.02092979214546785
  0.02157358775907137  0.02223665806233566  0.02294262671595244  0.02384383240003022
  0.02476987768021759  0.02587821396781304  0.02700604257758775  0.02812257709642797
  0.02931902183300569  0.03067520563800821  0.03211424275217527  0.03365235726874895
  0.03527151369040595  0.03693629004909612  0.03856388683771497  0.04020587046725382
  0.04203515413757313  0.04421678807079597  0.04672166741465730  0.04923136264250694
  0.05206626764395639  0.05493116445718972  0.05791564639244159  0.06129142182952195
  0.06520375118055852  0.06920461845513946  0.07412522466913951  0.07978884491971522
  0.08684503458346853  0.09522911859050844  0.10598594740823676  0.11876327386583575
  0.13260936192840320  0.14673116269632455  0.16558329368641497  0.19635396042397027
  0.23404812094371663  0.31403440412495337  0.47848320037787878  1.00000000000000000
 -0.00270345842577724  0.00721855156477928  0.01719575220282508  0.02759937817151755
  0.03890713187086875  0.05069503021587243  0.06224399912462206  0.07241332674570977
  0.08209379955614550  0.09259037532871882  0.10314126461201298  0.11362716565645697
  0.12369961239673809  0.13385780969749958  0.14359402787281050  0.15292289107459303
  0.16200995236455845  0.17104138249445738  0.18303567240177837  0.19576165017541122
  0.20958144371916618  0.22204312753815153  0.23350088570170366  0.24232650348175722
  0.25060535418303392  0.25909901202703611  0.26857635373096650  0.28102743993561385
  0.29402801786024618  0.30772243017440826  0.31938310259935881  0.33176901399568715
  0.34338225279743501  0.35562513469320711  0.36725519871245926  0.37988090088608417
  0.39327295089983921  0.40601482392807087  0.41713062259170591  0.42778671646558203
  0.43877340568636974  0.45037588352902430  0.46276899484716150  0.47404922477231853
  0.48418645358704587  0.49235275936624556  0.50029569354407544  0.50906759553866043
  0.51919549433087409  0.52907894453017823  0.53821390463957297  0.54791949847268073
  0.55804774299791449  0.57046103184103880  0.58280144092406594  0.59640577809202799
  0.60819209310674938  0.61717058159692550  0.62613283467427139  0.63471960339607969
  0.64263738848266283  0.65029242842307722  0.65813367082246066  0.66614555890177418
  0.67826800820280242  0.69175673440940033  0.70517029220848282  0.71610610775557715
  0.72607253945378014  0.73637545870256083  0.74581489097369269  0.75606600385828737
  0.76708577014877666  0.77789652864391134  0.78878098057954038  0.80017734051779166
  0.81152973942703244  0.82162938501595695  0.83124963333292545  0.84173987832244668
  0.85300201666300979  0.86362288997393355  0.87315067615015884  0.88193889690757554
  0.89029098925492467  0.89883255667220885  0.90957242390094140  0.92030309315837000
  0.93010684056092197  0.93962064467280604  0.94918379828592614  0.95857833457100117
  0.96804931334636735  0.97816696021907967  0.98872113723290289  1.00000000000000000
 -0.00171641008645699  0.01167680697775818  0.02040773480467641  0.02879220544403031
  0.03689490721564859  0.04333785225288938  0.05000026157898312  0.05725865277475830
  0.06403489897309497  0.07053320381354596  0.07737165478154243  0.08391547151772609
  0.09168920039857595  0.09941698802591474  0.10715942984062563  0.11476459827461927
  0.12194398253369368  0.12867274345471974  0.13533949423626451  0.14231250718213259
  0.14947285664436846  0.15666928508047567  0.16408838579189619  0.17157892489731505
  0.17844380508955482  0.18503035981318061  0.19216670423591320  0.19955717208549953
  0.20689743965586907  0.21521801280032576  0.22393221412697187  0.23261794884545689
  0.24162196973713754  0.25047242219986515  0.25884367559818450  0.26728775355522971
  0.27487323864960284  0.28188295098273847  0.28890212983373348  0.29659404420020852
  0.30519934406377480  0.31375385752175255  0.32218781936572605  0.33061003673420813
  0.33897417068309821  0.34704308345720614  0.35498596558239132  0.36311015315771156
  0.37192888258386420  0.38239236793213632  0.39292825669338699  0.40345763677162128
  0.41385952052667402  0.42421457125997586  0.43459581177119982  0.44570709718763485
  0.45676569519876198  0.46772977421816242  0.47793365108796698  0.48897397086202904
  0.50197299434928155  0.51661585483972905  0.53072723817896872  0.54259828857611814
  0.55323239478933250  0.56270111617402485  0.57183362781226288  0.58166130343446554
  0.59435834685967093  0.60726813180915495  0.61901496869678430  0.63022974134015486
  0.64137448530262697  0.65254438403296267  0.66555586552618340  0.68048733525067828
  0.69666931948526067  0.71075696504306574  0.72245858402231267  0.73438128927808710
  0.74764384542821749  0.76196522524174759  0.77586405396538649  0.79111294108896779
  0.80758262322968943  0.82311152858544701  0.83741874019250451  0.84995789255030529
  0.86332757360806356  0.87827577400291312  0.89576663972388149  0.91439873489364820
  0.93187953614913210  0.95086595962632836  0.97348896804970797  1.00000000000000000
 -0.00318903000154342  0.01414385002820353  0.02694932650168586  0.03852630165218196
  0.04921599066655363  0.06040564441624675  0.07356734232923776  0.08670504971092277
  0.09785939941821552  0.10821641977332311  0.11813464042069045  0.13043686660741577
  0.14162042266212393  0.15240993387142007  0.16270172602066393  0.17290292852175659
  0.18382514238624731  0.19457296912551550  0.20457483503467661  0.21477377533473033
  0.22508268994625991  0.23845369467350080  0.25398924877198392  0.26980856741586717
  0.27935491036023163  0.28825900099930329  0.29603822006502423  0.30398833813493237
  0.31214924137157496  0.32103056810054753  0.33042205431235261  0.34004137700621750
  0.34968668448778323  0.35954595750841362  0.36990258261516240  0.38026859825538634
  0.38930440604063132  0.39852497940802628  0.40792783790550791  0.41708086779548859
  0.42688038194143785  0.43872777845761352  0.45362840513059610  0.46635025825681592
  0.47720173705235480  0.48851609023186549  0.50156092980412348  0.51396895424559619
  0.52510072025199284  0.53475850263247104  0.54406305172604363  0.55321482493724039
  0.56139879775790591  0.56834874177793870  0.57549713639916034  0.58472733334299032
  0.59718502977035881  0.60838639144301143  0.62135009415533105  0.63099138995374282
  0.63999403781831332  0.65021162667172705  0.66060157589535573  0.66978425419511578
  0.67834101234916167  0.68718101983764146  0.69825358111979530  0.70885149281557069
  0.71920715395723123  0.72943496789539430  0.74048560834135757  0.75114272666362192
  0.75980395278911916  0.76853505572054004  0.77739812206953485  0.78637884368756983
  0.79511414467431607  0.80355249671226570  0.81251631408999037  0.82322391632513170
  0.83586393972829343  0.84909342751341732  0.86170375363593277  0.87402488707729942
  0.88613181025200161  0.89677280303871643  0.90590338605545007  0.91474079098292804
  0.92434778678716212  0.93481176927985066  0.94633678901871487  0.95792434131590443
  0.96856483874726329  0.97900045646190748  0.98983199632461183  1.00000000000000000
 -0.00109331734644159  0.00180397778612605  0.00498013132307703  0.00859337721052832
  0.01216035509640718  0.01610768696875152  0.02048433798665510  0.02525172210243797
  0.03059608235772909  0.03613331514879570  0.04201235625808044  0.04660559409547289
  0.05117051008771812  0.05582491589317850  0.06038111493184853  0.06574988737208674
  0.07152002076131521  0.07780877228147688  0.08446573231045437  0.09157446442909239
  0.09839227980214148  0.10568064843184759  0.11325400582734589  0.12138408630705658
  0.12944080237372513  0.13810954036115974  0.14750745293488127  0.15775702199765329
  0.16790983758494049  0.17769643347878852  0.18739595987310068  0.19594096729470206
  0.20452404362197216  0.21291023916522003  0.22092942061112614  0.22923013841238529
  0.23755699360991589  0.24643784598275342  0.25611019061691870  0.26611661488163318
  0.27610210293144932  0.28607575676705904  0.29593577102315621  0.30692935508908753
  0.31896275543866293  0.33222697633079468  0.34557574730811491  0.35845705429779773
  0.37026983096841481  0.38283742808497784  0.39527315178130473  0.40938112828871115
  0.42205747764934892  0.43212453633267750  0.44210229651307886  0.45095961980761390
  0.46170918037766051  0.47283146374908647  0.48727869722486339  0.50447642886247734
  0.52050783490743369  0.53741498914875352  0.55419391890551939  0.56921077776636941
  0.58316539658850985  0.59514432876971168  0.60714963554890267  0.61880908520976430
  0.62904423576330648  0.63844971813401608  0.64744544521702285  0.65712568667846105
  0.66700791333643528  0.67415529566576149  0.68197243793981943  0.69083855310458975
  0.70013537986777108  0.71036451308146820  0.71899577777935786  0.72546432236761915
  0.73495768057231359  0.74616853358826818  0.75797139393880886  0.76872903517970248
  0.77858140250024599  0.78983475128837133  0.80132837998414974  0.81306841304390609
  0.82728388586444146  0.84170943047170232  0.85826103698541700  0.87634795129630338
  0.89970816496968753  0.92391161411426059  0.95341262991301168  1.00000000000000000
 -0.00323436173980714  0.00935796526550230  0.02091549331255007  0.03312596452400996
  0.04787911079700129  0.06331374802125599  0.07896547024833198  0.09366562668739069
  0.10831081862404587  0.12275561799807656  0.13603831760568091  0.14889001839183097
  0.16052552307345913  0.17312952367835199  0.18527684509134423  0.19670091393267788
  0.20905827866868487  0.22043940815746677  0.23040396600166635  0.23923226444668674
  0.24852416239268749  0.25925640248907000  0.27201805201022677  0.28605176280513278
  0.29996629761286736  0.31287363280324498  0.32432281679724312  0.33511657583831128
  0.34586000641780024  0.35564093256120871  0.36485286868442363  0.37468893508626594
  0.38433759300401155  0.39360449623523153  0.40223026209861634  0.41092647157239148
  0.41870106168576715  0.42658719241528331  0.43455056777736412  0.44327611779313925
  0.45149098282382677  0.45913131153193515  0.46520895741997803  0.47132451566131095
  0.47735343705603145  0.48323473606254130  0.48893261219842460  0.49411010363836033
  0.49924634529409911  0.50480465931699481  0.51143446317789432  0.51830661177570025
  0.52361550374550003  0.52868880594785839  0.53411096559615845  0.54061019229241558
  0.54825718845098448  0.55621719216922794  0.56386334725577880  0.57151305498317906
  0.57914582276535687  0.58669027557873599  0.59504489823717266  0.60303494838391858
  0.61038596903843834  0.61798538332335851  0.62665987726173944  0.63525118707729467
  0.64371378653495848  0.65166222941676943  0.66029230150938545  0.66985386919465129
  0.68240306859647237  0.69454578185209237  0.70736346451621235  0.72142848866802167
  0.73840522885146487  0.75267524084736814  0.76456164212212252  0.77646714724763044
  0.78933919135285835  0.80136453792809870  0.81242304701856027  0.82486391704748019
  0.83763788543625073  0.85204245340669615  0.86471541418718034  0.87700825152380790
  0.89027839311942092  0.90442355502933014  0.91891019085017722  0.93571951330785741
  0.95308281799167383  0.96908895173358200  0.98458559001081258  1.00000000000000000
  5.74912934783404763E-011  -1.0000000000000000     
 T T T T F F F F F F F F T T T T F F F F F F F F T T T T F F F F F F F F T T T T F F F F F F F F T T T T F F F F F F F F T T T T F F F F F F F F F F F F F F F F F F F F F F F F F F F F F F F F F F F F F F F F F F F F F F F F F F F F F F F F F F F F F F F F
  <DiscreteSampler_grid>
  grouped_processes
  1 # 1 for a reference and 2 for a running grid.
  10 # Attribute 'min_bin_probing_points' of the grid.
  1 # Attribute 'grid_mode' of the grid. 1=='default',2=='initialization'
  0.0000000000000000 # Attribute 'small_contrib_threshold' of the grid.
  0.5000000000000000 # Attribute 'damping_power' of the grid.
 # binID   n_entries weight   weight_sqr   abs_weight
    10   10   1.014615224840586E-002   4.935641000777564E-004   1.014615224840586E-002
    16   10   1.629892946925452E-002   1.295161949462472E-003   1.629892946925452E-002
  </DiscreteSampler_grid>
