  0.02480754359772154  0.02919525397717805  0.03403105649377450  0.03921216802878742
  0.04495051947548263  0.05115258712093963  0.05765927243173347  0.06452156686309159
  0.07187253638052521  0.07985518350495020  0.08886828930349505  0.09866203900842854
  0.10800261361933332  0.11687032302859224  0.12593789161649990  0.13557474260620003
  0.14544605880918984  0.15484786623509930  0.16420280147584923  0.17400371085848504
  0.18421670808239263  0.19390422889637826  0.20326990798901406  0.21262536918142458
  0.22214726757076739  0.23154812109517131  0.24022753218885809  0.24845586496809993
  0.25617134129744606  0.26403531150174997  0.27255121598131526  0.28137471242732837
  0.29051918642868096  0.30102511719922637  0.31204382390810687  0.32209484343881384
  0.33185643931129377  0.34117006185955706  0.35040751722221630  0.35996173053006486
  0.36967262246286275  0.37995009479092379  0.39046841787106712  0.40172561472792717
  0.41386494617662384  0.42587978292060874  0.43722244758294154  0.44825928374834062
  0.45964478078099891  0.47143784893301771  0.48315770988875789  0.49467040476850044
  0.50631203650537893  0.51813075538848863  0.52980326654697740  0.54118434723532449
  0.55285939430400777  0.56444808644121858  0.57576039517815480  0.58705012190043748
  0.59804154110181995  0.60991769364141879  0.62268291023288369  0.63519682480584649
  0.64610062605996410  0.65559623446450632  0.66471438630316393  0.67370405067789263
  0.68285857200492361  0.69216515872857298  0.70135922962494790  0.71072748295143218
  0.72055462265333370  0.73077405109157167  0.74161266379684698  0.75276297367440104
  0.76389240881616749  0.77453079466618158  0.78484958218789180  0.79563960027714442
  0.80646571008972046  0.81728907464430223  0.82807239287670686  0.83958874329749122
  0.85184123181380844  0.86299147226831741  0.87421803113897534  0.88609012899411432
  0.89822252226335841  0.91111706692782801  0.92348930384726569  0.93603798695610019
  0.94953517375967844  0.96432650243680929  0.97562448981766470  1.00000000000000000
 -0.00002057941166129  0.00125677296846217  0.00413733684599118  0.00738519700255972
  0.01074707554626989  0.01419185714957237  0.01787103858671091  0.02184616125272275
  0.02596501584826805  0.03014600549303695  0.03421664829836266  0.03811726352487811
  0.04193346850536343  0.04571696645237387  0.04951457461960926  0.05325500493933129
  0.05687143290290157  0.06043230300304808  0.06403751805381649  0.06756828653191034
  0.07086876588556243  0.07415324422563849  0.07728430902645124  0.08041241761784292
  0.08330192795815973  0.08616551919645550  0.08899069996993147  0.09173151086318780
  0.09439716679622413  0.09708019843017002  0.09974248473875362  0.10243908011295162
  0.10511669828990336  0.10776579232825458  0.11045319750516940  0.11313997235001748
  0.11575326696371670  0.11819347129734627  0.12054616232271317  0.12289818483425285
  0.12522485909445338  0.12753772443066214  0.12981660610668161  0.13210471207436755
  0.13434486954445030  0.13654833001742125  0.13875184517407582  0.14091157758245895
  0.14306313593843792  0.14518376740625416  0.14731676537564939  0.14950114149810270
  0.15168934289143784  0.15384198813727845  0.15596335250261550  0.15807408443133975
  0.16018282680608692  0.16226485449888786  0.16433211220413044  0.16638325505123913
  0.16842079257915604  0.17046552213097371  0.17254372028430509  0.17460961136637587
  0.17672129886446192  0.17883715322823523  0.18101323392060029  0.18327524078262825
  0.18560867310001167  0.18797828843059305  0.19032565595427559  0.19260308287927921
  0.19470215333364033  0.19671099623016708  0.19867693177347673  0.20063614042984126
  0.20244688860815654  0.20427160912725550  0.20596108836098101  0.20754644040146100
  0.20909648357703167  0.21062799095764723  0.21226837665035928  0.21411086397088630
  0.21584988725727614  0.21747531607938511  0.21907975208771674  0.22072910704035603
  0.22250955779527795  0.22436703843855196  0.22879682471089252  0.23183623392117500
  0.23342973971670361  0.23399324742684954  0.23450057268495847  1.00000000000000000
 -0.00003771706760199  0.00228806260431150  0.00628820162506931  0.01060741765311173
  0.01472911208549369  0.01847549486307474  0.02277303195344760  0.02772039022709313
  0.03300025340633653  0.03845573616191916  0.04403735146426427  0.04931095527498081
  0.05453453638146807  0.05988657176276416  0.06514545062768995  0.07019744476910307
  0.07476707647111146  0.07922148025094776  0.08371310170308370  0.08851685632165353
  0.09346141784494194  0.09842718474993883  0.10362966326557289  0.10884650186048135
  0.11393218418102888  0.11888990089246312  0.12398952373431663  0.12935573138825124
  0.13476578530851224  0.13987100231751673  0.14475453959846882  0.14969951257961181
  0.15487910085277395  0.16043472141892187  0.16602945116975060  0.17129558926687299
  0.17650755437126220  0.18157731027463464  0.18662015654571382  0.19170924782622181
  0.19668726230563743  0.20164920669493530  0.20662041551507923  0.21177602023426786
  0.21700131895714697  0.22235611246747505  0.22789267812062633  0.23364989229285560
  0.23916050606991510  0.24479847829541307  0.25037325354490880  0.25588549077971984
  0.26166138247566079  0.26750342550186601  0.27359572861612308  0.28018565602372153
  0.28673000720715275  0.29298670763008955  0.29907928349022994  0.30519153933024229
  0.31152716254560714  0.31811427864554237  0.32504781982177694  0.33179652934808612
  0.33820411053973987  0.34458239342944685  0.35124983154430639  0.35833788847482717
  0.36573818479442421  0.37320983526958518  0.38076794330259001  0.38878059352654193
  0.39668193958433862  0.40442827563124745  0.41234018301203362  0.42037009545674492
  0.42856863886579727  0.43743440342815681  0.44740981566238164  0.45787003029194395
  0.46811616609427870  0.47789366442845427  0.48752706527756340  0.49801259231235268
  0.50903843649247393  0.52065615238612017  0.53260676222707692  0.54469616987318681
  0.55836320672186723  0.57502796307871795  0.59407072267315075  0.61629364510399698
  0.63755645376787384  0.66229243839736174  0.69129314472108949  1.00000000000000000
 -0.00181268629351988  0.00852637359226927  0.01705525049313014  0.02562630072488023
  0.03420310186114045  0.04264164510909244  0.05103647952288556  0.05910209632697352
  0.06770480312041770  0.07669010697630972  0.08575378668500565  0.09481762035458258
  0.10362943784070218  0.11255591367904369  0.12161419865743685  0.13103718981978357
  0.14032722257901337  0.15017071695713732  0.15992623224781813  0.16980823920783131
  0.17944888759583039  0.18912558150275652  0.19876796362207713  0.20844485816353536
  0.21854367783483625  0.22884268151976336  0.23996893893072624  0.25073853753615699
  0.26183538861592559  0.27292011256847176  0.28458414574136515  0.29645091849708105
  0.30820962933199519  0.31976180296569989  0.33094977335379672  0.34211915460632719
  0.35309411269554869  0.36418810919000183  0.37539693111316852  0.38738578074065100
  0.39953118697617918  0.41098889163995245  0.42262319483479754  0.43435430960029753
  0.44566591847460985  0.45718060550253586  0.47020781006686330  0.48283801526311487
  0.49435390560725317  0.50518004515055637  0.51550272319438761  0.52600178235732209
  0.53658778003673124  0.54799587704110808  0.56021908679015930  0.57329968487592087
  0.58630797977931581  0.59751973361631949  0.60826684017291721  0.61884158011080026
  0.62957920401310807  0.64018688564770787  0.65236078796155361  0.66517289743187435
  0.67730776742661569  0.68877521877554482  0.69979463661437447  0.71088933904464946
  0.72223717155498357  0.73342363532953336  0.74442985673792428  0.75545323331373337
  0.76602488725111240  0.77653157201412160  0.78727241010732329  0.79979772512169633
  0.81344985931493186  0.82554487134438925  0.83679081339094552  0.84611536357467243
  0.85524962192261733  0.86459715974206697  0.87474063682061343  0.88509179572658347
  0.89490672759051915  0.90517940686733034  0.91555913081448137  0.92551073829325103
  0.93541729342930724  0.94472080565503613  0.95394748409914210  0.96253001833663610
  0.97144592096553517  0.98092586957013228  0.99052148283672481  1.00000000000000000
 -0.00215903805818701  0.00943161901787879  0.01921030106530612  0.02938225420263308
  0.04007814496171975  0.05151376434963936  0.06275607613908128  0.07296352052708840
  0.08269192789778226  0.09277082523018206  0.10285629628557681  0.11345001743673752
  0.12418712186363043  0.13454307542326852  0.14496718804498626  0.15557222293911310
  0.16710016503419739  0.17947602678197702  0.19225269525941260  0.20471118747358799
  0.21565377874304875  0.22618710308196047  0.23689622905247285  0.24774145890898258
  0.25901387476738619  0.27059287833524182  0.28258664117436638  0.29417172460377383
  0.30433416646636818  0.31450524544297115  0.32463362259222783  0.33464027151953468
  0.34402839634631360  0.35337306437757543  0.36304858491136810  0.37398119993280615
  0.38504456804881382  0.39608777152431912  0.40702160586067337  0.41748475686943520
  0.42998145849203134  0.44078388864060558  0.45082295714519022  0.46004174621074517
  0.46918418890971608  0.47815700829086638  0.48717868863254943  0.49641431662491281
  0.50686203972306265  0.51708491900947506  0.52647890961099963  0.53537394344285749
  0.54472392292091865  0.55466174355058451  0.56470078850738725  0.57444457549243011
  0.58423933948027407  0.59477498730811384  0.60568190597658988  0.61639566100281096
  0.62718380943525143  0.63814288851086576  0.64876159913305631  0.65923684975796315
  0.67016131542568325  0.68143952620565740  0.69166675814130751  0.70116054804518324
  0.71114000944383271  0.72231945016085208  0.73298601235259064  0.74263803622716451
  0.75230280561138241  0.76273907941935470  0.77339061541156395  0.78391168687415957
  0.79458355664563585  0.80533324217331770  0.81599620809398710  0.82608141582029282
  0.83595815703151333  0.84615290590310044  0.85672956344382090  0.86675022882673713
  0.87667412267966893  0.88729045360428993  0.89815539732127458  0.90833281328234716
  0.91825415457722270  0.92928005396471314  0.94081407503383752  0.95258547439217645
  0.96419885945844008  0.97663957777407973  0.98808500116641651  1.00000000000000000
 -0.00513828665492859  0.02783453096071987  0.05409525644123384  0.07745326334235778
  0.09642917852440422  0.11337425100012195  0.13020000968407097  0.14720451859100978
  0.16494666349020864  0.18045779876537199  0.19453621660035808  0.20815105153623201
  0.22208353513217122  0.23601323205178326  0.24908596731247490  0.26040087456778582
  0.27122952638767328  0.28251141858867279  0.29415669331835714  0.30523472798952411
  0.31576828467068502  0.32601155324528192  0.33673836615500385  0.34815800884225789
  0.36020970108485995  0.37241545003457405  0.38350178794690915  0.39339834401719814
  0.40232777408143350  0.41103836561931273  0.42047387375817508  0.43083519953641242
  0.44099323331767604  0.45071283176872440  0.46008361473922227  0.46968888586228907
  0.47924849379344980  0.48859693563158663  0.49780380822262277  0.50721469326288027
  0.51673633167094202  0.52562084207834703  0.53384754333837381  0.54196632195494543
  0.54968584557944966  0.55756042602417322  0.56569731972445392  0.57423286218941172
  0.58327010599959839  0.59233496283616971  0.60126545823835842  0.61005904203929606
  0.61943248670027851  0.62923728005473045  0.63922129632520086  0.64879063233912770
  0.65784688441094330  0.66667725962087754  0.67490526745037371  0.68255684413920226
  0.69014212130269814  0.69762221694499227  0.70497224305933348  0.71210056190995052
  0.71924900223241206  0.72682662986502844  0.73482725118391035  0.74287085994716351
  0.75100385238813949  0.75954428175571553  0.76890655800644325  0.77899435811504436
  0.78995447104405681  0.80081206478342815  0.81134707830603081  0.81994926505250998
  0.82876112312348382  0.83782648836196938  0.84691726572402670  0.85596990417064445
  0.86474661790412488  0.87327181193952985  0.88182918058486903  0.89039255659725891
  0.89896857200913460  0.90784318194607683  0.91705516334144166  0.92663059329045061
  0.93607486154248076  0.94479999831683670  0.95327893953350240  0.96229834494514788
  0.97277599240733903  0.98233807270531792  0.99134098348000244  1.00000000000000000
 -0.00265483707105427  0.01066880998062704  0.02133160912693562  0.03154420765675996
  0.04166290312680158  0.05220433172258009  0.06274575847808139  0.07301954126963296
  0.08306540756868541  0.09405746625439818  0.10494936677529959  0.11635509126389712
  0.12721256892978205  0.13849978768089657  0.14972072141371107  0.16163725097028664
  0.17272395161985807  0.18321854579833302  0.19308028229883517  0.20295502652315195
  0.21332325983989306  0.22385882279328492  0.23363616587331032  0.24252489503353961
  0.25147557607517729  0.26038113367309429  0.26961606975155350  0.27863732625861332
  0.28749933504992220  0.29737749936553498  0.30791921967384350  0.31869264167404604
  0.32928743237079966  0.33887618783013967  0.34788387085899475  0.35723596413104125
  0.36685911704558749  0.37712571568627523  0.38790283047888241  0.39887143348414650
  0.40999491658745496  0.42052637525911102  0.43044062422659812  0.44033969418276803
  0.45056149661522604  0.46132407937174547  0.47286652281154989  0.48519796127988057
  0.49797028342399818  0.51060514772370647  0.52221920679031864  0.53336110569460249
  0.54428181748318893  0.55513624756410795  0.56540997616787769  0.57492204472056363
  0.58460525188370194  0.59449682662567394  0.60458305457622419  0.61492652514908985
  0.62593529848596841  0.63802681460979493  0.64961523675209321  0.66108998569547772
  0.67319859718027031  0.68603624418454223  0.69870577068506412  0.71027933634338847
  0.72070071526121537  0.73070667425269331  0.74124467063049537  0.75214595526489669
  0.76309124792953520  0.77396248576293902  0.78440807980911975  0.79429433328985333
  0.80394458159749871  0.81378885977241955  0.82336348486081368  0.83270530439016233
  0.84207204871440744  0.85189119879617470  0.86195463447845810  0.87239958395484074
  0.88341284391798347  0.89457050491580925  0.90545467311814587  0.91650097007422160
  0.92803353333696537  0.93954078658209705  0.95030499334559659  0.96069547992563875
  0.97062474795760434  0.98051431656860655  0.99019989056166713  1.00000000000000000
 -0.00201695346301370  0.00819906690518313  0.01729027205149274  0.02721447381559139
  0.03720644267272618  0.04735972992450572  0.05812214526206378  0.06884957219584381
  0.07931831467450645  0.08881007213571286  0.09816290089604961  0.10797688519240116
  0.11828721807096158  0.12781019033733496  0.13659483372034231  0.14493619784324926
  0.15442462973841214  0.16429732635089370  0.17386191503496473  0.18345564582432544
  0.19368747015229096  0.20500516253966697  0.21552333850884436  0.22497647940550591
  0.23442720347091112  0.24403268220708291  0.25375985344826496  0.26369029428793433
  0.27418159251826163  0.28571958134206993  0.29756468717910656  0.30944497059935649
  0.32039614063750921  0.33104083434168258  0.34158632115328585  0.35212955423771164
  0.36156587674184598  0.37018192597783678  0.37887025382353640  0.38795975423844725
  0.39751801316234975  0.40724986116896328  0.41730479128085801  0.42828564993979867
  0.43955771062781085  0.45077190050446547  0.46124646310444728  0.47116876187895051
  0.48101232526846838  0.49112548342034484  0.50138451453715249  0.51134912082824324
  0.52169336773673136  0.53263329050992914  0.54482960536781233  0.55813157996014162
  0.57149714516296168  0.58429438609535111  0.59648618781052387  0.60798288772898346
  0.61882068546731617  0.62867956219447407  0.63779051659737385  0.64722648897442525
  0.65768008653007837  0.66897159339001677  0.68031600653727486  0.69182906277128287
  0.70366059893397936  0.71566969509161582  0.72772169696162958  0.73941761024624220
  0.75159914477807965  0.76381193398038838  0.77567745633190965  0.78672940748230702
  0.79640135750904462  0.80580724970086681  0.81525050564030810  0.82447589723899417
  0.83394560769450909  0.84384823225775019  0.85396149775572272  0.86484244766426921
  0.87583372425567418  0.88661623016116620  0.89730650595188199  0.90805344702165514
  0.91909379049976869  0.93030277133400430  0.94189928419808844  0.95359626797118990
  0.96556420293073675  0.97717751917069395  0.98904381119362428  1.00000000000000000
  9.74180299922090555E-011  -1.0000000000000000     
 T T T T F F F F F F F F T T T T F F F F F F F F T T T T F F F F F F F F T T T T F F F F F F F F T T T T F F F F F F F F T T T T F F F F F F F F F F F F F F F F F F F F F F F F F F F F F F F F F F F F F F F F F F F F F F F F F F F F F F F F F F F F F F F F
  <DiscreteSampler_grid>
  grouped_processes
  1 # 1 for a reference and 2 for a running grid.
  10 # Attribute 'min_bin_probing_points' of the grid.
  1 # Attribute 'grid_mode' of the grid. 1=='default',2=='initialization'
  0.0000000000000000 # Attribute 'small_contrib_threshold' of the grid.
  0.5000000000000000 # Attribute 'damping_power' of the grid.
 # binID   n_entries weight   weight_sqr   abs_weight
    10   10   9.301530416849800E-003   2.549434398073600E-004   9.301530416849800E-003
  </DiscreteSampler_grid>
