  0.01761602706313311  0.04509761913819207  0.07016181129723430  0.09229488856906833
  0.10525251820459995  0.11352218209683329  0.12258022373921795  0.13124331027589772
  0.14014333448281599  0.15122677471717183  0.16272171824696202  0.17638353661876000
  0.19037928712975055  0.20417291912656260  0.21745504542046754  0.22958467065657515
  0.23989308707751128  0.24938984722302840  0.25989307431041586  0.27118030355842110
  0.28215978591282043  0.29280462363073195  0.30320268840408554  0.31387236757568410
  0.32401485480230668  0.33662521208172919  0.35104600734423691  0.36582992354519217
  0.38055656308267433  0.39493857307026958  0.40741324646418015  0.42065773166274817
  0.43223872662912144  0.44165586334022089  0.45018815402261014  0.45836299109100709
  0.46519812119386222  0.47101621836875940  0.47617877515007123  0.48262344215680858
  0.49010905796570914  0.49922139908776714  0.51271970192703076  0.52893891826202533
  0.54689274445450919  0.56383445290462375  0.57895080363238527  0.59196984000667430
  0.60270174269240606  0.60911424842525697  0.61466056900569066  0.62054935157761193
  0.62630165071917177  0.63230693282713091  0.63958602595202563  0.64581504785141752
  0.65239128718962680  0.65941051610880119  0.67501413343960270  0.68870941083119419
  0.70099601096979169  0.71264054165969759  0.72422936306134156  0.73558681783159674
  0.74775301225431312  0.76250541794379922  0.77586028445816202  0.78730422304088166
  0.79703723049207709  0.80497452938650138  0.81195046918755276  0.81954888700723416
  0.82735927977251511  0.83481353644889456  0.84242910360625356  0.85017238233255987
  0.85679784362643363  0.86266206737892182  0.86611378466972144  0.87043908340589138
  0.87619014103159176  0.88276045601835407  0.88894956603292574  0.89628874711532958
  0.90400956358108953  0.90868434134608278  0.91146295866545679  0.91472756824909918
  0.91990329378729163  0.92821558409607829  0.93584920569150054  0.94302499525998984
  0.95183267446497255  0.96244514364257172  0.97324910292080191  1.00000000000000000
 -0.01556955517396732  0.10415042115156575  0.11060948611482230  0.11366533219486237
  0.11518272730028278  0.11596868183280684  0.11626977240172555  0.11650265544627285
  0.11667255101212266  0.11678533432669311  0.11686327820053174  0.11691183511565220
  0.11694669198964296  0.11697011581939040  0.11699104668999760  0.11701100637268934
  0.11702898461477827  0.11704564602716386  0.11706055284508281  0.11707437528379594
  0.11708789755908054  0.11710049222870580  0.11711170259828250  0.11712219139785275
  0.11713153202612051  0.11714047498601222  0.11714863645654203  0.11715564273086447
  0.11716260844726682  0.11716856774463805  0.11717393134270612  0.11717889454790910
  0.11718365311071323  0.11718814722208970  0.11719221239730959  0.11719604142524623
  0.11719976485961324  0.11720300897173318  0.11720626849159081  0.11720966973028278
  0.11721307096897475  0.11721644713982622  0.11721982300587228  0.11722379151915029
  0.11722791840501823  0.11723462529520051  0.11733656282002103  0.11734154610045798
  0.11734541508722396  0.11734908596925622  0.11735233620939023  0.11735560999532038
  0.11735901011782963  0.11736243270248657  0.11736589115283914  0.11736957634598399
  0.11737338927377676  0.11737748249039291  0.11738169808476466  0.11738610871583351
  0.11739148030118228  0.11739731602096891  0.11740362096123413  0.11741041677477512
  0.11741711139399645  0.11742420803976357  0.11743186518163767  0.11744004063737261
  0.11744975041008064  0.11746010065791464  0.11747182313416255  0.11748448055499300
  0.11749804765749980  0.11751259526129437  0.11752787835590953  0.11754382924535589
  0.11756118679409638  0.11757914446273669  0.11760170564958859  0.11763416235890989
  0.11767340122177002  0.11772329343668726  0.11778395720477126  0.11787139601122130
  0.11799334339530479  0.11814912334090168  0.11836310011574135  0.11874652323291729
  0.11939461588882644  0.12038168619578994  0.12202935310703669  0.12576663313382819
  0.13279864337696975  0.16819016294779929  0.64921471208258308  1.00000000000000000
 -0.00212590589257775  0.00620842358824901  0.01655114900473967  0.02693809912394913
  0.03572147663432255  0.04183218977297001  0.04668421733368718  0.05112264863144216
  0.05723585297340163  0.06371384210267993  0.06930507623652547  0.07445463012193315
  0.07887232126298212  0.08487851307957112  0.09220229261534120  0.10072387740835120
  0.10889079829163203  0.11701308826785059  0.12644334298693150  0.13328705881243461
  0.13920659926880252  0.14596408476909761  0.15036516804269406  0.15593372681475837
  0.16194331679700205  0.16895999268502387  0.17556377352953115  0.18252563800992264
  0.18931431648950295  0.19741960074226803  0.20609601461873650  0.21482731221090381
  0.22620084771505525  0.24180050797818417  0.25548020164073754  0.26984711287734636
  0.28544046539227341  0.30119731929203658  0.31802602282926762  0.33598658443379092
  0.35389084975533097  0.37205348626838414  0.39169666996691721  0.41030371772086094
  0.42421775341950563  0.43699364988365497  0.45022590534671775  0.46137574755416849
  0.46831927509512106  0.47237956341037074  0.47678193321896239  0.48463395370515844
  0.49238404131906438  0.49721258783770261  0.50674272524142239  0.52288607316567404
  0.53844991528343689  0.55481866067369523  0.57329166505515206  0.59339934360066837
  0.61308300876934840  0.62337147616877286  0.62901000771835491  0.63747800553000999
  0.64711205702288777  0.65595846813056158  0.66277161942453089  0.67007523047845174
  0.67694331961949517  0.68440980386173089  0.69921472137633955  0.71992357282087471
  0.74206339428202528  0.76411735304233785  0.78110282433652589  0.79627735858804549
  0.81215557164079788  0.83077005529862025  0.84811745787144299  0.86369776545177224
  0.87753378934483861  0.88938682467717778  0.89934917337390030  0.90840353428550558
  0.91730993250198622  0.92586430121844832  0.93430272379960244  0.94276708347048721
  0.94971158223469332  0.95703979170459452  0.96374008512144593  0.97067374971176701
  0.97787301118583625  0.98481556652787772  0.99200650440344473  1.00000000000000000
 -0.00205281447832551  0.00824556159575928  0.01980706255777046  0.03149353347132641
  0.04195069801285362  0.05240250392718469  0.06250463672656857  0.07322568283284048
  0.08674057973480587  0.10107298462373993  0.11250872949109440  0.11872975928887168
  0.12510157479076273  0.13404255142705582  0.14332812843714529  0.15225960778042877
  0.15991728980593267  0.16460933623700338  0.16958315291726633  0.17529534933633631
  0.18108958098642058  0.18638174665534271  0.19106397692863447  0.20215695486618324
  0.21392787454213733  0.22282436209390818  0.23068469317719775  0.23929295448014534
  0.24725950108697903  0.25394349529344318  0.26130276872677111  0.26855845386993626
  0.27659955651701906  0.28108579896724922  0.28694443218688070  0.29295982915223889
  0.29685438721529994  0.30208769951326708  0.30793716775831870  0.31300439158900906
  0.32314505080809813  0.33297461802792333  0.34369676767808044  0.35164377361568133
  0.35957497394034854  0.37051794309164948  0.38508391678835296  0.40343119296921187
  0.42137190798207197  0.43736715152820060  0.45193674138998485  0.46681215141077426
  0.48160651250415848  0.49606192206315425  0.51054577109932142  0.52732495170733884
  0.54378913093398340  0.55981709402450419  0.57472278596424786  0.58929922391647716
  0.60382619985046848  0.61903500094095232  0.63613975512826593  0.65264750754706591
  0.66734945333745899  0.68031796502674979  0.69165588921747723  0.70388059270097647
  0.71544311504837699  0.72636614707059832  0.73671553967239312  0.74683201589046122
  0.75988437518922547  0.77512948686002270  0.78956406949189861  0.80104647288165876
  0.80980734750983518  0.81827631044465643  0.82751094437221540  0.83806152575747128
  0.84773716464600390  0.85653158890868986  0.86517831555954250  0.87357389233986982
  0.88156284270802154  0.88894141556213213  0.89586476961462513  0.90437761169083197
  0.91417351016669024  0.92686588362554068  0.93851538265896806  0.94973379197581687
  0.96093750934162359  0.97326666220227320  0.98706054979681468  1.00000000000000000
 -0.00135091083092748  0.00577888542133688  0.01621288195469445  0.02698879599214670
  0.03629250406299672  0.04497196739457096  0.05402302691463857  0.06266679061606108
  0.07151810106951635  0.08001532683698874  0.08580992629684150  0.09297608232276332
  0.10031228059014621  0.10655348578389508  0.11194423063181189  0.11892233087282372
  0.13156447013740169  0.14139145334976910  0.15409834056751640  0.16817808997061690
  0.18416703625702566  0.19448688365095440  0.20520910799035674  0.21507786588789191
  0.22482885334557767  0.23457031828933547  0.24376813594696833  0.25429345659661179
  0.26696602806295988  0.28231761300704161  0.29928491658429573  0.31488044450509373
  0.32102434998975521  0.32584798858689490  0.33059979203164225  0.33542619440327343
  0.34092638467289210  0.34651945281077395  0.35254451563094213  0.35942000448760553
  0.36583587131094447  0.37329186176327361  0.37762877508058962  0.38347259083207658
  0.38933666969541181  0.39581016599121088  0.40476927577759825  0.41616897463854446
  0.42757452598528783  0.43773508576593229  0.44886862537598821  0.46187932234848694
  0.47391775441426859  0.48554821695902928  0.49679727147263103  0.50658252231225898
  0.51284583054811861  0.51706343145590772  0.52411064310013866  0.53315038826393191
  0.54302939209067880  0.55198781238361116  0.56173720739795852  0.57281026052061312
  0.58357255223257620  0.59467405597383483  0.60627024434114629  0.61752408501291101
  0.62870678929785995  0.63947920290564098  0.65139392976215238  0.66527757803686405
  0.67999167993964715  0.69387396455708561  0.70708275254991049  0.72238127915298633
  0.73099818302103081  0.73825643198893931  0.74741057298288338  0.75627850911660377
  0.76433930215600632  0.77199256800233518  0.78091896292011953  0.79428800447030257
  0.81348012808710979  0.83488624712145643  0.85548502095678403  0.87448299459780809
  0.89282946373310812  0.91053478851113900  0.92732743331177914  0.94196128238293197
  0.95502132599852130  0.97003052504349030  0.98547894161266902  1.00000000000000000
 -0.00316903302916307  0.01092684401879217  0.02423089079837408  0.03529144350104056
  0.04561300037877918  0.05610502611141469  0.06790462454636161  0.08062867620398548
  0.09342000771883886  0.10694489801800565  0.11978060668244937  0.13333455745258277
  0.15298578126735352  0.17332734986018417  0.19329767424850866  0.20708922357197274
  0.21466279808441074  0.22292917137978011  0.23240835212505667  0.24148943946498982
  0.25013367180499979  0.25906190965310916  0.26763215649551514  0.27343523247089407
  0.28059371065674421  0.28909159305129678  0.29977897287640037  0.31247439229285845
  0.32459078063544289  0.33576582393558396  0.34689855780193479  0.36310630733548899
  0.37838264800580956  0.39348269297082455  0.40919508481505773  0.42425514188013624
  0.43827927849325288  0.45118057598571448  0.46396430518085752  0.47679571869872700
  0.48934432116394028  0.50151322372895457  0.51718799578313313  0.52794708879103114
  0.53975658627409706  0.55077334580335091  0.56487527318613751  0.58214411403055288
  0.59522036212906493  0.60889096969709000  0.62195908012628276  0.63340441058112917
  0.64355042926467754  0.65337162788359271  0.66267656298019162  0.67128366442482656
  0.68013878252170756  0.69013471006614191  0.70148456084076705  0.71637211111909471
  0.73200390747694155  0.74702356401208880  0.76293253593810739  0.77466090149075983
  0.78290276142469994  0.79063932801778458  0.79815110725629623  0.80539564254170914
  0.81296931258139560  0.82140970479717390  0.83059791468761746  0.84007062034169566
  0.85030736299910292  0.85887620168188417  0.86585565968600953  0.87084034140005018
  0.87566493845959492  0.88138057089107835  0.88755460475316461  0.89260043823020541
  0.89930150869718339  0.90548696621126235  0.90991322059486468  0.91422970069622567
  0.92086576244551266  0.92930966713305685  0.93713259002845994  0.94289063208922619
  0.94749050693726145  0.95258601766183859  0.96096221658054370  0.96875433406216926
  0.97600853139025501  0.98303138894029096  0.98967314763829006  1.00000000000000000
 -0.00432217101414001  0.01622673854234967  0.02817878983468200  0.04049189589155746
  0.05507304223066964  0.06898694047324612  0.08378961499991991  0.09976007655088769
  0.11707007329245811  0.13525889433254201  0.14927937890154785  0.16206495756700673
  0.17504674061273828  0.18767974779336144  0.19951754238804406  0.21286081264893122
  0.23168070406034125  0.24944382299833781  0.26782735568835786  0.28361466068935620
  0.29122957276000716  0.29895617026423055  0.30810185719704641  0.31779850254739911
  0.32783812998584311  0.33820103017515052  0.34929179514473746  0.36028262421348317
  0.37026231400450832  0.37893623020358891  0.38567647574635089  0.39084961978009258
  0.39514332749956799  0.40013769268164634  0.40446578954957374  0.41008534282903736
  0.41821783827346626  0.42510461790161369  0.42897880578031516  0.43271572590184409
  0.43753689296499637  0.44867162388624160  0.45962018538948896  0.46841558511083453
  0.47634121603598834  0.48367198799806277  0.49064064579760430  0.49832985348757547
  0.50616435132163784  0.51296496201972408  0.51878391794519985  0.52480694698914376
  0.53140020468220872  0.53885706170615311  0.54547829026882033  0.55271877993861052
  0.56297721057711669  0.57242657329387370  0.57981697613194316  0.58786163405368363
  0.59369110884869003  0.59868665888982231  0.60286267901920210  0.61266701146671787
  0.62669299874436801  0.63979790617575627  0.65050422316698420  0.66324783740050375
  0.67696019238390304  0.69063420823064670  0.70314063244683933  0.71596065514200868
  0.72968631086394331  0.74506456873197535  0.75850377607213482  0.77134264531807206
  0.78392343061833680  0.79539467864642466  0.80515711629339171  0.81718966982267305
  0.83198072494973918  0.84626990020063708  0.85962159411026806  0.87309485927397879
  0.89028764829988960  0.90393120729265652  0.91829415621892085  0.93083740855962416
  0.94174902956764206  0.95348190603222649  0.96336013693801581  0.96879594589365581
  0.97371082838093215  0.98116116601453973  0.99051116589486488  1.00000000000000000
 -0.00187981115193868  0.00576842837565115  0.01689977820180071  0.02956264317527804
  0.03880523118565423  0.04545235527806545  0.05275031591334561  0.06023205837207642
  0.06689652577210095  0.07388173623252668  0.08182027528152121  0.08951570361200413
  0.09747179872752210  0.10267534691376196  0.10905149792326566  0.12034125936642183
  0.13338196036780428  0.14667072416354535  0.15771950735668605  0.16726884488559399
  0.17678463248372919  0.18752351699025618  0.20222604091978000  0.22022067966795503
  0.23929968109057209  0.25752298465131851  0.27427309513949649  0.28625161971088153
  0.29860987348474544  0.31108492870649235  0.32294528705926029  0.33315759076759066
  0.34307170590067299  0.35458942020480527  0.36679301004751569  0.37752718361238841
  0.38701849621374801  0.39841786360626785  0.41187105889321612  0.42185580561630226
  0.42964327319737877  0.43829491770957474  0.44550772900613667  0.45165749343016226
  0.45753370879841759  0.46179292358839574  0.46702221345531358  0.47238949298099331
  0.47833070373317932  0.48782734190246685  0.49870330450789208  0.50888353662893127
  0.51907353892978259  0.53096224929558267  0.54456572998684905  0.55772888935211506
  0.56940209556536470  0.58071105344168061  0.59353160354655088  0.60769147592965767
  0.62040142480857807  0.63050688677064060  0.64025663235349906  0.65030046939052077
  0.66067038378154952  0.67104138172338623  0.68166250015578589  0.69230469120792837
  0.70200266863326077  0.71178157153346611  0.72212378986208892  0.73590678499648077
  0.74800075960289736  0.75759950027913370  0.76605074724453770  0.77556861369652508
  0.78612054640630047  0.79760140795085854  0.80991405707134712  0.82151768554843829
  0.83274599875073685  0.84460287560505920  0.85766677621516973  0.87159228356005025
  0.88632810194553846  0.90199895334796010  0.91841560398097410  0.93289925841190857
  0.94391031774830347  0.95418691978116266  0.96250761671832930  0.96690147405357652
  0.97454846906623704  0.98324964037000162  0.99189585905516764  1.00000000000000000
  4.64289857650918255E-011  -1.0000000000000000     
 T T T T F F F F F F F F T T T T F F F F F F F F T T T T F F F F F F F F T T T T F F F F F F F F T T T T F F F F F F F F T T T T F F F F F F F F F F F F F F F F F F F F F F F F F F F F F F F F F F F F F F F F F F F F F F F F F F F F F F F F F F F F F F F F
  <DiscreteSampler_grid>
  grouped_processes
  1 # 1 for a reference and 2 for a running grid.
  10 # Attribute 'min_bin_probing_points' of the grid.
  1 # Attribute 'grid_mode' of the grid. 1=='default',2=='initialization'
  0.0000000000000000 # Attribute 'small_contrib_threshold' of the grid.
  0.5000000000000000 # Attribute 'damping_power' of the grid.
 # binID   n_entries weight   weight_sqr   abs_weight
    10   10   9.705554338204965E-006   4.999868328217579E-010   9.705554338204965E-006
  </DiscreteSampler_grid>
