  0.05136078086233125  0.05179890996279245  0.05229481540680275  0.05283413502212953
  0.05339839506649798  0.05397188323144598  0.05457857132387068  0.05520025960657958
  0.05583892790266517  0.05649380002984282  0.05715654471153975  0.05784666020812300
  0.05853485217614845  0.05921152454750034  0.05988335845868213  0.06057356610820362
  0.06128673564166014  0.06198325626712504  0.06283246783387308  0.06376157682280149
  0.06466415783892893  0.06554606792094682  0.06643231754711593  0.06734182108839164
  0.06827601014658961  0.06921320899271673  0.07015038174891632  0.07112059481016615
  0.07212334195675958  0.07316377807360491  0.07424692600941342  0.07537114358030560
  0.07652182337082504  0.07768834742486093  0.07887677791580797  0.08009679073859408
  0.08132938381753031  0.08255898437685873  0.08390378273704231  0.08545047958715012
  0.08703298621300580  0.08860036318690749  0.09019570963395288  0.09171958359971341
  0.09326993983376861  0.09488768035949326  0.09654314357040909  0.09824902561562900
  0.10003184858579760  0.10180964466550591  0.10360365599879531  0.10570361662362110
  0.10786119529049452  0.11009034212592118  0.11241458248549065  0.11487128106040005
  0.11739574371924066  0.11995207009627902  0.12248288754690873  0.12506875995263983
  0.12788377441797291  0.13091990367760600  0.13422090341370257  0.13785940317014095
  0.14178126965934107  0.14590944627882907  0.15017885247839516  0.15438516010953154
  0.15857660660443210  0.16280665255698759  0.16723914029131548  0.17244783933361299
  0.17819111866894802  0.18411077191329686  0.19020095085068370  0.19688308939335872
  0.20415082823672448  0.21215612334818734  0.22067153757670119  0.22903155589575031
  0.23820038720098205  0.24846605364900506  0.26006914043095081  0.27221456401829336
  0.28503155923203655  0.29888723675165652  0.31494643955546292  0.33311583627270663
  0.35452557951237706  0.37760923419399267  0.40173316433850587  0.42714109885806034
  0.45605733207910498  0.49293707520168445  0.52629053608283072  1.00000000000000000
  0.00246719763893363  0.00357354520673612  0.00481024229321986  0.00607286419981612
  0.00741516493402093  0.00900920491504335  0.01077926319731762  0.01265478273997974
  0.01468086839332841  0.01689510679828752  0.01922671318081006  0.02178870836583334
  0.02453228053117454  0.02730572029788161  0.02991542133675218  0.03238355247526002
  0.03488336549459856  0.03740127503344003  0.03981766506540750  0.04217849041560811
  0.04456286269091729  0.04696855863252601  0.04931975856708255  0.05172985819783816
  0.05418453151539250  0.05656396077821896  0.05883422344942216  0.06102477199502109
  0.06321925831368702  0.06543400306824686  0.06765627300684517  0.06990683305970374
  0.07224015099620416  0.07459546117192502  0.07690274370872578  0.07923686189130426
  0.08160187288720318  0.08399005201375805  0.08638798475345004  0.08883546035910315
  0.09133981155406906  0.09381800456265370  0.09618937477586918  0.09845183267209462
  0.10071735716636583  0.10295786869457776  0.10525758481956095  0.10756164379297149
  0.10984712158442041  0.11208800643934425  0.11431090701110294  0.11652622456292924
  0.11873328594675255  0.12091529495661299  0.12304033318270419  0.12517215879475715
  0.12741809526039294  0.12963963954236671  0.13177585545981671  0.13385272746640428
  0.13573284521394280  0.13769374256816874  0.13974656250710107  0.14190681792709181
  0.14409193535364670  0.14625346102375519  0.14843569871435930  0.15069591538145996
  0.15294177616930846  0.15486661068444360  0.15657261850283033  0.15822454609302258
  0.15999404001245171  0.16179684570989877  0.16411107018615226  0.16670192399853689
  0.16922375108846299  0.17142020779241043  0.17330315620970990  0.17517859192250687
  0.17721496066009548  0.17928707469103011  0.18104596592085326  0.18296241316889242
  0.18492707369979317  0.18691646528143466  0.18903362290454628  0.19134247017197897
  0.19374682878539939  0.19614134598018185  0.19846314389778971  0.20054678067175716
  0.20247532564984752  0.20419761718549223  0.20598254403898716  1.00000000000000000
  0.00014161750097139  0.00114332417963443  0.00211861250917762  0.00312567585356626
  0.00421683840318432  0.00536733448071111  0.00655504557977071  0.00774209085601424
  0.00890403744820308  0.01008117678102616  0.01134552825150137  0.01256096859276440
  0.01370057199220064  0.01488014337583613  0.01609045439672114  0.01731556293856502
  0.01852142038616328  0.01972491653397348  0.02089316767287672  0.02204912411377992
  0.02321226610765639  0.02439393943008566  0.02558066993431270  0.02673348342693862
  0.02788212688583393  0.02902932395064750  0.03020369633570679  0.03141782793688645
  0.03264218099768836  0.03386012616312615  0.03506420687498674  0.03626454974353929
  0.03745464509989486  0.03862804821787860  0.03987635974183690  0.04111137212575741
  0.04237110596570606  0.04356803546478877  0.04472724806247348  0.04586010773150141
  0.04696524728868202  0.04806045975622271  0.04923669394599894  0.05048896628082810
  0.05178028103569965  0.05303998417346711  0.05429069650785610  0.05553667842669158
  0.05679147490723736  0.05805266340790607  0.05930070825689379  0.06050566742767394
  0.06173637532786926  0.06308292486074836  0.06445945364611089  0.06584149188051143
  0.06721397673527221  0.06857550330844234  0.06993794380500158  0.07122823713685830
  0.07250902072191273  0.07371463211386675  0.07499593165842487  0.07625528789354463
  0.07754225674398062  0.07892536902299285  0.08035355604367819  0.08179118437649582
  0.08325258635900826  0.08473836906226045  0.08623139636545976  0.08776172752836617
  0.08930626029982411  0.09098269255545902  0.09276693540100898  0.09459087797518384
  0.09643073030808359  0.09806091243284315  0.09990114394472888  0.10216554252696111
  0.10483786454513429  0.10758070176288685  0.11050423400819311  0.11375731797197068
  0.11733253397437975  0.12059743137471871  0.12385825032626660  0.12694544974755098
  0.12985426784083401  0.13280874888985628  0.13577878354958542  0.13883671221448152
  0.14232694584219222  0.14677150632004518  0.17616219410630868  1.00000000000000000
 -0.00160785825003369  0.00631475220373545  0.01295956329552136  0.01977544175616218
  0.02718571110706623  0.03438883017738336  0.04133077721904578  0.05044197244691846
  0.05978553908449220  0.06860801702891198  0.07753609173277792  0.08664093879386073
  0.09585950099811644  0.10491074664341951  0.11342791625480347  0.12190143434804143
  0.13037863705210848  0.13874324191175938  0.14718458345616658  0.15523090417145236
  0.16303502760582050  0.17138024669754853  0.18086816154314034  0.18961518193252067
  0.19871817170137476  0.20771846969231575  0.21778879285356550  0.22813971395461560
  0.23843203260958432  0.24895579497740650  0.26058927390324360  0.27187179359989139
  0.28317651845502095  0.29472182880024023  0.30654082694386126  0.31832468982895035
  0.33001570910435868  0.34169493264918122  0.35397531617468303  0.36735237052065001
  0.38069754063138544  0.39349619480152531  0.40529879885027720  0.41680817800488240
  0.42852618131264936  0.43971030257919380  0.45036905093853208  0.46159771816261180
  0.47412561601714442  0.48619108728512983  0.49695799435134935  0.50744218889742521
  0.51780848042757788  0.52889177478462857  0.54108306890205637  0.55516202331544529
  0.56991803038240474  0.58448078197879028  0.59855010781159468  0.61226241821486660
  0.62573202196740851  0.63890825018801878  0.65131299646022645  0.66323133584827909
  0.67547073549995407  0.68706374770484591  0.69862077797582445  0.71029321946344703
  0.72345945480685636  0.73648789494315070  0.74907218422426591  0.76041913572062059
  0.77151335360710138  0.78260280118431180  0.79345506121805653  0.80379017772643535
  0.81465253658221959  0.82585587329149479  0.83703578690167491  0.84815756152396460
  0.86008265463573241  0.87218959872403379  0.88278115287773906  0.89212163764906960
  0.90169221904600172  0.91176662611756076  0.92176566555992501  0.93114065356730868
  0.94018964779155101  0.94972049007243975  0.95934689953801533  0.96788531341006923
  0.97649062947372378  0.98442207387693903  0.99207448046969682  1.00000000000000000
 -0.00278564171103113  0.01138991535474734  0.02269296918859701  0.03359741336798602
  0.04366696092266322  0.05308786007876887  0.06234500812376269  0.07228017513464678
  0.08289013600743668  0.09426845509161240  0.10531383318981054  0.11551882519378107
  0.12508599626059838  0.13479565705143298  0.14494664049737074  0.15536618664487711
  0.16568772306991866  0.17545888091151438  0.18496223906079079  0.19442620918946751
  0.20356329196743694  0.21221915486038814  0.22055456292127054  0.22960978077008115
  0.23908119163824471  0.24858518973888663  0.25832325289902158  0.26874405302791260
  0.28027001090079146  0.29217619335602629  0.30414549376017758  0.31612959185172956
  0.32787133751023723  0.33938487597773048  0.35096826988521007  0.36268762387770581
  0.37426735945402129  0.38553838070951107  0.39624855387428254  0.40674749841983099
  0.41780126363408687  0.42950751885245442  0.44181353774317905  0.45265625958652939
  0.46323576983030801  0.47381334496833144  0.48524926536331009  0.49715390052801789
  0.50857185233440938  0.51921315757366271  0.52901085876833742  0.53819128793326132
  0.54752862272077951  0.55708608606573418  0.56661767401219842  0.57587581656777143
  0.58558675000168436  0.59786560226726326  0.60966229848653297  0.62178516367480796
  0.63311767046663281  0.64505248952326510  0.65461807025221153  0.66405754320291632
  0.67294805389412604  0.68150702469712454  0.69068845863346573  0.70040136137017628
  0.71077716509925359  0.72149679017227675  0.73204603191253925  0.74284820942317775
  0.75440357763472510  0.76600531894548340  0.77710438574279250  0.78799764985183351
  0.79933365133921197  0.81019306528958712  0.82044825737264093  0.83027822182853472
  0.84025303184888966  0.84969619457849321  0.85936149055259303  0.86930355793627168
  0.87934773916152609  0.89046946429261487  0.90130071312638360  0.91393891223933266
  0.92449152439639315  0.93516131008564285  0.94532126899270208  0.95616492813852327
  0.96710631449993878  0.97797768342892211  0.98899555938505168  1.00000000000000000
 -0.00244616172553812  0.01023865521906288  0.02105971687056712  0.03206807485196759
  0.04271549432974376  0.05324109352447071  0.06397217042309541  0.07384816338468070
  0.08423285077690185  0.09484865732093729  0.10579373884983317  0.11654932086978831
  0.12747760932651311  0.13917148081194841  0.14970865325583957  0.15942174688000943
  0.16997403041882447  0.18008738912137925  0.19062825684640228  0.20010688777919841
  0.21058588287180000  0.22191553092455088  0.23319016969338660  0.24450517938843885
  0.25606833459365735  0.26764755436702453  0.27951369326210401  0.29078324864986299
  0.30043396434941771  0.30980365117552455  0.31902127853850676  0.32827073970094189
  0.33735605287190396  0.34626558050890011  0.35565960477990538  0.36613995071479449
  0.37677090804444324  0.38722161891680890  0.39733531589389831  0.40703063858851884
  0.41734631241925468  0.42741511029259510  0.43679705615739789  0.44577471784866346
  0.45506027241789554  0.46585895768814728  0.47707794890699684  0.48747239551079691
  0.49708336044686002  0.50725521402047835  0.51794757601156560  0.52960640172362572
  0.54210526631830536  0.55485782988559940  0.56767331825584810  0.58028692393915360
  0.59154885695466985  0.60218128629563072  0.61251640470015345  0.62246031015144232
  0.63229280265917720  0.64245594236758252  0.65298771262767230  0.66438357720759844
  0.67526981464212876  0.68602977879698679  0.69589619711406936  0.70625033833010786
  0.71736636849445845  0.72915290836594715  0.73952730923689780  0.75027637019769899
  0.76044214507784991  0.77108133228921960  0.78093832173889921  0.79039292052682608
  0.79960847010017277  0.80885160738630546  0.81876642917928877  0.82885595909024445
  0.83907988958531177  0.84969386865499197  0.86076987485175993  0.87259385424236102
  0.88385534020319212  0.89477216407447180  0.90555745090019124  0.91644706235622553
  0.92714753362108226  0.93792159666527619  0.94801755011927358  0.95834321129012112
  0.96929264312980878  0.98046841774477134  0.99060231315100111  1.00000000000000000
 -0.00022592655935444  0.00041164093230283  0.00078062612130972  0.00110101790615722
  0.00138477578115069  0.00165394895990286  0.00190370872433087  0.00213853276910283
  0.00235985355098477  0.00257453049810016  0.00277888639389263  0.00297868942163354
  0.00317615849364439  0.00336966042655755  0.00356226378078216  0.00375209303128357
  0.00393322132833726  0.00411164147443825  0.00428721617102696  0.00446718064478412
  0.00464864377171789  0.00482796932887461  0.00500668768392627  0.00518069125683527
  0.00534895776522016  0.00550862696050163  0.00566725179515120  0.00583105991823430
  0.00599942106387631  0.00617145810368969  0.00634849095147341  0.00652754747040783
  0.00670289645309241  0.00687235356942385  0.00703809392249981  0.00720696177376647
  0.00738049960846952  0.00755333984201640  0.00771740062062289  0.00787997610057854
  0.00804178185603153  0.00820196180282034  0.00835804922592008  0.00851147817721686
  0.00866868205449233  0.00882428427391219  0.00897916994160505  0.00913911917124573
  0.00930392931764155  0.00945759760260696  0.00960616643927223  0.00975491500150862
  0.00990671812790267  0.01005437024168231  0.01019978987820168  0.01034506896337451
  0.01048760664225849  0.01062833793450041  0.01077062747245084  0.01091651982718358
  0.01107361752390525  0.01123195913091131  0.01139157982768334  0.01155887778840892
  0.01173356751436339  0.01190289389589018  0.01206251469812274  0.01221962311157990
  0.01238214532131059  0.01254844151140749  0.01270956837224286  0.01287009637207660
  0.01305013717566163  0.01322798953877009  0.01341315224197976  0.01360550390244849
  0.01380131193888889  0.01399004327543594  0.01417047682599342  0.01437669442259086
  0.01457552066323523  0.01477545599484317  0.01496521056465421  0.01516766613000288
  0.01535723325902341  0.01554494542455372  0.01575295162880339  0.01599398246024775
  0.01618844590953352  0.01637166174867516  0.01656044209945203  0.01680765707802461
  0.01709158501611007  0.01730282577808948  0.01730741591504637  1.00000000000000000
 -0.00198288608077190  0.00859612643748525  0.01708096327254104  0.02592219499833855
  0.03498057377175044  0.04404174195013690  0.05344463107939694  0.06295889428495971
  0.07308771310045437  0.08314360731973935  0.09260511292495030  0.10206253449467759
  0.11184794867932740  0.12232134368568191  0.13364631068627650  0.14495048306326200
  0.15609248916799193  0.16687266005010246  0.17699209752703859  0.18724164661509612
  0.19685550758316930  0.20657872416549566  0.21650411861966687  0.22674265600206125
  0.23685332413342733  0.24641611544990749  0.25586234417363524  0.26600676140721180
  0.27701059280036339  0.28795242226318218  0.30011629183151078  0.31144628735727281
  0.32257578726041203  0.33346037471348644  0.34402503894734937  0.35411452453645420
  0.36429687844336212  0.37471748841682534  0.38572353056476466  0.39596619088659701
  0.40733717002207231  0.41774279611629794  0.42689751406346232  0.43596370498282344
  0.44522902496959199  0.45411313836112877  0.46280540579710566  0.47138144128989629
  0.48042519827480695  0.49262748696107450  0.50409714044136411  0.51493545550666697
  0.52602530417006987  0.53715319202361456  0.54806947964776798  0.55839144833250653
  0.56975048892352187  0.58139155547796495  0.59297199538253498  0.60416732118291727
  0.61457555473680714  0.62475637181750554  0.63493465866486443  0.64536311362833998
  0.65583050515056363  0.66644375324517935  0.67749274588677677  0.68866400608384304
  0.69988519406307692  0.71161516596991503  0.72377168636802547  0.73547940299770942
  0.74730377015719296  0.75863117934720536  0.77034348017198473  0.78225071121158851
  0.79406318717301694  0.80584797102709427  0.81707456451509564  0.82843929359557678
  0.83987120902684409  0.85146207589114686  0.86242456981994597  0.87358744930217702
  0.88496662514760260  0.89658881198639195  0.90669296110792619  0.91662592351658922
  0.92672971394276993  0.93657615309910802  0.94621057555313304  0.95517805180511217
  0.96546635154989346  0.97663067258543290  0.98829373325152581  1.00000000000000000
  4.77692311013292756E-015  -1.0000000000000000     
 T T T T F F F F F F F F T T T T F F F F F F F F T T T T F F F F F F F F T T T T F F F F F F F F T T T T F F F F F F F F T T T T F F F F F F F F F F F F F F F F F F F F F F F F F F F F F F F F F F F F F F F F F F F F F F F F F F F F F F F F F F F F F F F F
  <DiscreteSampler_grid>
  grouped_processes
  1 # 1 for a reference and 2 for a running grid.
  10 # Attribute 'min_bin_probing_points' of the grid.
  1 # Attribute 'grid_mode' of the grid. 1=='default',2=='initialization'
  0.0000000000000000 # Attribute 'small_contrib_threshold' of the grid.
  0.5000000000000000 # Attribute 'damping_power' of the grid.
 # binID   n_entries weight   weight_sqr   abs_weight
    10   10   2.958205023223238E-003   3.729957943084893E-005   2.958205023223238E-003
  </DiscreteSampler_grid>
