  0.00000979196938399  0.00001040153191091  0.00001139123562649  0.00001233380811902
  0.00001339569078627  0.00001457401239252  0.00001593426338003  0.00001753817894422
  0.00001935112171114  0.00002123341356280  0.00002336275836383  0.00002556673650481
  0.00002791201197820  0.00003032890235799  0.00003276563882916  0.00003517905787512
  0.00003753792186989  0.00003984334383182  0.00004202599570783  0.00004399867099785
  0.00004573494722466  0.00004729500934722  0.00004892205838971  0.00005060828958250
  0.00005239976229913  0.00005417108575062  0.00005589503907586  0.00005759492480895
  0.00005933451846257  0.00006109995534555  0.00006295490048422  0.00006498569823468
  0.00006723712444660  0.00006962709556342  0.00007193810046271  0.00007414832546004
  0.00007637941400453  0.00007865182800843  0.00008109984296938  0.00008377475262056
  0.00008663084093970  0.00008982364691053  0.00009335287726492  0.00009678207340371
  0.00010031191906205  0.00010409139874009  0.00010837320949592  0.00011274169026278
  0.00011731036079359  0.00012224382329240  0.00012733823184013  0.00013266728767233
  0.00013864385340525  0.00014517831836838  0.00015210895185660  0.00015933033472292
  0.00016729317872246  0.00017573826349788  0.00018417456977368  0.00019308532036702
  0.00020259171207692  0.00021206283400218  0.00022185845974380  0.00023271729229707
  0.00024480086249390  0.00025815887049475  0.00027277216692623  0.00028790789487521
  0.00030386207734610  0.00032139821833339  0.00034098162053464  0.00036219226107717
  0.00038421988719288  0.00040813000186473  0.00043805581946171  0.00047485790848008
  0.00051584551299103  0.00056230561665046  0.00061396288462988  0.00067093390582523
  0.00073534033840152  0.00081199602068534  0.00090672674530201  0.00102524984681907
  0.00116687407022936  0.00132675394391299  0.00152444231081985  0.00178645454504402
  0.00210196628381574  0.00253385587739125  0.00318248653683535  0.00418644570646893
  0.00612510475932748  0.01016986752186567  0.02843551928401477  1.00000000000000000
  0.00000044878271349  0.00000307028161426  0.00000458308630538  0.00000607102270304
  0.00000752485878992  0.00000904480725398  0.00001061056141292  0.00001215861107597
  0.00001378761023703  0.00001546209141699  0.00001702181754860  0.00001847796643176
  0.00001989549648986  0.00002130528401084  0.00002276815701357  0.00002426057891314
  0.00002575261263333  0.00002730696367159  0.00002883417281820  0.00003034488606506
  0.00003187450761725  0.00003350455216413  0.00003550010833246  0.00003787993126139
  0.00004039063506246  0.00004298803008123  0.00004554496000122  0.00004822575417292
  0.00005091485410695  0.00005360766470221  0.00005670381831215  0.00006013676056253
  0.00006382095497254  0.00006756191766194  0.00007145831050548  0.00007579384890057
  0.00008076823510372  0.00008565664842309  0.00009086889385030  0.00009669428556426
  0.00010422721587315  0.00011120330585255  0.00011838876585613  0.00012601343427720
  0.00013419692083974  0.00014212183359289  0.00015042207033930  0.00016002145047693
  0.00017056338095788  0.00018250181219380  0.00019573894318970  0.00020960450247696
  0.00022404339855104  0.00023935027488484  0.00025563078804860  0.00027299125356766
  0.00029184258663142  0.00031217070510168  0.00033433445943419  0.00035852181093775
  0.00038420211084919  0.00041297480953782  0.00044766889013959  0.00048278308045931
  0.00051983040331677  0.00055994717051232  0.00060434752696138  0.00065755614795266
  0.00071557525319424  0.00077954014466802  0.00085076457690048  0.00093075716852427
  0.00101943228269408  0.00112124138169068  0.00123412893480127  0.00135128897703191
  0.00149060581878388  0.00164420986170452  0.00181903424772886  0.00204433376122878
  0.00230156268738836  0.00260808291647009  0.00296712212586267  0.00342230399625354
  0.00398448067827273  0.00467560631746553  0.00556737195307760  0.00679411899082357
  0.00851411474983011  0.01109295146989779  0.01515600776117509  0.02170087193687813
  0.03337742038623433  0.06129208261431890  0.17744535097543562  1.00000000000000000
  0.00001038233195436  0.00001087562394896  0.00001137566608035  0.00001187736353505
  0.00001246550801102  0.00001324238745289  0.00001445141227926  0.00001575712181573
  0.00001691485022385  0.00001806754106017  0.00001938172759883  0.00002102674319712
  0.00002306501255958  0.00002529759515935  0.00002783850127438  0.00003028585980630
  0.00003250691633341  0.00003445116558411  0.00003629278550375  0.00003824187492864
  0.00004011275890291  0.00004187262262869  0.00004355934590439  0.00004525126273684
  0.00004690184513612  0.00004861245216573  0.00005040355526050  0.00005224826765184
  0.00005415998367137  0.00005617024753142  0.00005828601921605  0.00006048092571974
  0.00006279616732064  0.00006525917824293  0.00006767773905423  0.00007014352139598
  0.00007262514159996  0.00007536476506031  0.00007829146381721  0.00008129383507296
  0.00008447119645318  0.00008786358115628  0.00009152464133828  0.00009538604104700
  0.00009938110355744  0.00010392318428916  0.00010893901590092  0.00011405097472567
  0.00011925867599156  0.00012463568529164  0.00013020845013571  0.00013608889026436
  0.00014259314424249  0.00014959417277948  0.00015608856888737  0.00016291558949372
  0.00016996588706173  0.00017699383523011  0.00018476153923344  0.00019440920144748
  0.00020501975409038  0.00021617563317922  0.00022776020137380  0.00024052878027908
  0.00025330385069880  0.00026787586401721  0.00028435101508734  0.00030355135472181
  0.00032592212612358  0.00034827717364985  0.00037197131590120  0.00039744304059972
  0.00042590599803713  0.00045997319331428  0.00050031943372289  0.00054494983561541
  0.00059571885937559  0.00065179022161853  0.00071005287622160  0.00077611498504190
  0.00084639782228237  0.00092766573861071  0.00103040359851594  0.00116215021771369
  0.00132201915125204  0.00152183091165948  0.00178584282033201  0.00214360091264756
  0.00267103002943830  0.00336337390084086  0.00442404906919832  0.00613681587447456
  0.00935149302210486  0.01978493789861934  0.19634841037828310  1.00000000000000000
 -0.00218808759270168  0.00840242655921873  0.01906824261348269  0.02992812435851054
  0.04063623876334085  0.05056210392231356  0.06017701731002929  0.06995104442154135
  0.08046602374303184  0.09105086942182247  0.10229908265770127  0.11195331562909912
  0.12085369786516041  0.12973793256815533  0.13926638538436661  0.14966129392465433
  0.15974209009788484  0.16970477841531023  0.17953314477951926  0.18914487683430761
  0.19868055028401035  0.20793726669592075  0.21703592868582477  0.22588204879709528
  0.23515114197477105  0.24489536802498107  0.25494193553056105  0.26538893869408814
  0.27608021002939859  0.28639952981848643  0.29618031980526738  0.30583259521605921
  0.31578472205710756  0.32639085992959893  0.33733868482713097  0.34805374226999009
  0.35862103931304784  0.36928996696824068  0.37939821997076523  0.38935003012546554
  0.40011678828905012  0.41133087896009285  0.42148313856902264  0.43050916028912461
  0.43970966720984062  0.44960305692893943  0.45972007570281403  0.46982861033316087
  0.48078026074874097  0.49303601203430647  0.50591473746590798  0.51842303005024459
  0.53002958145191359  0.54098379003808583  0.55181002735134133  0.56265036412748859
  0.57365498861761954  0.58496837071144259  0.59587492229856953  0.60576805947701917
  0.61582622804229903  0.62578639993594765  0.63581234282144772  0.64590645389514212
  0.65606261554457368  0.66646829016438069  0.67719063850051109  0.68848278563922871
  0.70076426078610154  0.71329637928778367  0.72505571637977040  0.73635614419556428
  0.74753789950025840  0.75898447071383213  0.77029125882695171  0.78145367568523749
  0.79309687068694701  0.80538423319631336  0.81766106137827399  0.82908838405057206
  0.84025153601636859  0.85071424875376400  0.86113642932996282  0.87117592260967103
  0.88122513619271547  0.89140403881512664  0.90188580022155507  0.91225444882855689
  0.92286344046599522  0.93374361054204835  0.94533891230536515  0.95721006640767559
  0.96766297216840980  0.97834062779616171  0.98841314448937423  1.00000000000000000
  0.00010264075631235  0.00047709227167763  0.00095376798138552  0.00144707992810035
  0.00190507111537940  0.00240097500971257  0.00292372086058366  0.00347525819561876
  0.00405701427608323  0.00466772145220137  0.00531497871700142  0.00594670982086277
  0.00673260709225128  0.00758016923745395  0.00846232051345357  0.00939968333898224
  0.01042942023073080  0.01153331821465829  0.01271274840710455  0.01394519325946461
  0.01523275629928753  0.01659152510229745  0.01804783536748238  0.01964335402961759
  0.02133472359617247  0.02318178965876791  0.02517112856951633  0.02731260640901253
  0.02953982417082825  0.03179685808712560  0.03412644445047295  0.03659627028959001
  0.03916756904288390  0.04194646106918103  0.04501388661247477  0.04831407078265840
  0.05170389105711345  0.05518187315083053  0.05876956022688683  0.06255589701898903
  0.06651919914133624  0.07067141068755856  0.07493787014631634  0.07930462186508525
  0.08391952215575599  0.08889385914110928  0.09426295494638945  0.09995384938423722
  0.10607537836834902  0.11254364442894126  0.11896308625343047  0.12549088754836213
  0.13249218934788851  0.14005229588504250  0.14805469104691499  0.15683970384160387
  0.16570405190588006  0.17454309750390193  0.18372674815701917  0.19352339098924046
  0.20376624983334304  0.21429774617038150  0.22532152841736619  0.23728274124394261
  0.24990272135837227  0.26298698321815406  0.27680342419132409  0.29082015591696980
  0.30505550669401460  0.32078720010551803  0.33662865821751170  0.35200456150033194
  0.36894618601732987  0.38755086869795691  0.40734040528345056  0.42777865047019759
  0.44800590176275429  0.46903389001353579  0.49169348546319253  0.51536816621578907
  0.53905076217704895  0.56187110987228250  0.58600533924899367  0.61115393915719685
  0.63645181775571547  0.66381807650560398  0.69349430809026280  0.72388251207534715
  0.75423204564890811  0.78496032571985352  0.81589851610345632  0.84855360412575298
  0.88362702075737132  0.91947819631144245  0.95811257894243629  1.00000000000000000
 -0.00276443359756945  0.01061912141423862  0.02131266930892912  0.03204129285163258
  0.04255052783988751  0.05305219404324239  0.06394334923810044  0.07426083669590171
  0.08465735335423497  0.09451692643784475  0.10394267651977818  0.11363355528603691
  0.12381427412976205  0.13404675910544453  0.14363384038781110  0.15279556853011539
  0.16220974358372767  0.17233915603639541  0.18221971344657995  0.19167887531814834
  0.20116791836330750  0.21046718551367277  0.22040055542433318  0.23162096595190276
  0.24273023124854129  0.25294856528616633  0.26302016183678822  0.27383883744482951
  0.28535210091420493  0.29666238737539335  0.30766439185012889  0.31841740804890223
  0.32871676331579142  0.33860955325083741  0.34852340361733430  0.35896620184288375
  0.36956112298276517  0.37980459626148089  0.38996825176290456  0.40033380097563703
  0.41101829732118417  0.42239467842861383  0.43353312863979537  0.44435627619586615
  0.45506543760095053  0.46606195888350505  0.47722562896821047  0.48828396532779883
  0.49885369985277933  0.50898707124976594  0.51905654112442623  0.52909777700652416
  0.53897778418962961  0.54855273681890793  0.55793821093909612  0.56765099845422196
  0.57761618844493223  0.58855958737877989  0.60024879333382941  0.61180405854444830
  0.62246481913521023  0.63256994138339795  0.64255979077455116  0.65255705378706463
  0.66300551341110903  0.67300275546216781  0.68262713751811488  0.69242164100544545
  0.70273821700256112  0.71443105719078992  0.72630581856637966  0.73745250216549696
  0.74831581135890124  0.75900432815124863  0.76956373571433490  0.78059854961414787
  0.79167977812678803  0.80300848312463580  0.81450696021182911  0.82560463526615957
  0.83575082875750806  0.84551759190433584  0.85518691511750233  0.86507159717225568
  0.87472652324559408  0.88382280876350794  0.89311396592399384  0.90326738371240189
  0.91403385239211532  0.92488622055895187  0.93574540749966606  0.94740046846876413
  0.95975001209788047  0.97325018607372438  0.98637418153321843  1.00000000000000000
 -0.00010907523366573  0.00021923982853686  0.00102870238541619  0.00225190724448563
  0.00371861762690875  0.00528437722073127  0.00694948236813282  0.00887413774239593
  0.01117896277236964  0.01377493675684984  0.01659741156549159  0.01973503579554901
  0.02309810857384201  0.02666255281156457  0.03044251179121712  0.03434594431014948
  0.03851391566654296  0.04296551937367539  0.04818902410883658  0.05360232582459237
  0.05929277370620045  0.06524431072427414  0.07162873740711692  0.07816796598651440
  0.08508529845774458  0.09255257943120035  0.09991553425900984  0.10728011044366209
  0.11472999784305656  0.12277065732634132  0.13143942229684405  0.14033464429352099
  0.14935499619450854  0.15860487541791005  0.16863759154723726  0.17938001632713824
  0.19046148747596411  0.20162229772112983  0.21276035023281276  0.22394472447779301
  0.23526111981040074  0.24681660196011868  0.25790813982546507  0.26842468957791588
  0.27903573493121742  0.29082378923453694  0.30390523332118835  0.31808525019501532
  0.33299378677185504  0.34765737938685265  0.36229933868329567  0.37655312986795986
  0.39053801102208063  0.40507799894443725  0.42029365527420665  0.43526910409690750
  0.44903521187473200  0.46185680781931804  0.47486344940376984  0.48856810898628650
  0.50283039436657040  0.51690521112231080  0.53134030144848121  0.54546444907795089
  0.55950295460639765  0.57297313286355966  0.58794032078590663  0.60100396894930541
  0.61457314417002973  0.62748551459592650  0.64275466281001192  0.65941050215711328
  0.67504265707791233  0.68887540485114851  0.70264889750150283  0.71711419274410793
  0.73116752587043476  0.74462038049622647  0.75751774056679977  0.77011484860223922
  0.78358308066213600  0.79773100381731432  0.81299158311184594  0.82838074146479690
  0.84264444997844290  0.85745371711491092  0.87162137263188411  0.88614853748690314
  0.89830489305740113  0.90882179169820776  0.91881905427540644  0.92923019512597305
  0.94156900961898005  0.95532569706035320  0.97056026888217506  1.00000000000000000
 -0.00278243621987864  0.01264030918821953  0.02645461799740767  0.04121341848439083
  0.05573954933891003  0.07150519294837039  0.08838050836766215  0.10466648723705005
  0.12027379551446941  0.13509529085887087  0.14903037881845502  0.16236376047101925
  0.17639806545977180  0.19085891229606478  0.20511069555964503  0.21966377554934705
  0.23416367237893407  0.24566934981750321  0.25755229482165820  0.26891208006960615
  0.28079257402378976  0.29318530855561897  0.30519389501379562  0.31690922212988032
  0.32642967154753982  0.33571026542682875  0.34457101246376920  0.35362769600166472
  0.36266338871487414  0.37163764938589006  0.38049292436505600  0.38945833862251783
  0.39802384872035884  0.40606496831273875  0.41374514620766178  0.42121081760112061
  0.42827064131016584  0.43493583279026860  0.44113248211568307  0.44700393221117224
  0.45313322345742529  0.45958197996263755  0.46614075696993890  0.47274051428189229
  0.47875260708845918  0.48399447055976147  0.48911871848099980  0.49431660989319087
  0.49987016228542530  0.50581065795097169  0.51157754282830625  0.51711478659941856
  0.52278653476160986  0.52873702385636800  0.53517680427780123  0.54170340546192375
  0.54837844664236490  0.55501980648133842  0.56170599985280134  0.56859217792569949
  0.57584475631837750  0.58348161029957035  0.59119895174182602  0.59880657009855154
  0.60630620175680705  0.61443445876568226  0.62288992820662326  0.63158039864951854
  0.64158879621737608  0.65232570368468334  0.66311434171397510  0.67423976167264466
  0.68520591633229011  0.69603523045451088  0.70670503717617927  0.71714169161627894
  0.72809093072159770  0.73967777470259577  0.75166730168195905  0.76419902308128451
  0.77736525580852789  0.79129679732486335  0.80542545492980089  0.82002859864236877
  0.83397002010497878  0.84800159052751090  0.86216614120250334  0.87658162808660656
  0.89084908048896616  0.90649637833515995  0.92306432002718752  0.93900779021469161
  0.95471241688745678  0.97004446085289953  0.98526594480788710  1.00000000000000000
  3.35886181545484930E-006  -1.0000000000000000     
 T T T T F F F F F F F F T T T T F F F F F F F F T T T T F F F F F F F F T T T T F F F F F F F F T T T T F F F F F F F F T T T T F F F F F F F F F F F F F F F F F F F F F F F F F F F F F F F F F F F F F F F F F F F F F F F F F F F F F F F F F F F F F F F F
  <DiscreteSampler_grid>
  grouped_processes
  1 # 1 for a reference and 2 for a running grid.
  10 # Attribute 'min_bin_probing_points' of the grid.
  1 # Attribute 'grid_mode' of the grid. 1=='default',2=='initialization'
  0.0000000000000000 # Attribute 'small_contrib_threshold' of the grid.
  0.5000000000000000 # Attribute 'damping_power' of the grid.
 # binID   n_entries weight   weight_sqr   abs_weight
    10   10   1.336637685058112E+005   1.171984739361609E+011   1.336637685058112E+005
    16   10   5.493432041998731E+005   2.596726087142249E+012   5.493432041998731E+005
  </DiscreteSampler_grid>
