  0.05139147062460649  0.05178233283959633  0.05223821090714559  0.05273666969151732
  0.05324830082350109  0.05373482138259308  0.05424492798951602  0.05474447279944177
  0.05522722216219612  0.05569502807759615  0.05615537307916422  0.05661899391924002
  0.05710342008635232  0.05761076402619557  0.05815617503254034  0.05876280117043627
  0.05934338456224250  0.05992181030260951  0.06053532937389375  0.06116434815035113
  0.06182111866574828  0.06249621794436616  0.06319373117131470  0.06396013867711467
  0.06469983766676492  0.06544326584513029  0.06624324273800999  0.06710766570655240
  0.06798497857507789  0.06886890318058927  0.06976219282886403  0.07068033933261880
  0.07160754634777303  0.07256532812149280  0.07349805902007536  0.07438870827852385
  0.07528223257169542  0.07619479858325208  0.07708876165308720  0.07797896055396383
  0.07887522828667015  0.07980999472723113  0.08079959700779471  0.08178912053407893
  0.08290218389344702  0.08414583899976308  0.08547712847613116  0.08683376840155363
  0.08811667127720905  0.08934319709161094  0.09055820997224287  0.09181419983506008
  0.09314141651273773  0.09454351621181910  0.09598926144019003  0.09751044416319775
  0.09916732630939241  0.10080384492832617  0.10243480263385195  0.10419607684622445
  0.10612375424286516  0.10829136552625795  0.11046964441137938  0.11270803440381975
  0.11503337765656402  0.11740773545601865  0.12002526545510921  0.12253300800906558
  0.12521697907345067  0.12816797450758857  0.13142999203158873  0.13498436812631517
  0.13856113155283784  0.14206291240944302  0.14565851064243865  0.14993306949785970
  0.15495889168243068  0.16051621512404932  0.16683565076368623  0.17428987074185584
  0.18233426767581984  0.19041024942581006  0.19852227820765048  0.20730324449826035
  0.21858782267062984  0.23049028130874269  0.24329601032959730  0.25795962927622595
  0.27496942674788699  0.29416537766779050  0.31993747878272377  0.35081633681099406
  0.39072511256123399  0.45217378979277811  0.54112516199249416  1.00000000000000000
  0.75547953436803306  0.78540639448753746  0.79233165451347076  0.79804795370172632
  0.80269575544483751  0.80820756329368204  0.81261385284710497  0.81652001238499439
  0.82068098008872270  0.82487287011706090  0.82744933148062116  0.82935865475080295
  0.83134442131790720  0.83317370019864723  0.83502403347937548  0.83764888560622452
  0.84039414905314880  0.84306876586646018  0.84510578360198041  0.84713401184710246
  0.84896049993385791  0.85073652066536765  0.85253418528823066  0.85435442308936482
  0.85647631947050118  0.85827216583841237  0.85992746819942512  0.86162938802986577
  0.86343080511642090  0.86516262287159074  0.86703806935399219  0.86914511340070033
  0.87144279784087519  0.87378914446225575  0.87601035975350283  0.87807403332159106
  0.88003229687149531  0.88174656536845408  0.88333852976867921  0.88494295982551541
  0.88667644322436123  0.88852153824279234  0.89040919383927186  0.89229074032022559
  0.89408545277691398  0.89580077514280965  0.89747325960656077  0.89918515253835873
  0.90093178114077255  0.90246286997572267  0.90388696580569239  0.90526597492839733
  0.90678812587993463  0.90822150952941982  0.90970006036217743  0.91129427516040584
  0.91292168239696403  0.91452407511907230  0.91608616320779723  0.91756231513952369
  0.91899046863472178  0.92032451653896508  0.92171329710582184  0.92314594225354030
  0.92454805129997597  0.92620890671336331  0.92788879405834901  0.92951454894150976
  0.93107657307711289  0.93253019167252793  0.93403422330622077  0.93556828836124095
  0.93708513554316863  0.93862328882965618  0.94016651777564841  0.94163893687018452
  0.94313482140514759  0.94473564075452499  0.94637020514287185  0.94830686455612101
  0.95033828659143416  0.95235114441724678  0.95432189169388115  0.95626134792008366
  0.95817379326387309  0.96010511075941518  0.96227156435794292  0.96465507176546306
  0.96716213573085008  0.96973850578717524  0.97256949595349151  0.97581973413175560
  0.97977157214311261  0.98500447286477988  0.98975258318836057  1.00000000000000000
  0.00017598767206239  0.00019041363615198  0.00020795620377178  0.00022490329076481
  0.00023814657847346  0.00024957367908609  0.00025976555543993  0.00027186988246803
  0.00028549445377649  0.00030016338996049  0.00031416786044453  0.00032664824224818
  0.00033892122235749  0.00035332584623259  0.00036955038579188  0.00038638219233298
  0.00040465110010368  0.00042400619376790  0.00044190536360705  0.00045867000621936
  0.00047551283604994  0.00049374975952513  0.00051272019058571  0.00053740474255280
  0.00056107863223146  0.00058415074839136  0.00060733422347617  0.00063064325805332
  0.00065362769303229  0.00067676111702300  0.00070175902190600  0.00072624028186524
  0.00075090317105791  0.00077625295463899  0.00080340278491396  0.00083306493445358
  0.00086193737615058  0.00088955656433863  0.00091972698395022  0.00095264059581205
  0.00098903373732541  0.00102928877002801  0.00107096649062305  0.00111123113157278
  0.00115227003585647  0.00119566900804950  0.00124060092177050  0.00129132522433478
  0.00134445523994369  0.00139722386497871  0.00144952859401674  0.00150482765009389
  0.00156332568059702  0.00162510523067967  0.00169239394058679  0.00176244668291311
  0.00183680713570196  0.00191911538405191  0.00200818694714739  0.00210547199891045
  0.00220775631827661  0.00232389426166554  0.00244588995418299  0.00257137881951402
  0.00272027558020155  0.00289139086331922  0.00307954813319058  0.00328874922193839
  0.00352636489132906  0.00378452865257179  0.00404775907290960  0.00432951947811176
  0.00464258592321211  0.00498255804036632  0.00534247738712839  0.00576189727905806
  0.00625521533367305  0.00681072744696378  0.00743727808529657  0.00818249362211943
  0.00909327871902573  0.01019541923800533  0.01152637131143672  0.01310983493362963
  0.01501280193667818  0.01731782649232591  0.02013836174413397  0.02375792691371520
  0.02887121209037772  0.03634485220522769  0.04616867095266361  0.05990949020651221
  0.08102815466414547  0.11422207416620160  0.19760434663976537  1.00000000000000000
 -0.00148575781180139  0.00494041828788762  0.01081186353828556  0.01709497323230484
  0.02371675685067855  0.03102617261125714  0.03835380217692472  0.04622055410037922
  0.05408782748558218  0.06166696037799752  0.06933516871269799  0.07737049849568998
  0.08586746277377373  0.09561099666057209  0.10533955749743518  0.11320230709317054
  0.12161388769713739  0.12997603803199728  0.13939243876712015  0.15019335254412636
  0.16054665430171158  0.17104069366636310  0.18177053294669948  0.19233280366879707
  0.20242478447907647  0.21293103257959578  0.22422999392005866  0.23534105888040516
  0.24669999287952421  0.25734238081534766  0.26828689944030848  0.27970276555305040
  0.29209441579837175  0.30542538062692270  0.31941557660972392  0.33287638906768618
  0.34446099849758538  0.35539038483871715  0.36713988124044533  0.37954946965549002
  0.39206764030298136  0.40601089360863901  0.42132167081834848  0.43633493408850382
  0.45127162698371148  0.46548302148099363  0.47897794915149594  0.49273920017064821
  0.50641920469872781  0.51988430349275150  0.53318356089221497  0.54583714830400298
  0.55785739396172918  0.57019098045780625  0.58386438791458806  0.59847415845023610
  0.61217066061347658  0.62531902926258942  0.63747434924886059  0.64873769582502006
  0.66015181835163161  0.67263545980039352  0.68570525449643061  0.69806456307701770
  0.70974434944488507  0.72136251503266269  0.73216458544875640  0.74218541380614045
  0.75245817158321404  0.76235887053166407  0.77303185086549586  0.78326182490903906
  0.79343384344729218  0.80332866429257299  0.81245149267651684  0.82206047275627470
  0.83099863292113396  0.84042846594899723  0.85032075711144939  0.86149907045461127
  0.87275273616329641  0.88387343024383913  0.89464824794733366  0.90515038774767076
  0.91514440754139781  0.92422852234862729  0.93278936884718666  0.94136320288431674
  0.94982189277570339  0.95763978001148875  0.96490935718171877  0.97195455370189521
  0.97893712828299506  0.98612960815125505  0.99325347641863604  1.00000000000000000
 -0.00325815948605879  0.01107667151423802  0.02237712317699086  0.03267413062594729
  0.04307538319000647  0.05375309645799538  0.06441346435214168  0.07476953979664758
  0.08491296256547586  0.09546408239597784  0.10598630602066625  0.11693513069431913
  0.12836481790421236  0.13968538819826626  0.15145113531710883  0.16294650624410961
  0.17407911203711543  0.18462252865799567  0.19521601025445889  0.20606364786264011
  0.21689525038698931  0.22711564096100023  0.23712239371074284  0.24737478022582313
  0.25806183436201513  0.26879859124459110  0.27891419994216321  0.28897110736059028
  0.30036962840438591  0.31209768840511393  0.32356638021058437  0.33536928496209123
  0.34767239189105431  0.36051824523574977  0.37270909182877615  0.38437444897021239
  0.39492919675342769  0.40483577650743047  0.41478779542668137  0.42653876029319399
  0.43887594331643714  0.45015359574984148  0.46194419185938135  0.47262754064694940
  0.48212014757508592  0.49095766264743457  0.49966826034994444  0.50907431992560470
  0.51791946589524585  0.52611460127525134  0.53425828181098423  0.54266095441614648
  0.55168608618544268  0.56254069364494319  0.57368280433906471  0.58515588945227648
  0.59513353943041258  0.60522698463708402  0.61465125411308064  0.62449213144409188
  0.63610223761279361  0.64673861859571868  0.65835550470786719  0.66937527507918093
  0.68074947440188605  0.69142291938130185  0.70120268039854716  0.71010632717572353
  0.71799208401782855  0.72647961276884043  0.73511703735218259  0.74416831803478523
  0.75361669587571778  0.76378220466067137  0.77474180037680418  0.78607900700317812
  0.79714859521589754  0.80869698717168903  0.82007728010780467  0.83102526500940199
  0.84150989340334281  0.85181185298986728  0.86267529854783009  0.87262239146640552
  0.88412698260477740  0.89547096728642728  0.90671144563801875  0.91754349281791492
  0.92753477807489770  0.93751219933966112  0.94688381161420687  0.95677155937379232
  0.96701948294860240  0.97774974038084872  0.98875397301084733  1.00000000000000000
  0.00261523400457006  0.01403819402811762  0.02344339459763303  0.03193999537902510
  0.04045736994022805  0.04919670161023471  0.05802372356138871  0.06638169356134790
  0.07350013468220785  0.08014101433628339  0.08738466724400551  0.09491726495252867
  0.10156547197485258  0.10797135777003947  0.11464967012915971  0.12185378285747049
  0.12987821599141663  0.13956397317361649  0.14744331820933185  0.15474475804549473
  0.16145894904706004  0.16833635572769928  0.17543348413517271  0.18279015496832016
  0.19004020650674197  0.19757982528056589  0.20465934619498596  0.21223065537861663
  0.21931650763370147  0.22657184705461655  0.23434045665040054  0.24272140590209146
  0.25165821327981097  0.25982675740140920  0.26741776490744890  0.27458989091954661
  0.28197515854921651  0.28977265432864979  0.29832965480980617  0.30790810807681301
  0.31711281626539256  0.32642226989919909  0.33506231596822389  0.34445281651564363
  0.35387691943593719  0.36297894490462379  0.37192101535374994  0.38068550729019229
  0.38921777399580493  0.39766044022501018  0.40614522764216499  0.41495319963895844
  0.42438971088709498  0.43420310783484850  0.44439659832182832  0.45457434799955521
  0.46478976861038507  0.47498335076306469  0.48483419678981121  0.49457225836480384
  0.50452562377858223  0.51438355075987907  0.52456528326573049  0.53466353480394158
  0.54468987920504475  0.55417362809869120  0.56346974227575142  0.57219870062059019
  0.58086595739160052  0.58967055113069955  0.59880168359767727  0.60799628237850001
  0.61715569642394441  0.62683098285484029  0.63731317225960948  0.64851482840717178
  0.66012652095537561  0.67202569715613891  0.68392774694726022  0.69602945687093243
  0.70808582262905451  0.72006406703494474  0.73236366763254879  0.74543395585317906
  0.75898452474425837  0.77391201903356466  0.78982332408603062  0.80669890533829913
  0.82281776229693160  0.83893056604963623  0.85627326147573168  0.87536688979860700
  0.89844640360972472  0.92589256281596710  0.95745856569886945  1.00000000000000000
 -0.00182425541845857  0.00789507119256080  0.01656826556657015  0.02573987481481686
  0.03509711739170242  0.04363822612510811  0.05228271787913674  0.06168377154072954
  0.07285840582239016  0.08461457222773991  0.09568856108557196  0.10573603898974537
  0.11472265175699957  0.12414655156305407  0.13345689106130784  0.14246280221560884
  0.15170893003637867  0.16189494180242622  0.17226836926868735  0.18226579883987140
  0.19203987231770620  0.20225457306223207  0.21365745376653902  0.22490845200261392
  0.23574419386024420  0.24632246897742896  0.25720952493276611  0.26819081664514288
  0.27913169256503528  0.29046222905371344  0.30257169788283045  0.31451474331238344
  0.32594151357701728  0.33734467466666163  0.34889290372638132  0.35996660149912046
  0.37013567492385735  0.38019494708685192  0.39028487410654344  0.40040012215874193
  0.41045368775680557  0.41993877668139373  0.42891302800342768  0.43764286971115973
  0.44661094273201740  0.45687332002682340  0.46709651088029241  0.47728267072207226
  0.48758798760237626  0.49780742949706924  0.50757960256646029  0.51721967394793966
  0.52790558731717574  0.53964887777136228  0.55093137127173664  0.56187633830843797
  0.57258854008333981  0.58271052241924759  0.59234496187429275  0.60196016966977517
  0.61164554084641987  0.62231882783209014  0.63378589815575059  0.64579821727849474
  0.65712461222353591  0.66744505522361697  0.67762789470523244  0.68820812153307087
  0.69902892251091231  0.71011045729123046  0.72023398581335518  0.73000142791006517
  0.74003997082788908  0.75029745307984319  0.76009542857422541  0.77012755662417209
  0.78163525579457882  0.79375231238610588  0.80606875648565346  0.81946012187737372
  0.83333738631681087  0.84612630524262267  0.85821950419975523  0.87058908645247124
  0.88275738480631449  0.89431845235491625  0.90392470190616514  0.91359195919978886
  0.92336722036948538  0.93316083979856246  0.94279357977045297  0.95189257375118230
  0.96172602989798750  0.97344306644823742  0.98658524173785977  1.00000000000000000
 -0.00290189583776693  0.01229886147339014  0.02495940296190886  0.03806479082689172
  0.05051533968097426  0.06205354551334735  0.07314750147696779  0.08404256297282724
  0.09534296814110378  0.10763917644762902  0.11949705350040460  0.13008372778282576
  0.14021039200872379  0.15053367879795743  0.16159397457529279  0.17197397538617151
  0.18131447858380931  0.19107926494898947  0.20159191014101452  0.21267155633102081
  0.22394147365739181  0.23529021675772310  0.24657605845084316  0.25705703335592822
  0.26788028479983378  0.27956228778022296  0.29214466709668313  0.30527468682791153
  0.31822605305476420  0.33093958045364935  0.34299924038416923  0.35478387180244264
  0.36608637578737696  0.37747078511123444  0.38950100473693428  0.40130835211122728
  0.41269266437812302  0.42354059929336296  0.43442995199595552  0.44474566188938963
  0.45485170437103761  0.46469241501459363  0.47456402069334208  0.48420865551009185
  0.49339636908610940  0.50266987133269492  0.51168199388103597  0.52073360837626248
  0.52969863266509121  0.53827364324160198  0.54655742753133596  0.55482485605990672
  0.56411251782982508  0.57410616951315563  0.58434761780076561  0.59474360023170647
  0.60505581434937061  0.61573665474927508  0.62599430292884506  0.63655190842350950
  0.64726903611162878  0.65756482736397648  0.66740277357281308  0.67714203788922045
  0.68731753901931247  0.69831084570052271  0.70884394607726331  0.71876992957120633
  0.72835555568149790  0.73858837252150256  0.74879183216298106  0.75784821190973561
  0.76651906406486348  0.77622368382626150  0.78683376323224419  0.79656403952907850
  0.80573155346946579  0.81501583261043564  0.82431012526607095  0.83363836388316526
  0.84365251724579804  0.85273559889006478  0.86216529704440026  0.87124458542390282
  0.88133079836995332  0.89233071836969591  0.90326042647383387  0.91422867558430843
  0.92494497968052913  0.93507864068479662  0.94540974478406525  0.95594490404917243
  0.96703001580175529  0.97880303761425191  0.98949960265832793  1.00000000000000000
  2.47148740119800184E-011  -1.0000000000000000     
 T T T T F F F F F F F F T T T T F F F F F F F F T T T T F F F F F F F F T T T T F F F F F F F F T T T T F F F F F F F F T T T T F F F F F F F F F F F F F F F F F F F F F F F F F F F F F F F F F F F F F F F F F F F F F F F F F F F F F F F F F F F F F F F F
  <DiscreteSampler_grid>
  grouped_processes
  1 # 1 for a reference and 2 for a running grid.
  10 # Attribute 'min_bin_probing_points' of the grid.
  1 # Attribute 'grid_mode' of the grid. 1=='default',2=='initialization'
  0.0000000000000000 # Attribute 'small_contrib_threshold' of the grid.
  0.5000000000000000 # Attribute 'damping_power' of the grid.
 # binID   n_entries weight   weight_sqr   abs_weight
    10   10   5.935950446166198E+000   1.179469036686798E+002   5.935950446166198E+000
  </DiscreteSampler_grid>
