  0.00001763235483386  0.00001788075735570  0.00001819984595775  0.00001847378119577
  0.00001867029794282  0.00001909610319869  0.00001961121929583  0.00002019724660573
  0.00002086968521006  0.00002167993106675  0.00002227624945588  0.00002283939258174
  0.00002342821103261  0.00002407691620036  0.00002503260592421  0.00002615270377561
  0.00002741210758588  0.00002877037517570  0.00003019479742993  0.00003164620838776
  0.00003314815313549  0.00003499080187233  0.00003699201651859  0.00003915133791659
  0.00004155550717657  0.00004370765154567  0.00004574572425914  0.00004779134536171
  0.00004993289024113  0.00005216352379952  0.00005438815668872  0.00005666390575713
  0.00005966025313103  0.00006260160641654  0.00006482149256137  0.00006712481775601
  0.00006896764438964  0.00007024992602863  0.00007163698692729  0.00007292798944693
  0.00007577909178339  0.00007824408780900  0.00008035271861194  0.00008243685085786
  0.00008437730189193  0.00008627624147663  0.00008803905176140  0.00009050618716164
  0.00009450255263848  0.00009982784690749  0.00010624790956640  0.00011351794283523
  0.00012054110034520  0.00012739352158810  0.00013408896047000  0.00014159233928517
  0.00015094037619067  0.00015892191571599  0.00016688256789484  0.00017599258103060
  0.00018703354891883  0.00020104648926591  0.00021541885218928  0.00023004080291643
  0.00024534456023994  0.00026276292904252  0.00028377050540283  0.00030873194898120
  0.00033689599330572  0.00037032882793702  0.00040805872220798  0.00045072361513060
  0.00049842563917554  0.00054879674886311  0.00060231961544101  0.00066459206449217
  0.00074392173563865  0.00084171139183579  0.00096744111884965  0.00111387088447949
  0.00130614305018976  0.00152829264857302  0.00181272458973118  0.00218754013485728
  0.00265648479788793  0.00317486090659569  0.00374945217090632  0.00448858934313067
  0.00569279931190551  0.00769089811279453  0.01161934658202890  0.01676985425324875
  0.02453473959240058  0.03954649466677917  0.09171397947421825  1.00000000000000000
 -0.00001719128498090  0.00022805388076777  0.00027661442924157  0.00033316219327852
  0.00040163577633982  0.00049210829121457  0.00058904338967762  0.00069163484101678
  0.00077536184513003  0.00085572160224057  0.00093201854496531  0.00099934015917447
  0.00107424840874758  0.00116118720748798  0.00125262915077248  0.00133779626091139
  0.00142592769776593  0.00152211175527788  0.00163558398966040  0.00175093598781917
  0.00188720306769674  0.00204896154691632  0.00220217256859457  0.00235339296696856
  0.00253174999726669  0.00273444988786152  0.00296878024356795  0.00320691775242766
  0.00345163012481710  0.00367945082237966  0.00390547014264891  0.00416267173302746
  0.00445176655735427  0.00471562799993928  0.00499963978593044  0.00534561764355973
  0.00572382142326453  0.00620383696652563  0.00675847005901300  0.00738417061327609
  0.00807435507705540  0.00884074625916454  0.00963071070982266  0.01037309195806759
  0.01117304055106553  0.01203807673921529  0.01299267652093228  0.01397812403112685
  0.01495373068374745  0.01603498090096532  0.01727602115774909  0.01870823364161834
  0.02030671068504267  0.02200886597539587  0.02389153406822309  0.02615805271884294
  0.02891672774022274  0.03189434650342702  0.03492855192144365  0.03816468052785511
  0.04188244917653549  0.04614364435592753  0.05067076231821022  0.05580352995585296
  0.06167617863837586  0.06812410949276501  0.07507415783623397  0.08243587601033821
  0.09035533753509972  0.09899216940532340  0.10749106099580043  0.11616306271270063
  0.12550882484348694  0.13585719782848377  0.14966683044202136  0.16774081168692592
  0.18861753290266076  0.20731229253884983  0.21876303112698503  0.22990646213178437
  0.24176339109918890  0.25379704781743828  0.26317525413332138  0.27423527344107212
  0.28894712044429027  0.30929663346911895  0.33942048549144460  0.37985525397045333
  0.42159329108004900  0.46940377065543337  0.52244526702673599  0.57449284781522802
  0.63036285836154782  0.70474302543990908  0.81576896447416869  1.00000000000000000
 -0.00001260973385793  0.00009796832617674  0.00021234463314039  0.00035557018263450
  0.00047761308052872  0.00061167321140498  0.00076283958007237  0.00093385880694005
  0.00112173195427644  0.00133837000348232  0.00158258943296128  0.00181074643265087
  0.00202379129162951  0.00222631273488473  0.00247463252437815  0.00274871000216054
  0.00305744762630743  0.00338814474895765  0.00372135730875956  0.00398775828076469
  0.00420650114835691  0.00443798235041258  0.00468186735603712  0.00494317405882518
  0.00521398341631738  0.00558652896955932  0.00600263402029796  0.00638559669777893
  0.00673887539281313  0.00708645367411323  0.00739753293692366  0.00773985113416458
  0.00805356916434362  0.00835552330842735  0.00865237716972876  0.00895635172590152
  0.00927258902104350  0.00962336704694206  0.01002482129914477  0.01048885704418483
  0.01102336852304809  0.01143252481255184  0.01177229316751132  0.01221470630389019
  0.01278548231110293  0.01339009296796112  0.01388127830225284  0.01428035061862236
  0.01472201108406748  0.01519543804397182  0.01570372442464803  0.01627422578128792
  0.01693138535538690  0.01779687566831676  0.01872728465336030  0.01967303985701825
  0.02091312661290801  0.02225467484699471  0.02358037692228469  0.02497821817934886
  0.02646514299716739  0.02782043193362925  0.02900629624662716  0.03030575547048706
  0.03161972966322436  0.03299014292314668  0.03472533194326396  0.03689850250573046
  0.03932112830694431  0.04183790115212445  0.04452798976782009  0.04731215656096770
  0.05029208809322917  0.05417673290689359  0.05906563249257984  0.06403954044532234
  0.06847253224179910  0.07298920919190850  0.07777377947111286  0.08250105063028036
  0.08766172172983042  0.09407229780851871  0.10153907904654794  0.11083235760063039
  0.12232227754663813  0.13621071180713248  0.15028600014977464  0.16607309865831027
  0.18733241070406739  0.22334001094006589  0.27282375023655736  0.33018836940786739
  0.39642201847650677  0.47930341608788396  0.60643296710476235  1.00000000000000000
 -0.00194932489145705  0.00694762910508775  0.01678681400593981  0.02689556726185634
  0.03685652584651011  0.04657148618061795  0.05583686112563620  0.06541597894449125
  0.07488472486334252  0.08417053809304727  0.09364114257483656  0.10330424386689095
  0.11365118756983132  0.12445687029635499  0.13502698602608390  0.14567206541222386
  0.15520519906286498  0.16415946553682575  0.17328163449447018  0.18308375960721124
  0.19547119143145639  0.20727629875783704  0.21717804220142475  0.22704960069648580
  0.23624646449698927  0.24520484765402034  0.25612628252720476  0.26877875561956471
  0.28051855494072631  0.29153039345315229  0.30323950400532335  0.31456148989448823
  0.32557403511676625  0.33694138713695526  0.34872246115531369  0.35747279898368944
  0.36360680783167032  0.37075830494556455  0.37809375600937239  0.38497720708948813
  0.39245569340351155  0.39891856566146572  0.40497465356865830  0.41134712216835045
  0.41911688535424768  0.43083531693611643  0.44132123693343034  0.44974944212215529
  0.45892826354758176  0.46760653719912659  0.47708027915126450  0.48799820755788148
  0.49942545046693038  0.51139171901430380  0.52444508609251739  0.53969225686104039
  0.55389710820348348  0.56852321599181743  0.58185012894271926  0.59267298028372073
  0.60328048445975146  0.61401763503305096  0.62582160465743975  0.63620105448572384
  0.64564054482576994  0.65463793213484867  0.66337115084593024  0.67049759341772086
  0.67884780582475190  0.68519819053499054  0.69177046148526300  0.69893039687468816
  0.70972208392845215  0.72478114381408765  0.73935864319305544  0.75306020036524635
  0.76625985974814814  0.77921168732860724  0.79204490184814946  0.80493118725608681
  0.81816294527424771  0.83071059164441108  0.84245621264405379  0.85456272670065059
  0.86730826480427048  0.87938126201284272  0.89018170882593384  0.90064474237316583
  0.91085277289193967  0.92129576714916273  0.93270358221298266  0.94721634292783952
  0.96033784695189994  0.97376933331526616  0.98627980687588890  1.00000000000000000
 -0.00341918350239013  0.01126273430766662  0.02498184598573518  0.03793233415960699
  0.05014837156894136  0.06057260877499387  0.07051096151056584  0.08044395104279398
  0.09120242678257899  0.10204694203154009  0.11214968487508385  0.12152749462507775
  0.13085979854305455  0.14146858992217903  0.15142816615318758  0.16071252045105022
  0.16978755519064079  0.17922125701428696  0.19006487646700529  0.20157689459906178
  0.21375661703268570  0.22579239214317035  0.23438525862182735  0.24065119443276742
  0.24722277262438103  0.25415142967270943  0.26014728547950622  0.26545146301628531
  0.27095755799682125  0.27689996762735830  0.28352225450506435  0.29187996360440899
  0.30245552911365314  0.31543171538955522  0.32567386421806893  0.33724509895606686
  0.34914556274166680  0.36054517708161532  0.37136257480771623  0.38233652213897512
  0.39384254548694958  0.40581253856055977  0.41909142753247891  0.43132995748875608
  0.44179525577732259  0.45213252745651200  0.46135395852463201  0.47203944190184532
  0.48455367479790823  0.49690651093674482  0.50819176897469431  0.52093395681576005
  0.53497585173462725  0.54951542999470770  0.56160454530669957  0.57244182339900906
  0.58252508238098222  0.59262040016405670  0.60285376263880408  0.61574445845420045
  0.62519018157523043  0.63348329051331631  0.64232546566605730  0.65024745582352594
  0.65860261294372047  0.66946115533050254  0.68178964265501985  0.69290010769340082
  0.70373409511925100  0.71420738349457358  0.72354504990262869  0.73222377339101297
  0.74106458455501534  0.75034387909925648  0.76165445497914630  0.77384789315793845
  0.78732423485659353  0.80008881704608215  0.81416104125764266  0.82718351611298235
  0.83969635509343321  0.85042884851503286  0.85942010136211966  0.86844855645355135
  0.87911906178492039  0.89068827064966016  0.90070599371384386  0.91172819600409916
  0.92436775170654717  0.93768137038360910  0.95052790418545208  0.96240517206170173
  0.97213708727208659  0.98169482422121801  0.99103966369905183  1.00000000000000000
 -0.00271158171665484  0.01263321947911149  0.02645754243379531  0.03906400114487777
  0.05274630532302176  0.06746026501987852  0.08325046399413989  0.09870894726689577
  0.11284918922002292  0.12696396312632341  0.14157147898177930  0.15650362629878753
  0.17058865383521268  0.18449209319278601  0.19795141574874722  0.21077244695958944
  0.22276217703804069  0.23289216962376208  0.24122059612139932  0.25091140760130159
  0.26143678845309942  0.27452590537637067  0.29131745473025900  0.30875285210824888
  0.32459723021948728  0.33884770504014661  0.35232695296657884  0.36497824368696269
  0.37820101089142355  0.39265372731102283  0.40690711780400507  0.42045505767455671
  0.43286477229387077  0.44466766996785034  0.45612042509071132  0.46838879105667958
  0.48199640235831837  0.49535249408874976  0.50910277285055061  0.52197185957239089
  0.53409048063947162  0.54560390344235909  0.55795776727303248  0.57067620046545742
  0.58439409059999137  0.59809844582474503  0.61111018214033219  0.62290809265203806
  0.63782201225785529  0.65238047360443396  0.66342746797885710  0.67505054319872515
  0.68587248109529586  0.69560594997250835  0.70519677466482711  0.71465798011041282
  0.72350167020385348  0.73292834318300881  0.74323895670651108  0.75437097114989138
  0.76639548351887510  0.77795082813251071  0.78879412477231370  0.79986539221521291
  0.81084142689859351  0.82321567917438987  0.83591259694488007  0.84882486662147150
  0.86303373750738543  0.87778350806886296  0.89137440959705583  0.90390195344476454
  0.91493281377613822  0.92466049406091955  0.93355024108267259  0.94056052665018697
  0.94758044715353307  0.95383709774085979  0.95915717412167056  0.96361267772474579
  0.96771880918537645  0.97225548530090078  0.97694346213991889  0.98041298156195578
  0.98294963277538572  0.98562148950610073  0.98777816787768535  0.98991768228190113
  0.99170884445887519  0.99338969948599176  0.99492444815156666  0.99621272931079841
  0.99727037898672355  0.99824815799797784  0.99910281602240858  1.00000000000000000
 -0.00411842851248051  0.01537797866435305  0.02880930890186297  0.04185182763072152
  0.05341799137124673  0.06474894207487153  0.07559754468397906  0.08571718787178176
  0.09574863934617243  0.10632178968900725  0.11655422884712673  0.12654524634886263
  0.13660643491612656  0.14739297826968270  0.15867122924463023  0.16997241991885276
  0.18204950791184477  0.19505465008305709  0.20852270182506505  0.21553502703723379
  0.22296383463541627  0.23032176092527207  0.23704002424016182  0.24392040362625036
  0.25083852272077156  0.25801023938173789  0.26433709919654413  0.27129426935340756
  0.28075944434464101  0.29290407857232648  0.30432030055349285  0.31524059346209715
  0.32610688396951648  0.33732410408994812  0.34754469401991445  0.35647843957997005
  0.36627776873823387  0.37651827926511161  0.38734930349028102  0.40060990092124976
  0.41259949666695334  0.42441193104136810  0.43594012291972128  0.44777994400598942
  0.45988226381033143  0.47213530994089464  0.48314484559669402  0.49583925690194020
  0.50843900049691859  0.51796058145097090  0.52804248085637240  0.53706316216368422
  0.54521835292544618  0.55492485121387636  0.56511345090397602  0.57538421107398585
  0.58620974613332977  0.59873650950016077  0.61001677890000827  0.62120012965279825
  0.63176788041393195  0.64091614301808797  0.64941316660105075  0.65751384096548338
  0.66561889663976292  0.67416162981195216  0.68279288858951726  0.69190907021453585
  0.70333167824543885  0.71459881057678731  0.72542123749277398  0.73638343723981414
  0.74783694078622120  0.75843301759934267  0.76886822185728865  0.78022717153389864
  0.79259529800875983  0.80499565228806746  0.81703749440397977  0.82902449367832987
  0.83887827179602192  0.84749074516410827  0.85592076011264329  0.86531516723670854
  0.87365301633292203  0.88411924467682457  0.89528737936698155  0.90567768694386508
  0.91619857123446280  0.92786160356842728  0.93987764134229879  0.95160889101105706
  0.96515735881612508  0.97822158460709718  0.98946032299683817  1.00000000000000000
 -0.00066228352286265  0.00413552117345894  0.01040192930825102  0.01668410347094510
  0.02568634896780269  0.03708370469230331  0.04807364112285830  0.05866684771564275
  0.06894657015616251  0.07962644621965206  0.09075404533693658  0.10356262009789595
  0.11683442812814106  0.13043205302366606  0.14266283515494563  0.15068169823843641
  0.15738694647131923  0.16325739694476557  0.16878770365311563  0.17376884371529683
  0.18106132928711163  0.18875616461611897  0.19598466784650317  0.20411354876303450
  0.21355880594599785  0.22616481364127680  0.23828707350079698  0.24914503767840968
  0.25983597611415443  0.27054095482699964  0.27949825724603361  0.28856604592078311
  0.29880242094910614  0.30934329375083602  0.32003435371956612  0.33107468358063125
  0.34164729024439089  0.35145617055433753  0.36178424749815885  0.37175255205443614
  0.38164032164593453  0.39048482872622364  0.39876870275937215  0.40716350857838157
  0.41637402010963381  0.42693253612056420  0.43852241513965085  0.45170772218438293
  0.46481532370805728  0.47719218063879421  0.49016943264106388  0.50385919582591143
  0.51585042418587623  0.52693644170435849  0.53832022411118152  0.55013146506602451
  0.56084201268717948  0.57026512473633828  0.58002941069324687  0.58980569922398229
  0.60176269493544754  0.61281242557065718  0.62299809614407253  0.63276184254030698
  0.64200640239177498  0.65270108659607085  0.66305675890837712  0.67387890019547092
  0.68473085054444516  0.69628419591386392  0.70783769454249612  0.71846935635041642
  0.72868925582313404  0.73774587482928133  0.74644697238314239  0.75437229912587811
  0.76244805743042032  0.77255424896284064  0.78342596784512497  0.79397909420969637
  0.80534262575376303  0.81865404235668726  0.83329688464460783  0.84677788667891241
  0.85922194817514785  0.87278524488601739  0.88490860392106374  0.89535282411316675
  0.90582641359378491  0.91709206994606185  0.92967083196491995  0.94349173229055427
  0.95788932035568553  0.97202697057672971  0.98556198574696796  1.00000000000000000
  1.03057558003158685E-009  -1.0000000000000000     
 T T T T F F F F F F F F T T T T F F F F F F F F T T T T F F F F F F F F T T T T F F F F F F F F T T T T F F F F F F F F T T T T F F F F F F F F F F F F F F F F F F F F F F F F F F F F F F F F F F F F F F F F F F F F F F F F F F F F F F F F F F F F F F F F
  <DiscreteSampler_grid>
  grouped_processes
  1 # 1 for a reference and 2 for a running grid.
  10 # Attribute 'min_bin_probing_points' of the grid.
  1 # Attribute 'grid_mode' of the grid. 1=='default',2=='initialization'
  0.0000000000000000 # Attribute 'small_contrib_threshold' of the grid.
  0.5000000000000000 # Attribute 'damping_power' of the grid.
 # binID   n_entries weight   weight_sqr   abs_weight
    10   10   2.049806000547565E+002   1.578818741492478E+005   2.049806000547565E+002
  </DiscreteSampler_grid>
