  0.00001337174729949  0.00001800762154657  0.00001897162604567  0.00001939022621843
  0.00001974227752120  0.00002008260396785  0.00002042291231462  0.00002085372352019
  0.00002129542742728  0.00002175278271235  0.00002258709252190  0.00002526087884476
  0.00002757969780241  0.00002946845799123  0.00003086687167855  0.00003194101353207
  0.00003310787144543  0.00003438262184176  0.00003569559091482  0.00003707144913735
  0.00003876204732676  0.00004107328453297  0.00004443322402628  0.00004817982819821
  0.00005160402961644  0.00005498552704740  0.00005833691270092  0.00006164759740829
  0.00006498159489812  0.00006998422004789  0.00007870880257595  0.00008926867016005
  0.00010068185494475  0.00011381742187769  0.00012765555193735  0.00014204781312820
  0.00015698773833416  0.00016466468154850  0.00017236001219045  0.00018105136114418
  0.00019234651891778  0.00020305757306491  0.00021501681345392  0.00022749770494218
  0.00023997041938086  0.00025232214148762  0.00026244064010496  0.00027433825465975
  0.00028773320962053  0.00030578520866750  0.00032628314490937  0.00033928181196780
  0.00034733466354832  0.00035522246290433  0.00036315159266591  0.00037069138663611
  0.00038540768906544  0.00040635793477431  0.00043454906857906  0.00048498119275338
  0.00055454566729738  0.00063742587286533  0.00073606054175738  0.00083427223929883
  0.00088038054313808  0.00092472993884635  0.00097634607783638  0.00103005928956166
  0.00109268290819275  0.00115683971510737  0.00122185902288620  0.00127906847684146
  0.00134392489488181  0.00143076096523461  0.00151357616199888  0.00159215310099332
  0.00173304096732346  0.00192831715759504  0.00218472817549914  0.00241335984357955
  0.00259587739419276  0.00275846016378223  0.00292207930377532  0.00308997118406626
  0.00338061047803326  0.00375862758399556  0.00443812573731156  0.00567418698706722
  0.00767588223300754  0.01042091028953345  0.01464094327351721  0.02216788578474965
  0.03361174782062035  0.04614621777033932  0.11117539905937597  1.00000000000000000
  0.00000365685477553  0.00003583069714162  0.00004202479593619  0.00004339746058344
  0.00004446770890686  0.00004551840332029  0.00004656228817984  0.00004737237132595
  0.00004797040991307  0.00004876088197476  0.00004990244659219  0.00005075431328016
  0.00005161465873578  0.00005231376822189  0.00005278617150376  0.00005360577278568
  0.00005457413557748  0.00005654321866852  0.00005898141387770  0.00006102316238499
  0.00006295021170454  0.00006499592243780  0.00006757395871036  0.00006978534471472
  0.00007150739975932  0.00007318842297639  0.00007503467571359  0.00007669174605791
  0.00007837995442613  0.00008052181817068  0.00008302235044373  0.00008584581447977
  0.00008976542483584  0.00009462165159660  0.00009975602975908  0.00010633231239034
  0.00011345649774072  0.00012109057850486  0.00013076160380682  0.00014109575642415
  0.00015650635352613  0.00017470886279700  0.00019465374959028  0.00021688671371514
  0.00023138879587248  0.00024117886743892  0.00025032615073457  0.00025966300784492
  0.00026965159305903  0.00027982080003798  0.00029110044404304  0.00030379834981383
  0.00032005925667799  0.00035250088086293  0.00037854947853519  0.00040767325346812
  0.00043465193818126  0.00045370633104878  0.00047343176675093  0.00049516717092236
  0.00051588400710564  0.00054062402351152  0.00056665721035319  0.00058977927628505
  0.00061206919225872  0.00063545215882554  0.00065655820543783  0.00067865089954090
  0.00071861211648708  0.00081897773053268  0.00094519110473816  0.00107816046350628
  0.00120807683026919  0.00133563183990239  0.00150586936419221  0.00173653210920673
  0.00206237907203554  0.00241896173130053  0.00275001393683008  0.00313634651973813
  0.00357648491105461  0.00421831874099463  0.00502931416024255  0.00599508229715470
  0.00711015744706365  0.00840068003908231  0.00985011540803446  0.01176363805831962
  0.01427803965792125  0.01820147473069161  0.02634389909620733  0.03805666320732589
  0.06014719163835853  0.11251158334106424  0.29596164293646504  1.00000000000000000
  0.00000000815849944  0.00000053239157901  0.00000120536178482  0.00000298491135448
  0.00000523358384309  0.00000801947527704  0.00001110462102756  0.00001420961968363
  0.00001817840413473  0.00002421200706657  0.00003246176042497  0.00004210736844138
  0.00005126123923913  0.00006309663473469  0.00007690173066100  0.00008807809301003
  0.00009996843376902  0.00011319272996407  0.00012844740967228  0.00015407242277292
  0.00018401079837069  0.00021156653981699  0.00022794467077520  0.00024378927701522
  0.00026346078260376  0.00028865349719661  0.00031487045470165  0.00033851683022901
  0.00035743069482803  0.00037468113209107  0.00039282535745687  0.00041339461519336
  0.00043525373410189  0.00045940619841706  0.00048224709663118  0.00052564904105913
  0.00061105822042912  0.00069780255180947  0.00078185050427881  0.00087477471070087
  0.00096970431091413  0.00109861191212740  0.00126492958077085  0.00139764586495228
  0.00153536686807878  0.00169182007917618  0.00188368290795009  0.00211332690504416
  0.00241391004368598  0.00270423830269446  0.00318129625278169  0.00380243509693801
  0.00469307644153306  0.00568124735725857  0.00688040480460549  0.00800134324836979
  0.00907756548201283  0.01019410619087758  0.01152231484270124  0.01379890547872181
  0.01584317225675350  0.01756922308762649  0.01869633472871520  0.01960057198556523
  0.02067414556068668  0.02194242393423579  0.02305628737573300  0.02420991045497696
  0.02739708014277051  0.03153462762023355  0.03538945289152642  0.03856884922722879
  0.04169088806859147  0.04529763096739364  0.05121513068240824  0.06417049317982977
  0.07562977124040311  0.08445494129325200  0.09327692575712254  0.10209548343687798
  0.11091404111663342  0.11973259879638887  0.12746046430696029  0.13443329647405583
  0.14140612864115137  0.14837896080824692  0.15545168518594499  0.16257063538710076
  0.16968958558825653  0.18992683455202086  0.22556139818367735  0.29917262363050739
  0.50891820920398356  0.60962457581922957  0.69077819331853163  1.00000000000000000
 -0.00310887016005360  0.01141002192189002  0.02322083704588368  0.03497326574703876
  0.04679579993370840  0.05785767117735684  0.06807657609338463  0.07337188849384815
  0.07806084430392936  0.08176728159832863  0.08543188998414113  0.08943646647706147
  0.09373923002447614  0.09808224033677634  0.10357920432391667  0.10933671600842906
  0.11655236531012213  0.12728976669893868  0.13767100458092182  0.14589370984275798
  0.15443287876871931  0.16434256012411297  0.17473652868556325  0.18562886032990569
  0.19580652092285961  0.20553408517560628  0.21357691913347382  0.22242509393425647
  0.23261869191278531  0.24391821546775896  0.26070649942905216  0.28287805916013931
  0.29602953799144266  0.30478839331672691  0.31241802743216979  0.32052666732438628
  0.32913483147159994  0.33656742873204820  0.34482642389579682  0.35538528777434830
  0.37253922044320725  0.39495967970174695  0.41773419666625700  0.44138322815408798
  0.46193731869673943  0.47929263220656881  0.49785011300937698  0.51737333585270129
  0.53729796508102445  0.55686446209461671  0.57560869551125737  0.59382996361304075
  0.60814905467882097  0.61891180108009436  0.62744383509620361  0.63214953964187715
  0.63975073232684376  0.64606092783772329  0.65379425587260553  0.66076913323714859
  0.66664564051511654  0.67312379067505368  0.67905957626817581  0.68079038330112751
  0.68252844075106411  0.68411138659209769  0.68602472986298502  0.68960990760627505
  0.69323750981117060  0.70207600922260216  0.71560021373177463  0.72888563017190300
  0.74186755697368356  0.76371216740430703  0.78139794545765218  0.79638704597316701
  0.81048873378568709  0.82082397702846910  0.83001749231521360  0.83777190885938901
  0.84290109402325797  0.84772800726975905  0.85235704865734685  0.85809670725871656
  0.86679222212688622  0.87669535428081791  0.89007926980656604  0.90337734927113622
  0.91565652296485889  0.92486658260992538  0.93730282085760230  0.95152833497888911
  0.96499453913706390  0.97613995120551700  0.98702462158419257  1.00000000000000000
 -0.00561898200218570  0.01882299950644899  0.03701373398733003  0.05499532889225806
  0.07420370558702791  0.08918502905452226  0.10006910275542731  0.10935329307799875
  0.11783804611405188  0.12700896696840258  0.13663940525377824  0.14228267456658286
  0.14935049726919711  0.15661637773799136  0.16276848762721352  0.16941075593606708
  0.17496724356715451  0.17953458862964469  0.18430208749943353  0.18946426324615351
  0.19549766063013060  0.20296908002767994  0.21046114660740314  0.22027414232013146
  0.23309101738803764  0.24055843345395903  0.24904930332159525  0.25877867877898708
  0.27287997544249576  0.29349556940735877  0.32046374058674421  0.34146479950886377
  0.35816870092418718  0.37221204252330431  0.38122291607324721  0.38995240336255410
  0.39727165972480682  0.40407652258662741  0.40786778443472038  0.41073675285179789
  0.41769529354488688  0.42641721572554381  0.43460565571403220  0.44233909487935874
  0.45096312314676867  0.46357480814384766  0.47233722524705102  0.48228892908258542
  0.49110716336805504  0.49866855034198371  0.50552491821390078  0.51395280007776201
  0.52383577242944779  0.53542115070481777  0.54588625574056682  0.55595168032531816
  0.56742154337646378  0.58004839745521308  0.59226897221524799  0.60612583646951246
  0.62099438850410893  0.62904251997458804  0.63287887930078401  0.63668927718842738
  0.64396608794350163  0.65204096339877082  0.65913565604843871  0.66535863016445684
  0.67239092470360229  0.67949597568969955  0.68326895248266362  0.68914679984891225
  0.70456228576341962  0.73416756886704704  0.75529170787656952  0.77524953145739206
  0.79403900619541989  0.81104933846417493  0.82861034396963884  0.84231997085912758
  0.85310659107014886  0.85850250508437320  0.86287268988602128  0.86800255666364912
  0.87513301709497493  0.88272616099742751  0.88874871633047370  0.89495858743375367
  0.90060835127996464  0.90631818428515620  0.91315774974381836  0.92067275675337557
  0.93476155890681711  0.95311581631931275  0.97317819833785912  1.00000000000000000
 -0.00636837797894036  0.03068115492870820  0.04691844961772591  0.06251568991230606
  0.07129603688567063  0.08157001544951492  0.09231032507494862  0.10734743626471493
  0.12683983236500346  0.14715227741672243  0.16541804285384482  0.18187287537597005
  0.19791150223214260  0.21380777545109214  0.22913945709578215  0.24762842015470740
  0.25994960090268759  0.27076230784345245  0.27942839925736107  0.28617806975238985
  0.29273946336012424  0.30103424648130056  0.30902529404908652  0.31628547929830264
  0.32207175232864516  0.32902162384250105  0.33877411959671766  0.34591993230206242
  0.34833927879393278  0.35075862528580315  0.35350225558847198  0.35644308016451554
  0.35945690840007338  0.36289899292496852  0.36634107744986366  0.37476437040115623
  0.38342803884769483  0.39054360664231369  0.39319110522838613  0.39574399625540047
  0.39823073261057645  0.40406961334758057  0.41067767916548348  0.41737722754187390
  0.42396907428919434  0.43097155421269018  0.43833688236077267  0.44516982628570712
  0.45772754000338245  0.47286392582240794  0.48350322723864469  0.49007105895730874
  0.49706169702266273  0.50462860022468903  0.51393871937592273  0.52699363183745507
  0.54228831243637521  0.56142149186250601  0.57769179915458391  0.59291641201258438
  0.60742901897662127  0.61814214868378070  0.62645396199919423  0.63566526376281218
  0.64570161675700311  0.65778123119625675  0.67437615383522753  0.69478545287360882
  0.71572436596220146  0.73556201217150163  0.75032860432052784  0.75863271778965879
  0.76568498018188069  0.77354292629931565  0.78072490848981091  0.78811287665477814
  0.79421769871443881  0.79960828863506150  0.80550485210231815  0.81324366436265727
  0.83250393257681210  0.85268384795214092  0.85845491331546997  0.86344369630780327
  0.87050645168748164  0.87916568871846279  0.88951572661078415  0.90072719701596926
  0.91465649694183870  0.92814059674247196  0.93551705875247715  0.94441052283059024
  0.95311270399120795  0.96184777482616712  0.97441242415753848  1.00000000000000000
  0.00044950227791962  0.00050752353014383  0.00055125053258713  0.00059610732549891
  0.00064369928313810  0.00069604539413870  0.00075121112115000  0.00080674638685625
  0.00086196650575811  0.00092050381338912  0.00097157991735108  0.00101687208229585
  0.00106639159865603  0.00111642646322591  0.00116438145479295  0.00122268598681526
  0.00129222803581749  0.00136618161815334  0.00144373819361444  0.00152553591888264
  0.00160216797885087  0.00167343835408132  0.00174757653755580  0.00183124715002444
  0.00191747671017879  0.00200949071048037  0.00211305857573398  0.00222809489585874
  0.00235847288012408  0.00246911714469074  0.00264988868131004  0.00293641495228763
  0.00328504631059432  0.00368190668885171  0.00418133795819381  0.00483206538542815
  0.00558354378397407  0.00645053372678619  0.00733232351489325  0.00804908469850008
  0.00870133860569953  0.00935786727523833  0.01003650241314702  0.01078406694117115
  0.01167203146927345  0.01279661332105459  0.01416877400187436  0.01566159053448573
  0.01725278073365179  0.01889119249617094  0.02031910008379669  0.02157305659580533
  0.02284104729188192  0.02424384522126265  0.02603823808533178  0.02786328516616171
  0.02938844884683952  0.03099179651918160  0.03288482486638229  0.03545513377573579
  0.03779657396649724  0.04009910650127244  0.04119110901400330  0.04214578877499982
  0.04331375260849053  0.04514229634098513  0.04720647083036993  0.05039964876235307
  0.05418194754247267  0.05843961227297703  0.06382548897040616  0.07628414973291722
  0.08301984451868596  0.09019550643190871  0.09772556438100569  0.10677206700079186
  0.11615095948775421  0.12571545707325957  0.13494530301855301  0.14356395916697604
  0.15212097879827763  0.16063751701724249  0.18521059395754938  0.21732538569121534
  0.24437299833064721  0.26714826677469516  0.28702177657748784  0.32609858032119249
  0.39112908782443923  0.47204310479256240  0.54952980515565664  0.59820273078770925
  0.66168640587000938  0.74923945975992434  0.87107925032418598  1.00000000000000000
 -0.00218407420338441  0.01133784959917728  0.02424991607509170  0.03428620929544701
  0.04835315806121719  0.06699538818859464  0.08049747527175072  0.08873936986346462
  0.09304470109209477  0.09678430938460429  0.09899383562133161  0.10088845993400139
  0.10295947577795492  0.10521061163649488  0.10780142178286542  0.11574580633397553
  0.12612263959322831  0.13813073969967660  0.15496798349869842  0.17474587611277537
  0.18881608699156507  0.20155775802696077  0.21479552176484834  0.22915789843238463
  0.24671989789632787  0.26644868161322011  0.28051794442146333  0.29002812894093488
  0.29929511464984726  0.30843148491486505  0.31587482775819636  0.32544086790825727
  0.33956805372122567  0.35223491613980490  0.36271419993947684  0.37314554786120552
  0.39018729510013272  0.40745498464529500  0.42217136069403688  0.43580273932809405
  0.44558393956730041  0.45496355233254476  0.46899668875370204  0.48735848760128292
  0.50633269684625570  0.52055590391635786  0.53317332925503080  0.54440440247822652
  0.55431573998634776  0.56442701806541162  0.57678943233222868  0.59161642844822782
  0.60887579645515155  0.62664890225611869  0.64519822835692053  0.66378851360234492
  0.67682080109791365  0.68785502999519155  0.69831746666904027  0.70530905744343786
  0.70771312255036123  0.70980368437678099  0.71186343793278894  0.71392267940555287
  0.71682686215757774  0.71985322074026981  0.72238585854436255  0.72756140023368965
  0.73277075196767305  0.73711472835129266  0.74157179050292077  0.74631993727660628
  0.75225724498678948  0.75863752435401066  0.76505227026645040  0.77110292516956636
  0.77851721329642021  0.79350120391323020  0.81501183116023301  0.83748354549841009
  0.86163307127204969  0.88881107888361832  0.91005210773079848  0.92844535548869944
  0.93915763178124878  0.94601066357373698  0.95182480230050792  0.95791437689057923
  0.96327998033646711  0.96718145594335325  0.97097784115519015  0.97603852000983815
  0.98233220012944555  0.98802215518960490  0.99416520173187595  1.00000000000000000
  6.20573506602307517E-007  -1.0000000000000000     
 T T T T F F F F F F F F T T T T F F F F F F F F T T T T F F F F F F F F T T T T F F F F F F F F T T T T F F F F F F F F T T T T F F F F F F F F F F F F F F F F F F F F F F F F F F F F F F F F F F F F F F F F F F F F F F F F F F F F F F F F F F F F F F F F
  <DiscreteSampler_grid>
  grouped_processes
  1 # 1 for a reference and 2 for a running grid.
  10 # Attribute 'min_bin_probing_points' of the grid.
  1 # Attribute 'grid_mode' of the grid. 1=='default',2=='initialization'
  0.0000000000000000 # Attribute 'small_contrib_threshold' of the grid.
  0.5000000000000000 # Attribute 'damping_power' of the grid.
 # binID   n_entries weight   weight_sqr   abs_weight
    10   10   2.985354284343533E+003   8.810459285200933E+007   2.985354284343533E+003
  </DiscreteSampler_grid>
