  0.00144040282700528  0.00309320201232185  0.00448636270159700  0.00646909022832306
  0.00842658536869542  0.01046198393131384  0.01264914141882920  0.01484069642360191
  0.01719192503056711  0.01990518877646345  0.02266016388512725  0.02530059264011265
  0.02795165765061056  0.03063498499364406  0.03337145572089344  0.03599646475081961
  0.03850147919918902  0.04093451999945852  0.04355600997246370  0.04658755573224767
  0.05005152240910202  0.05345431669918260  0.05689912682596324  0.06033558115201516
  0.06387657547720063  0.06765505218143308  0.07143381044923833  0.07534640231322642
  0.07936222233649846  0.08357828816847857  0.08793689395632807  0.09213615167374137
  0.09621116503369256  0.10051430357635484  0.10439304746725700  0.10846288392368630
  0.11290805808904684  0.11844642992810370  0.12437019634548645  0.13060381684468816
  0.13688814817053127  0.14318349630252203  0.14990118415043674  0.15687242197036419
  0.16407880917373072  0.17175923282383809  0.17930132900270826  0.18698249580875981
  0.19519386927533289  0.20386185201664894  0.21308131911081865  0.22315863964398952
  0.23400311650290603  0.24520919213595993  0.25605584603409293  0.26637644052892362
  0.27650429104130869  0.28672209252358549  0.29754313483765554  0.30682372311861300
  0.31589766402872049  0.32543311207266723  0.33543020178685440  0.34568870085367220
  0.35599933655437277  0.36628737818863510  0.37654144729421513  0.38715984155735539
  0.39763247351918107  0.40848805496262897  0.41968662208282481  0.43168782255669913
  0.44499013470046728  0.45788036765633855  0.47088521036781605  0.48371766284361201
  0.49715289958810932  0.51001559076219349  0.52171502963351346  0.53319511216500470
  0.54595946982316235  0.55817348623018115  0.56986805277229324  0.58264194536453695
  0.59582515644294098  0.60925285074396551  0.62315070879013135  0.63824048509126630
  0.65441972107932289  0.67147861772882167  0.68894716071891904  0.70710217849794210
  0.72776767972119372  0.74361002755761108  0.75165222252776898  1.00000000000000000
 -0.00001819599224499  0.00146867893009567  0.00376780646745892  0.00629019351440198
  0.00896845103683111  0.01211399387821979  0.01527429199058587  0.01800736875301600
  0.02086498631983004  0.02408243560052674  0.02750585613070239  0.03088463552423939
  0.03424555735294938  0.03739138521276071  0.04054041133563463  0.04342266993421905
  0.04646657046802103  0.04945949718165524  0.05250621736662907  0.05574845344588579
  0.05922888515148279  0.06283770269759567  0.06655471217127605  0.07011232651346846
  0.07381245457581044  0.07762868269136368  0.08182209728685003  0.08589013061795868
  0.09010567521590353  0.09441973570073946  0.09891572626639844  0.10343666177395167
  0.10808183018800881  0.11252773906223168  0.11669857172225996  0.12080357188868865
  0.12481744074666334  0.12880702067685987  0.13278849756078592  0.13687191931289241
  0.14108385689845251  0.14518050114788175  0.14924074388944872  0.15326837641973096
  0.15736042347219306  0.16165219952247728  0.16645571405248435  0.17164802487321906
  0.17670171802576665  0.18137632877517790  0.18630276518528449  0.19186720825082354
  0.19764012760699326  0.20366856151394974  0.20990822020826716  0.21616296474580596
  0.22247650588101256  0.22861853288328723  0.23510920880635330  0.24218338876428752
  0.24951241290882556  0.25699139148334460  0.26448013078661137  0.27279485971393547
  0.28146893333193401  0.29018868840229717  0.29930230701473143  0.30856617079654364
  0.31783436106807822  0.32713571425816562  0.33660578670013597  0.34733575000509054
  0.35840082472892532  0.36949386647780957  0.38103442956840206  0.39300750667850753
  0.40507268636314869  0.41653123823266902  0.42869022276155772  0.44208216362733099
  0.45665725262549872  0.47181933296319734  0.48640034545314675  0.50065284657128251
  0.51472511254204856  0.52881912913982487  0.54351905974763892  0.56074257471895750
  0.58238119862710924  0.60503087995003602  0.63239757631909088  0.66482202031218096
  0.70364343714111044  0.74161604837054074  0.79749209691029055  1.00000000000000000
 -0.00002801561101785  0.00197971677116440  0.00489320636944572  0.00831882610495169
  0.01239884660098093  0.01694215948073141  0.02156838974736269  0.02575114233706853
  0.02997203268704770  0.03448523830714602  0.03894193949109562  0.04323235482115916
  0.04749981775484576  0.05173471134796769  0.05572171479571993  0.05994884912864208
  0.06461557419233002  0.06967260715289136  0.07459334667424604  0.07944226293078935
  0.08422731507939756  0.08911085989671853  0.09414492128133850  0.09921506410896645
  0.10430893603137883  0.10940356714789370  0.11451751982143786  0.11966299215135692
  0.12461384069415914  0.12967389797630785  0.13458102366256453  0.13935042532889658
  0.14411181969450321  0.14909786601457636  0.15422017435407906  0.15962447608402161
  0.16493367332305495  0.17020427193821389  0.17553390173906605  0.18089710037952078
  0.18636830174594632  0.19192371422516774  0.19743351452839189  0.20277348566940581
  0.20814828894335180  0.21351058407738818  0.21895127660781621  0.22453863918245226
  0.23009450656989650  0.23622978435816544  0.24304169108559573  0.24986496151021886
  0.25645592492341751  0.26285904286158868  0.26913765130264550  0.27547448026144417
  0.28226607569526097  0.28927490680692575  0.29619558944460939  0.30412292979490957
  0.31272258040073575  0.32082973986327434  0.32871563615218458  0.33672280769847029
  0.34450711482679830  0.35253997013628263  0.36091415059708082  0.36957797678629800
  0.37877580502149510  0.38813292455375786  0.39781362201965659  0.40774164845444832
  0.41768667500650158  0.42844718191742981  0.44023006526256486  0.45239199154818455
  0.46616702466449617  0.47977563154598224  0.49432222770999068  0.50944398477517472
  0.52490101829373270  0.54035954826039345  0.55533821467966848  0.57036222233788469
  0.58651882165860270  0.60289297115560658  0.62125943784748328  0.64226268169049605
  0.66626758895707761  0.69042462943889993  0.71548583262754839  0.74267198536077328
  0.77282928073646695  0.81922890774317292  0.89510016367910594  1.00000000000000000
 -0.00193874868047855  0.00622763869730086  0.01388316609376819  0.02155527143115207
  0.02945096995023212  0.03750465794110151  0.04554000462693130  0.05397127584177051
  0.06215580155654139  0.07060166014845927  0.07960051217008068  0.08921400354556287
  0.09959063414736570  0.11119669514482412  0.12261854453135218  0.13217730328967336
  0.14143819307381303  0.15042703217850303  0.15929067191584459  0.16800541858933343
  0.17657362790540082  0.18511804175687405  0.19607122002420346  0.20834910012626442
  0.22067440686421866  0.23293588025243420  0.24485919401869810  0.25630736876159771
  0.26741135864177262  0.27861854178468781  0.29003838912744284  0.30095379662742650
  0.31074998056280051  0.31963664565764849  0.32888065892691254  0.33912136467471621
  0.34948459707070945  0.35965405904499015  0.36874746880127662  0.37755180889441892
  0.38717319994640520  0.39815366069753710  0.41048792442201359  0.42098249737851806
  0.42898464741905273  0.43672207579491173  0.44505157891817743  0.45383336515841560
  0.46262980456947267  0.47122038860783050  0.48009613312337041  0.49069660940179277
  0.50147549925757118  0.51197861026383562  0.52340108773804961  0.53698841437718037
  0.54992756093827189  0.56306705275762248  0.57485100673460610  0.58720429080043035
  0.59941908027900814  0.61154190745626247  0.62377394097323335  0.63620509717245943
  0.64828007101769292  0.65995449869758105  0.67234799394308975  0.68490886319790933
  0.69748076066353082  0.70987628768835676  0.72235322626148557  0.73517521095209792
  0.74842596518782833  0.76122371187283733  0.77416378948556031  0.78726276627560487
  0.80034470280153935  0.81325881382128262  0.82748830065292933  0.83943467241826919
  0.84917517987745927  0.85928285138385674  0.86974961927164984  0.88010790983584397
  0.88996814197694318  0.89950984498380226  0.90908980233573422  0.91851712514688477
  0.92799658146889297  0.93729093877256631  0.94645782664451261  0.95520532920124945
  0.96487778042787897  0.97608955409558906  0.98769996747969380  1.00000000000000000
 -0.00201511795754983  0.00930977375576712  0.01935957199990980  0.03005991813650833
  0.04083917679510222  0.05188095860357107  0.06313831672650824  0.07574321163784019
  0.08834946151232301  0.09949421304261057  0.11072127213009000  0.12122820924155557
  0.13105638623473814  0.14093990366585668  0.15079679752047984  0.16245153483442890
  0.17557798526922799  0.18768651725015562  0.19835957267845342  0.20786680570967089
  0.21684668410882432  0.22567779606657118  0.23488204982744573  0.24488201064990622
  0.25523458208625582  0.26525102927824867  0.27536021501726893  0.28604067647445269
  0.29744345069471434  0.30901843848654448  0.32091034182770262  0.33203754140953518
  0.34225308601131821  0.35259878492146290  0.36316091304815307  0.37375517416889903
  0.38477970806758910  0.39575145693744407  0.40786137391397664  0.42011956370302672
  0.43234092413301223  0.44265585288373482  0.45197274062129333  0.46130480820570491
  0.47131232951217983  0.48139718826040923  0.49157372279585215  0.50131615124403739
  0.51156925122692265  0.52016425018072210  0.53011000158550081  0.53992044661093552
  0.54994530340850711  0.55962481389422214  0.56959888305038564  0.57987902368499156
  0.58979071821885354  0.59979655311649538  0.61052769871188683  0.62206560477485817
  0.63426478029438849  0.64630866639661355  0.65884340694027699  0.67178550363994105
  0.68472328446197317  0.69578739306588233  0.70548351920608943  0.71409216750329407
  0.72242004054603626  0.73164166132863095  0.74102501903183582  0.75037855987355317
  0.75960232675288797  0.76846622473161075  0.77766555876494248  0.78802278599148068
  0.79918529392996129  0.81075621336334414  0.82142078483110770  0.83187956903815741
  0.84232428106465673  0.85269547733659246  0.86353685653492296  0.87420068789796257
  0.88598949447961728  0.89723757613004840  0.90711912870631961  0.91703552355084095
  0.92631001819005176  0.93553576448655418  0.94537862308478859  0.95454300369155975
  0.96454749336248546  0.97490851409299106  0.98708629531164105  1.00000000000000000
 -0.00173520231996638  0.00753292892699398  0.01622428546779758  0.02667628101086537
  0.03700784060871571  0.04777320689587763  0.05901655609614608  0.07033035788934586
  0.08213257632468295  0.09412861853762899  0.10637418425196146  0.11864760171306954
  0.13101916818347284  0.14329707227986496  0.15521384383973807  0.16678120455923864
  0.17782366637212116  0.18810909085097136  0.19762366271473966  0.20714044988193850
  0.21753841209013272  0.22848966463838391  0.23882529620156348  0.24798597247780768
  0.25748828017594355  0.26719374615802982  0.27726634517433679  0.28712432460986670
  0.29656037214723713  0.30623568681849639  0.31531265879440418  0.32392192224159416
  0.33318901009829538  0.34266401573470201  0.35224270375146621  0.36196018855468953
  0.37205929676181732  0.38295276548003671  0.39409230889509289  0.40482342317073133
  0.41611711196204287  0.42776558140956233  0.43974071342084087  0.45199079351614901
  0.46375575965332899  0.47505836026604809  0.48555971099779816  0.49577333924351746
  0.50626037498601828  0.51601978516781388  0.52562304546359628  0.53503551851620135
  0.54448503244738666  0.55443625219461889  0.56465783929587809  0.57634674489722815
  0.58828420849391627  0.60064858878935601  0.61136413139646051  0.62145666033901403
  0.63047318915400363  0.63951216405560629  0.64868945206875905  0.65752180122896686
  0.66682192802157447  0.67631811174176015  0.68585847634674391  0.69547883646468178
  0.70512170187387535  0.71487708021855756  0.72459954544440264  0.73449406716279597
  0.74417463349380542  0.75433654593943367  0.76452073052038427  0.77497101259911805
  0.78519233943626165  0.79604994988572531  0.80750271610605184  0.81894706559410069
  0.83030478213993097  0.84145994622575415  0.85269128762640622  0.86450301284431874
  0.87651593024368324  0.88839677729496114  0.90020631186046085  0.91045687616885151
  0.92163490534583381  0.93195894621600062  0.94226140232919664  0.95304265781759501
  0.96466241300940692  0.97639901191690737  0.98823877036113228  1.00000000000000000
  0.01136528371589088  0.02912973514503444  0.04663548781899760  0.06226642885147771
  0.07575699424281004  0.08790512502290591  0.09914438996584386  0.11093932967056523
  0.12405552560930395  0.13784555739337817  0.15077235640648226  0.16153276144007608
  0.17243980758993929  0.18338720494297650  0.19468133114327513  0.20540917096578015
  0.21483105010554862  0.22337414071702102  0.23156920618467391  0.24003648186232779
  0.24871833501749441  0.25768811727975838  0.26666400859440159  0.27562071546073003
  0.28466301934468946  0.29359420875164977  0.30259002255745382  0.31169541931357236
  0.32081352775372429  0.33023968572171541  0.34168352195592294  0.35331453350202591
  0.36473376680928160  0.37535205613087835  0.38564071656702642  0.39536316588186315
  0.40371138764639197  0.41193454766189258  0.41990107963782447  0.42819098541911255
  0.43677244747002786  0.44543400121052923  0.45457783909096544  0.46447450632551690
  0.47523724008773799  0.48548670120212351  0.49486067380378501  0.50389960000925638
  0.51237952011815346  0.52068184484857194  0.52862323743643835  0.53714545127966051
  0.54616870484492575  0.55575791772368832  0.56526967288891372  0.57445597245721780
  0.58371586630406480  0.59306660105000886  0.60267775793759026  0.61112436659203972
  0.61908602939622215  0.62719986397700911  0.63520033325302117  0.64295465501433635
  0.65061570410650627  0.65855862881325611  0.66711766434700459  0.67583125512776043
  0.68402925895978928  0.69148010403812543  0.69865617249397782  0.70596013379962319
  0.71301601560324501  0.71999482397159564  0.72726671509443053  0.73501700586698593
  0.74318832377203625  0.75072692543204045  0.76118338446411804  0.77130925592806932
  0.78178104016846106  0.79291466010825296  0.80484808566512878  0.81596309579056725
  0.82571254295237961  0.83583100412114708  0.84558340971720325  0.85591574970132211
  0.86591560711776372  0.87679170485284841  0.88857120766538911  0.90113674846941860
  0.91593785051922283  0.93613263588961360  0.96308367899234770  1.00000000000000000
 -0.00151601731680155  0.00622841666227489  0.01264870461401833  0.01857279238021039
  0.02490907999045512  0.03127245076069163  0.03797607904606320  0.04489768278568589
  0.05170501603285985  0.05839395639868269  0.06568162420832484  0.07383476782477223
  0.08212207425419818  0.09001735274137085  0.09781565912179967  0.10550672700053551
  0.11334725085181520  0.12107355358327763  0.12919118978728641  0.13789224579235410
  0.14694118753269222  0.15615693581776025  0.16554586354995718  0.17530859889487427
  0.18534209111307395  0.19480319454142916  0.20366581689387192  0.21279594345667932
  0.22265991696187290  0.23355824052041030  0.24519852371426787  0.25827812151065005
  0.27211917680985226  0.28507401108528835  0.29761150097935363  0.31047544665975602
  0.32337284137635480  0.33731725864373358  0.35123810162935037  0.36688321490870490
  0.38376385988560879  0.40242078159320649  0.42147090879367871  0.44066400779755488
  0.45579256963409248  0.47055257292236785  0.48609380172210637  0.50344249352049764
  0.52309500460847047  0.54392667765426239  0.56262278122546050  0.58085852317348485
  0.59712836764587252  0.61198991255732971  0.62595652993748363  0.63943019138927792
  0.65285491755956238  0.66561451961772677  0.67721979560852463  0.68814707336583425
  0.69914816356560283  0.70933553900285984  0.71865886910413457  0.72805447661907308
  0.73825233333220097  0.74874118593786954  0.75869412341176667  0.76842244378137758
  0.77871489658236825  0.78977887637799415  0.79935392053409271  0.80756852785461009
  0.81565383390349500  0.82360765055665586  0.83161213185067606  0.83975047484185872
  0.84796328316759217  0.85668512066830393  0.86749508958611710  0.87766376939045410
  0.88706474060469298  0.89610830422618715  0.90497814572054780  0.91333095473536685
  0.92098883393731967  0.92765451961548850  0.93444413814900962  0.94173398759978799
  0.94871541262008230  0.95617566123143538  0.96351855787241403  0.97085319156450445
  0.97798786123016657  0.98514685166903437  0.99254674606502924  1.00000000000000000
  6.18115227940466570E-014  -1.0000000000000000     
 T T T T F F F F F F F F T T T T F F F F F F F F T T T T F F F F F F F F T T T T F F F F F F F F T T T T F F F F F F F F T T T T F F F F F F F F F F F F F F F F F F F F F F F F F F F F F F F F F F F F F F F F F F F F F F F F F F F F F F F F F F F F F F F F
  <DiscreteSampler_grid>
  grouped_processes
  1 # 1 for a reference and 2 for a running grid.
  10 # Attribute 'min_bin_probing_points' of the grid.
  1 # Attribute 'grid_mode' of the grid. 1=='default',2=='initialization'
  0.0000000000000000 # Attribute 'small_contrib_threshold' of the grid.
  0.5000000000000000 # Attribute 'damping_power' of the grid.
 # binID   n_entries weight   weight_sqr   abs_weight
    10   10   2.078005147544570E-006   7.988208940818211E-012   2.078005147544570E-006
  </DiscreteSampler_grid>
