  0.00154901650809823  0.00156251284136720  0.00159523373564310  0.00162675833329740
  0.00165593274930843  0.00168366574768482  0.00171007460179403  0.00173530695177177
  0.00176042563321624  0.00178609287088979  0.00181235838192053  0.00183909768103039
  0.00186638662791224  0.00189282912857834  0.00191903942964794  0.00194540672410655
  0.00197233988130702  0.00199968112691643  0.00202734495590193  0.00205548193119886
  0.00208397948503663  0.00211250290649002  0.00214186386013065  0.00217179415970710
  0.00220266791412155  0.00223440840352422  0.00226602226317551  0.00229676258201403
  0.00232746762191167  0.00235916972028793  0.00239169279818007  0.00242812195856890
  0.00246290783467288  0.00249715564251989  0.00253172208649401  0.00256687500374469
  0.00260380127696920  0.00264381389754451  0.00268468680241940  0.00272610731954139
  0.00276798843041629  0.00281317769005297  0.00286013727729676  0.00290693877824295
  0.00295323261443706  0.00300031424952929  0.00304968434646297  0.00310085743618806
  0.00315274320297482  0.00320354385720540  0.00325607629843750  0.00331119992618267
  0.00337083484132799  0.00343253437644085  0.00349584289999575  0.00356135300033168
  0.00362887268492351  0.00369937527693105  0.00377326034462139  0.00385002365197052
  0.00392800432469264  0.00400681175218453  0.00409325546587733  0.00418683343683231
  0.00428088485187185  0.00437762135264737  0.00448027041802970  0.00458614144005763
  0.00469481517455542  0.00481099561543708  0.00493409691113647  0.00506504616379011
  0.00520754003795914  0.00535631266531069  0.00551002742122913  0.00567099822458597
  0.00583970008244268  0.00602742897261842  0.00623436380886506  0.00645516935426704
  0.00669606136869994  0.00695038454831145  0.00722720123594022  0.00752751553317225
  0.00785894714047124  0.00823198726334833  0.00864723589624882  0.00914011206056722
  0.00970190180222995  0.01034730661248460  0.01111658885139289  0.01206208812081715
  0.01332443574161451  0.01516932782676933  0.01781885616285449  1.00000000000000000
  0.05133820025007130  0.05234367462271532  0.05419870678020983  0.05585534385917892
  0.05744029151164591  0.05899057175221322  0.06054048419193569  0.06209564471629198
  0.06385222924087343  0.06561887343154237  0.06735888824829364  0.06908710637379710
  0.07079932781325150  0.07244662108540725  0.07404001199318504  0.07562421472645635
  0.07718993420718018  0.07872944589862375  0.08023975014830327  0.08172856337245361
  0.08318788828321570  0.08461420458437603  0.08602525569439126  0.08743643665544090
  0.08884852437034074  0.09023853893468259  0.09158490916239102  0.09291072786934600
  0.09420642492204603  0.09551222862466410  0.09679124295352839  0.09807653273535664
  0.09939826726499072  0.10072432607592792  0.10210058838199303  0.10344457877056334
  0.10473783362131694  0.10599855781787203  0.10726609677627806  0.10856222851892738
  0.10987648055123023  0.11117718325451457  0.11247026041724748  0.11377637572276102
  0.11507722410618607  0.11637411613545741  0.11767071294757302  0.11896924969922060
  0.12024735184902786  0.12149223931697459  0.12273531079789235  0.12399556893175652
  0.12524960024733472  0.12647734225537385  0.12771039083604804  0.12890349238069593
  0.13008124073489660  0.13131249521793323  0.13258388592262282  0.13392754444469365
  0.13524784971731044  0.13654066242505447  0.13773125357384577  0.13888608782826325
  0.14002854371978701  0.14118189093378311  0.14239454335847618  0.14365819956888173
  0.14495816611274645  0.14631208978600740  0.14771571681522638  0.14913758192585302
  0.15054679754490549  0.15189485905761585  0.15322847093106218  0.15455179286476459
  0.15591065353066794  0.15732031342202826  0.15877408511197069  0.16026133985296084
  0.16171535876999305  0.16322270941740635  0.16480041410470600  0.16638576199466532
  0.16800522888137248  0.16959791709591784  0.17126975250130472  0.17302956369416225
  0.17479166562730300  0.17670893579203267  0.17868857166713781  0.18086633329250329
  0.18339447687922666  0.18631619594541113  0.18846088465506569  1.00000000000000000
  0.00688698237015281  0.00842814277864028  0.00916736051355812  0.00985063810565185
  0.01054280308314403  0.01122902356976455  0.01196083147172979  0.01284036747727885
  0.01371019698579841  0.01450234000535726  0.01530669278652421  0.01612444462361615
  0.01698226585411678  0.01783512962180364  0.01870003155389038  0.01959254166754250
  0.02051136338519591  0.02145639928140284  0.02243146454921361  0.02346084372295077
  0.02453556821149976  0.02565858700295831  0.02682022580154637  0.02800316276213722
  0.02921495336149922  0.03047352856298433  0.03177183948355621  0.03309071993821877
  0.03442407942295552  0.03577285685681181  0.03715651828123598  0.03860575375948065
  0.04018602483542619  0.04184431263474044  0.04354418380384079  0.04527196669679586
  0.04711287633959985  0.04901947090305082  0.05096948479661532  0.05296438642376808
  0.05501961178918144  0.05709304055504948  0.05919952962171508  0.06136359680688322
  0.06364700797404624  0.06601619184343140  0.06846843577846656  0.07098139701929806
  0.07357408636726960  0.07619925347801906  0.07887518923912613  0.08156916893312742
  0.08436744362213655  0.08722077337205648  0.09009171130782997  0.09299308613818606
  0.09593688108952972  0.09915932065777955  0.10246923012055807  0.10583684169826785
  0.10913771297903414  0.11242242449583592  0.11572300385852115  0.11899437881961923
  0.12222747812303773  0.12544128135285182  0.12869655698192595  0.13202842519596994
  0.13537769539857419  0.13863873572363253  0.14170546766129036  0.14455618504104889
  0.14750181835177451  0.15061239085864281  0.15386880960564231  0.15713434173592938
  0.16039149880818546  0.16372376863099189  0.16715980428442739  0.17043839737579744
  0.17341576434628544  0.17639121722933743  0.17952830839067313  0.18279046442524521
  0.18607493922504056  0.18928283895844733  0.19204044094057582  0.19481036566644888
  0.19753679405852723  0.20017065561322436  0.20270535269383266  0.20580865965841899
  0.20988333042747284  0.21170475463465180  0.21191257159533716  1.00000000000000000
 -0.00273126914506670  0.01106529575472734  0.02257854932461903  0.03389987112676077
  0.04499559912027765  0.05536395904012950  0.06599651142846501  0.07642904477980127
  0.08670897926675529  0.09713080659941449  0.10778188658606601  0.11953408670401224
  0.13112330331192551  0.14262532605799369  0.15358885085706248  0.16485552400759027
  0.17562778950877733  0.18658449521779885  0.19699424629795409  0.20747031544544672
  0.21776377999295241  0.22799978933208312  0.23874236275255992  0.24967515757838360
  0.26075431290010409  0.27190829578316505  0.28288922228608882  0.29376366833800438
  0.30424659564548195  0.31495122863794683  0.32590703218503653  0.33654833345760826
  0.34675446582796732  0.35693095021612081  0.36718304575777166  0.37725164458579125
  0.38722485826443015  0.39734554760787866  0.40763157741664580  0.41791729665017419
  0.42796810611154146  0.43773961042919746  0.44712951440526871  0.45643629173297418
  0.46592529537908078  0.47566707884681292  0.48564395149562745  0.49548902470370471
  0.50509409914047898  0.51461333336810622  0.52429135725130571  0.53442864342640872
  0.54459990699296390  0.55481659762935620  0.56510256165379602  0.57545689717888382
  0.58589065019816711  0.59639059985685983  0.60655277191700518  0.61676204666077605
  0.62673989250043760  0.63680444472406583  0.64657506827017719  0.65648532468602727
  0.66661591104907736  0.67706200479294754  0.68764884219619460  0.69823894637569173
  0.70878533589618531  0.71930254321687226  0.72972892947820212  0.74038640142626244
  0.75140186148333410  0.76242368159277563  0.77318790364610535  0.78342422307793880
  0.79340402009263400  0.80301296845484682  0.81242663620173583  0.82216709992347992
  0.83248190764128616  0.84363183697989208  0.85554813792857620  0.86757493029047483
  0.87897076285070275  0.88993672369698540  0.90062316258494701  0.91115861218159555
  0.92152360640572495  0.93178023699688906  0.94227044643598190  0.95320456139443632
  0.96446392005858861  0.97621202601671531  0.98785725629683996  1.00000000000000000
 -0.00262373336393022  0.01058373440376904  0.02157052327926423  0.03280102624125658
  0.04390195928559205  0.05485778738533983  0.06563571938243043  0.07584059877801450
  0.08649889575357733  0.09735034590561235  0.10835539812678280  0.11918352243437912
  0.12976302660655431  0.14052023047655851  0.15113447519087952  0.16171691559199308
  0.17187029216912175  0.18208565149513323  0.19247597706053574  0.20303803441520507
  0.21347277368744288  0.22405718220951401  0.23493722923664156  0.24577292540089399
  0.25698529682443855  0.26791135790098619  0.27848715307613953  0.28873058979150407
  0.29886747225064009  0.30917223527980608  0.31947433543841447  0.33012919447151640
  0.34115593563259095  0.35211986215384528  0.36282986193453154  0.37338265107085772
  0.38357451328774900  0.39393030494093323  0.40367245601624946  0.41334468551283587
  0.42333374715937655  0.43391826769314307  0.44496327690485388  0.45576448337949155
  0.46631084441982862  0.47683827108519816  0.48741343979386059  0.49745839415330168
  0.50734505306891042  0.51711803091904729  0.52690505671321597  0.53681019646897965
  0.54661901427225545  0.55650575248998635  0.56647844932862124  0.57668468405297313
  0.58751552474158886  0.59829507212876798  0.60838379840419754  0.61824649271475329
  0.62814265217647081  0.63825210900346763  0.64848218896023746  0.65845492174201581
  0.66848245938852335  0.67855394086264542  0.68885745463537196  0.69904983886021121
  0.70909590992068994  0.71916540547736607  0.72879968001204443  0.73862804371428625
  0.74812017310401635  0.75819285807171821  0.76834124332334441  0.77927780097118560
  0.79067144363273856  0.80194332326983786  0.81287921184140166  0.82318580928382012
  0.83350095057895890  0.84430874044159832  0.85564104205570846  0.86683530939368636
  0.87779789454838919  0.88871584423683303  0.89963587149364510  0.91103374186886865
  0.92288528339654141  0.93510156639115682  0.94609164335178553  0.95706147719203893
  0.96752673103205478  0.97836054352209290  0.98901164031131428  1.00000000000000000
 -0.00538770506308789  0.03292599537757358  0.05611221286576098  0.07424436696489960
  0.08987886747634226  0.10388277223713238  0.11669263402076098  0.12932631653501886
  0.14182116952171259  0.15388169767033547  0.16547080654378471  0.17687426915918888
  0.18804076600212843  0.19949330671227392  0.21065097618226675  0.22160797331769364
  0.23249686564874897  0.24375515189790303  0.25518584631784363  0.26676714388662365
  0.27826531253951231  0.28957549219242734  0.30031568502614192  0.31104080573100235
  0.32226269762713750  0.33343914143058051  0.34480985943429476  0.35626001909453509
  0.36812734398986841  0.37968978590732855  0.39138011197343159  0.40309369124753591
  0.41497138148310081  0.42693961722409912  0.43902372240010173  0.45103979453867166
  0.46285212056790209  0.47463430432692549  0.48629812523415705  0.49788258086029369
  0.50942931931622815  0.52094459763600964  0.53241905587344174  0.54373349785993585
  0.55481845215027359  0.56610819896665143  0.57771490759836430  0.58917974223148784
  0.60005525016142158  0.61066571249007895  0.62141536940818520  0.63211109903683282
  0.64258252818107919  0.65297634142168937  0.66332516029934374  0.67368987970624483
  0.68399910703590039  0.69444911731621262  0.70479979783947189  0.71513302277396040
  0.72556133351013608  0.73599504667729476  0.74624824811161650  0.75605262262981610
  0.76577415738802324  0.77539567723114833  0.78468316315265629  0.79376949693741827
  0.80215554441496895  0.81042135503576174  0.81850943917663244  0.82650330996104038
  0.83441832131237437  0.84225382577687724  0.85021625946874080  0.85810462604080673
  0.86602485490743775  0.87377951144546750  0.88154167634958358  0.88938582920043996
  0.89707481261576905  0.90466341482252721  0.91222559655983770  0.91950028773823245
  0.92666711078427810  0.93365366768838132  0.94054558475529837  0.94730163410188706
  0.95388477029442198  0.96053390086423007  0.96736345355374054  0.97423059222884201
  0.98110988914944808  0.98778554969916366  0.99402919831250214  1.00000000000000000
 -0.00248481673747123  0.01036356135039041  0.02073880379967569  0.03164992713291315
  0.04232530405075025  0.05359521447558693  0.06451078712998697  0.07560777616672364
  0.08621554880106386  0.09649499252096370  0.10675083305358447  0.11746170751486104
  0.12804329145506885  0.13856683251416799  0.14931058074675929  0.16068560333549167
  0.17190523342511918  0.18242842928769398  0.19236274827844294  0.20230461680084783
  0.21250034313221627  0.22305912306987707  0.23369077171174149  0.24437601792934921
  0.25521604413789267  0.26590501196258398  0.27628567800129722  0.28685325482496915
  0.29777535170449981  0.30888241908580666  0.31967018508096307  0.33042242508604575
  0.34137724292616067  0.35239363293077386  0.36312887104335090  0.37341271331582748
  0.38341330875660468  0.39365499057908188  0.40422202964342480  0.41475024440054947
  0.42496395654476704  0.43493676608614218  0.44494289639864615  0.45502709003204844
  0.46539120190127897  0.47616969436267520  0.48666835474570175  0.49677753677083430
  0.50692576859105642  0.51730274779223706  0.52767993244679900  0.53770194114198255
  0.54771775714697635  0.55782326571372443  0.56820017070943207  0.57873493873034731
  0.58940206818388630  0.60008991249576649  0.61058254888733210  0.62106556424065984
  0.63155355238594846  0.64208607920516414  0.65259647495956619  0.66310760220459231
  0.67378675010757494  0.68472794617100619  0.69573145183073648  0.70628554044929637
  0.71631423890249346  0.72615643680987907  0.73633437684904046  0.74679814144396972
  0.75729475581560657  0.76751575883220269  0.77752976882212266  0.78752798735882468
  0.79764680584658532  0.80780552681230366  0.81845112029272893  0.82924166488909212
  0.83985390106319424  0.85024118464472198  0.86062790945650547  0.87158773118371102
  0.88254180621372347  0.89339180535320539  0.90402599119328464  0.91369335562521092
  0.92376819754341966  0.93385944694426593  0.94471339979300517  0.95563467971509375
  0.96674754413737851  0.97796488241445689  0.98898262776801649  1.00000000000000000
 -0.00249814152488306  0.00998633041455491  0.02054383948111944  0.03046376386867640
  0.04067063135714737  0.05088308123684489  0.06183022729574958  0.07250698085932596
  0.08303850202687420  0.09391662714958147  0.10508966237479919  0.11587711195826740
  0.12633375623316703  0.13654727708459694  0.14680539206742441  0.15697104466291723
  0.16719996819764132  0.17757796610974400  0.18790611622431547  0.19794260870719180
  0.20811011119193354  0.21903886528202238  0.23027604968534507  0.24121483568992275
  0.25193825967000888  0.26236609947161377  0.27252783814901083  0.28247852747940638
  0.29280686188725707  0.30339601035550717  0.31382695491776125  0.32415744454750495
  0.33446442776586155  0.34497872627746884  0.35574955586539020  0.36664965605417943
  0.37716085195295201  0.38720854409936528  0.39698875688002583  0.40692443692839908
  0.41719615919612801  0.42799793473901054  0.43879968949562598  0.44949372472290544
  0.46027929582585436  0.47106410452732550  0.48181939029636750  0.49215224697924265
  0.50226941692555038  0.51183842279873626  0.52137388876156521  0.53086552980074619
  0.54065281968418777  0.55044561530668434  0.56028561683295930  0.57042566270789807
  0.58115292557671050  0.59246125896394219  0.60407714930557632  0.61538001650842733
  0.62644779666381301  0.63737625241642637  0.64851035546014602  0.65987432743658736
  0.67119567711215677  0.68240151999355381  0.69332953721541923  0.70387165684426456
  0.71445502286827112  0.72509403990658561  0.73628027445563671  0.74747874375183232
  0.75871653725735311  0.76967402381312722  0.78047011976202052  0.79083223953049675
  0.80147880740774169  0.81228757180042199  0.82332339023674372  0.83355234814895607
  0.84398708238822162  0.85457917454640231  0.86509688605660195  0.87570016430076980
  0.88617156233593386  0.89681969052262600  0.90693957009452519  0.91704305427489130
  0.92731258205879308  0.93726356580223369  0.94755865490589841  0.95762918241180239
  0.96815708597456474  0.97860243052024365  0.98932914017245921  1.00000000000000000
   2.3136423108972817E-009  -1.0000000000000000     
 T T T T F F F F F F F F T T T T F F F F F F F F T T T T F F F F F F F F T T T T F F F F F F F F T T T T F F F F F F F F T T T T F F F F F F F F F F F F F F F F F F F F F F F F F F F F F F F F F F F F F F F F F F F F F F F F F F F F F F F F F F F F F F F F
  <DiscreteSampler_grid>
  grouped_processes
  1 # 1 for a reference and 2 for a running grid.
  10 # Attribute 'min_bin_probing_points' of the grid.
  1 # Attribute 'grid_mode' of the grid. 1=='default',2=='initialization'
  0.0000000000000000 # Attribute 'small_contrib_threshold' of the grid.
  0.5000000000000000 # Attribute 'damping_power' of the grid.
 # binID   n_entries weight   weight_sqr   abs_weight
    10   10   1.111597680090379E+003   3.548863120426230E+006   1.111597680090379E+003
  </DiscreteSampler_grid>
