  0.02510730610639624  0.02823829175384018  0.03343925454316592  0.03863789587773551
  0.04391575542680909  0.04941276158004815  0.05522434696998182  0.06131432016959902
  0.06769426260566633  0.07441507818526376  0.08125333591182302  0.08859520551017559
  0.09579788177652249  0.10284115375378988  0.11024015170242712  0.11800953294831035
  0.12593637799463031  0.13406897318037719  0.14236832315587103  0.15122499139905404
  0.16030360499022286  0.17060398195417478  0.18132913430660355  0.19135345341423068
  0.20059084180496350  0.20966403360151342  0.21868786322340378  0.22756479091209383
  0.23593964638864404  0.24398817613867396  0.25235156768611811  0.26131212113308594
  0.27075228549830593  0.28013209337072037  0.28943032413691255  0.29913546081569758
  0.30902574130647126  0.31857802983200495  0.32789509770754244  0.33723027459895771
  0.34641639613809472  0.35524955885225529  0.36395962069152837  0.37299239553366403
  0.38289259960957861  0.39333199325516238  0.40331602576787079  0.41326891159127616
  0.42276084804553360  0.43248033426523019  0.44201230757027338  0.45158408497797808
  0.46164021943119254  0.47206108253366930  0.48307405845356960  0.49400644836281582
  0.50416007299161447  0.51452201228319960  0.52528420062140591  0.53628037087404534
  0.54708196385087460  0.55774889724041965  0.56911144307916095  0.58086748934283339
  0.59200810210843346  0.60228763918029793  0.61195118892749878  0.62138063469787619
  0.63104979365093938  0.64098835863186865  0.65167319751573538  0.66283027283044393
  0.67410663576645624  0.68552990267695613  0.69719956329661958  0.70897737429100838
  0.72068826215229287  0.73239316657914078  0.74386166215340155  0.75523363688673639
  0.76645006828960005  0.77794379689653725  0.78867172518248363  0.80097114326617735
  0.81363930205024471  0.82744357869574348  0.84170564882397492  0.85619650964618654
  0.87050679506444795  0.88505507724395960  0.89979149513908174  0.91548119276160678
  0.93292992046149881  0.95469983057714858  0.97779162137335496  1.00000000000000000
  0.00038497124880171  0.00278089930919316  0.00570524569585114  0.00902280033749427
  0.01269816986919268  0.01632643130068388  0.02011026525607096  0.02401787270705626
  0.02784111659566441  0.03151494999119701  0.03517377843755200  0.03901880121059904
  0.04274101577286796  0.04640137489188912  0.04979406594276811  0.05307901959212968
  0.05627323471975777  0.05945800329400325  0.06259238492781158  0.06559967006192875
  0.06855289118806043  0.07140637755472472  0.07430702239699005  0.07726835845689016
  0.08027956052296480  0.08319344896533366  0.08604741906785292  0.08886723629227258
  0.09162774933382496  0.09434750017087348  0.09701611980214871  0.09956057591059192
  0.10197142697343377  0.10431860146330953  0.10666211924234749  0.10901684279359553
  0.11137243884504065  0.11371443898090702  0.11602761979350944  0.11829438032643301
  0.12050040011314213  0.12262223904223250  0.12473422658565583  0.12681955180517077
  0.12889891378667689  0.13098708942884027  0.13305192345629338  0.13508951251055054
  0.13711445015528287  0.13912166373563073  0.14114259538504581  0.14313015644097360
  0.14509383995287609  0.14700339004621393  0.14891188830639357  0.15082314585971082
  0.15272993845827787  0.15464625123493941  0.15657844727105091  0.15850083386416911
  0.16043261397747083  0.16235274267196506  0.16425072104607505  0.16614708488611021
  0.16803329832351507  0.16995484101314451  0.17205869494889930  0.17425087386443933
  0.17656283972707459  0.17888884595601026  0.18119017020552877  0.18345862600232854
  0.18569033259847764  0.18772598817333835  0.18977027486394932  0.19180660495727569
  0.19387390998116713  0.19602998699710988  0.19832090035418568  0.20051866171698454
  0.20270038417130176  0.20497444786170380  0.20733175645793142  0.20965476346579909
  0.21168175125815225  0.21384202881447684  0.21594276238694224  0.21781653708658322
  0.21925349785142612  0.22171553340690750  0.22512903710002943  0.22994843262632789
  0.23371213740660765  0.23616482267438849  0.23616482267440797  1.00000000000000000
  0.00029660961236595  0.00280393159923475  0.00594160826789713  0.00971939184151612
  0.01303209843036050  0.01674248577086789  0.02082041549584043  0.02536969779988120
  0.03007007171016026  0.03466023390307691  0.03921271268431632  0.04414341994516675
  0.04954614250476169  0.05461350110033458  0.05937494781460920  0.06402505295543158
  0.06876528366686199  0.07348826323744800  0.07844393207507448  0.08355056497690914
  0.08849503598598744  0.09318676888265189  0.09781126021668622  0.10236549319783952
  0.10686671085203636  0.11172836624761878  0.11677369490965731  0.12205294054592988
  0.12739228097296082  0.13262629589801325  0.13772224712627640  0.14273207382408498
  0.14770597912985639  0.15270073528885841  0.15770611002058799  0.16269056436114798
  0.16770056251681617  0.17275873444931583  0.17783144016642424  0.18289982630845300
  0.18809446323594767  0.19344062297821149  0.19878036444454333  0.20418329233533608
  0.20967406723662493  0.21532909205384085  0.22096979379178855  0.22675566394893901
  0.23244592226344971  0.23812925497940832  0.24393179373038609  0.24977663186701379
  0.25570597478073653  0.26158352403043045  0.26754759005364098  0.27360609045872331
  0.27962015698626574  0.28553819809984565  0.29145142781199657  0.29743571478301334
  0.30350206480513203  0.30967589425917591  0.31585615156674884  0.32201840079346444
  0.32817912883525802  0.33437498934132265  0.34074315504623048  0.34730075983266373
  0.35428225961448528  0.36129903511566258  0.36822034198744913  0.37522672263633827
  0.38265706069731692  0.39085462655143283  0.39860363991316361  0.40668477206418319
  0.41534045738023345  0.42466411585697428  0.43424848458362203  0.44366045185544412
  0.45309332603980612  0.46370444109713688  0.47472143988304566  0.48551956059780188
  0.49747161530081507  0.51109374530966178  0.52469667013295573  0.53984003436663086
  0.55578112863304618  0.57197507596692720  0.58814185596136082  0.60505595121545941
  0.62373507715974752  0.64499098842057057  0.67980101752270827  1.00000000000000000
 -0.00413015525320884  0.01964994877656124  0.03801877397542310  0.05371800372600689
  0.06761700438559601  0.08103878755923395  0.09428162104409478  0.10672544134040497
  0.11842334487019890  0.13044737376302401  0.14275407416428193  0.15536567442330002
  0.16822707171075182  0.18124638356489467  0.19311117792593643  0.20383227865432135
  0.21450634503931679  0.22552352683689664  0.23633091113034987  0.24669636274552650
  0.25699622741191319  0.26728183276101952  0.27739909360618314  0.28719214260858827
  0.29705481347453228  0.30702999446946017  0.31788296105991498  0.32875060082735807
  0.33882768835698557  0.34816389989023122  0.35828326727527526  0.36890699388215387
  0.37905680350011467  0.38856430590740743  0.39846228096656838  0.40861060261668347
  0.41851414456693886  0.42833791001556010  0.43920583190470946  0.45087730226302103
  0.46272241215823129  0.47480354799345736  0.48701640853259448  0.49871888715353735
  0.50935003100158527  0.51933766002209680  0.52945715272251659  0.53988751445107197
  0.55063884318141465  0.56162901919719821  0.57287471916326960  0.58360102495996224
  0.59336469564176120  0.60252948721757060  0.61154939140756592  0.62057757555911430
  0.62980319459934619  0.63910823930179539  0.64902384000791380  0.65919223024138240
  0.66987232627664872  0.68114169066037700  0.69264731920110489  0.70417598663501635
  0.71569619532798390  0.72690542759239340  0.73747212766662906  0.74773332602236520
  0.75757263808527431  0.76719992174399587  0.77615022958089097  0.78488528578115291
  0.79373161760107580  0.80272893549961932  0.81189951080536660  0.82167751385981591
  0.83157568297649331  0.84087235645478964  0.84993957614464943  0.85915315128063585
  0.86868565128758946  0.87810681775923172  0.88736200639558571  0.89647261324916061
  0.90494812648854206  0.91350920582284001  0.92234009621604962  0.93158172678496287
  0.94026558603729748  0.94843729574516689  0.95671438520301932  0.96563425592065555
  0.97409067810712668  0.98245404476329956  0.99093615974050375  1.00000000000000000
 -0.00261186819086528  0.00980699565824688  0.01998232735350304  0.03093405148615919
  0.04195451503891733  0.05274788632561159  0.06301664390829391  0.07331013038442216
  0.08390535073893703  0.09497162319290310  0.10624096088562369  0.11745692651438165
  0.12895802245317092  0.14077963229775245  0.15329277081417844  0.16452970018275515
  0.17532848288283140  0.18635588277802248  0.19680461030328927  0.20682555036018985
  0.21653515251196023  0.22619841908284832  0.23673325569366241  0.24767007468084273
  0.25923019869244934  0.27110287199996685  0.28262732066112095  0.29349319424272757
  0.30325411751134768  0.31321107703108186  0.32401739279330727  0.33512901905461634
  0.34605274446345974  0.35741509235500485  0.36910730556871524  0.38059459943987267
  0.39179383775267490  0.40273321003246265  0.41342599950842529  0.42327935167562453
  0.43245544152386423  0.44163202172675026  0.45110464395329991  0.46132661228913241
  0.47242168611303725  0.48370136967132676  0.49561683750854640  0.50742480587175942
  0.51932922125052439  0.52996804388090013  0.54046149257300546  0.55111191708382357
  0.56165965333107704  0.57220598332395800  0.58228500108046721  0.59304172563476887
  0.60370903645641572  0.61347334922994656  0.62262300073002519  0.63142218496366254
  0.64050327083956149  0.65013325469382310  0.65927458248928295  0.66880563112736147
  0.67915247615754115  0.69069232280347803  0.70228050066537673  0.71360518053856370
  0.72424739015361494  0.73452577717178713  0.74449315940743999  0.75388310714594142
  0.76281326909938918  0.77220089772246547  0.78240998473150125  0.79298850742559557
  0.80335423718869259  0.81435852615608550  0.82615269797473112  0.83746425026351468
  0.84786277597740123  0.85771737004938975  0.86728553550473408  0.87665828566245929
  0.88616785369758766  0.89583893082132171  0.90577606501169639  0.91565714831025125
  0.92567861394425721  0.93573816645505614  0.94618383584811816  0.95655478643948244
  0.96834285704430401  0.97936657322309839  0.99011250553165486  1.00000000000000000
 -0.00327359874560744  0.01526539212095252  0.03089034993280700  0.04672064898828560
  0.06162636990994341  0.07627618762470591  0.09053520746912178  0.10403614294560320
  0.11692391512584854  0.12922546060614662  0.14148010698588268  0.15352551173567433
  0.16443747848050899  0.17557361836904933  0.18517769875177470  0.19507258760678489
  0.20508091285873539  0.21568488741218300  0.22609796363513926  0.23666656080383303
  0.24732236715174802  0.25835323249251302  0.26935964235129156  0.28062367542871358
  0.29188293990650477  0.30266606763774639  0.31319212818083075  0.32277301112149909
  0.33255525992757184  0.34138731786286847  0.35005821926943514  0.35852438278145798
  0.36693617099829534  0.37537174682647090  0.38402556969425472  0.39268871073297956
  0.40162364021662006  0.41022077927819711  0.41858920327721960  0.42675244319379785
  0.43498621986513075  0.44363840231594465  0.45276265682992362  0.46185836145893211
  0.47116572391395822  0.48065105830192428  0.49009258649198734  0.49914235425742176
  0.50771554020860010  0.51611998394534175  0.52462338837485389  0.53352315845551346
  0.54260463389300473  0.55248304460305797  0.56191903284839750  0.57111393727400372
  0.58032909543605116  0.58899693856083102  0.59763748225159707  0.60625831261572560
  0.61473204520264779  0.62327107398173009  0.63225738149100819  0.64202266535452823
  0.65209947016645342  0.66216971988570261  0.67180931992828963  0.68130995181029230
  0.69078064991509780  0.70037404734279707  0.71022701636196151  0.71974851316353283
  0.72905064501551953  0.73824310548411387  0.74780183154750501  0.75802755804260991
  0.76878891666931415  0.77983747388771496  0.79057916651290139  0.80137794693045572
  0.81252838832885865  0.82436767504163111  0.83621607849180102  0.84736459216142568
  0.85841183730303661  0.86955085559372880  0.88121758445614251  0.89330235688257009
  0.90591906441999936  0.91905325739660393  0.93222342227065313  0.94527862749950609
  0.95806904270563487  0.97089865269016262  0.98460215953732599  1.00000000000000000
 -0.00269826971559396  0.00999588522096549  0.02058336676695284  0.03046156667996065
  0.04034173201207485  0.04968337180467995  0.05925894694713098  0.06953516065562398
  0.08006790373250583  0.09081644250628418  0.10158813945257006  0.11252140597546936
  0.12394441440460283  0.13530502810689732  0.14649577624339635  0.15672590973786979
  0.16706210542606653  0.17809626020317473  0.18926665366835019  0.19982580621522680
  0.20995428293210733  0.21976818203208234  0.22941963907195276  0.23882147271146573
  0.24847206363902147  0.25865289498696581  0.26861370788006689  0.27853107317471454
  0.28880107238618075  0.29903225808671452  0.30890933562641554  0.31871872945966578
  0.32889661696128231  0.33944115764115507  0.34995948671908189  0.36026075423759912
  0.37072591054619342  0.38098128424922090  0.39128067943522266  0.40101682603192040
  0.41041803379391745  0.41968604819244659  0.42901960847208603  0.43875765574274933
  0.44997572300783900  0.46119862482325796  0.47208095753289536  0.48253976591452169
  0.49373375633995870  0.50413897039259703  0.51447668958762316  0.52481842861693140
  0.53523654651029862  0.54574937291549874  0.55608046266557276  0.56651554839141327
  0.57733643097363641  0.58806223601278829  0.59945051918755876  0.61021545696635460
  0.62125256529693118  0.63269697656365631  0.64434252624681709  0.65438295757459741
  0.66448482082049687  0.67503144651559488  0.68533995779797907  0.69469203890475750
  0.70340069358838908  0.71246129624912680  0.72260263261391666  0.73278911765963795
  0.74306464403325190  0.75362512101355217  0.76478445512168891  0.77558874575922698
  0.78613789822180413  0.79690745855210776  0.80872765125069390  0.82029572894003677
  0.83160328035635933  0.84258413301751389  0.85349230752895033  0.86458032554990671
  0.87573367606792607  0.88675589181081904  0.89791159229087669  0.90916464707971334
  0.92061120208597502  0.93178878699237055  0.94381798500090541  0.95609564560781324
  0.96773092063719535  0.97864342659067405  0.98940162422956124  1.00000000000000000
 -0.00210968248423743  0.00908301804426766  0.01915643781822151  0.02923620540619948
  0.03973926628047321  0.05002414347168253  0.06015024009110313  0.07094121713812576
  0.08220252627025938  0.09261329442648930  0.10339663698423379  0.11383100954960790
  0.12418317196999355  0.13404728873600061  0.14399281813733522  0.15567432167673895
  0.16674876510063177  0.17755435809652131  0.18795924327552749  0.19847890685688294
  0.20906869381861803  0.21969616870263467  0.23061555361779718  0.24193152196999393
  0.25298764708146304  0.26437027486408476  0.27538396623227107  0.28661405342009011
  0.29805100723522060  0.30954502367757764  0.32039837499144269  0.33015660325991175
  0.33950593146889169  0.34867860811402973  0.35795244429385764  0.36716867250730267
  0.37647629955353351  0.38668730669902884  0.39762825072936303  0.40859392513376364
  0.41879854686486384  0.42876303556950135  0.43886099901232911  0.44940116833019222
  0.46001115160076961  0.47041376355007275  0.48061586487225616  0.49053277399677436
  0.50021895829137863  0.50952474012426818  0.51894497322106248  0.52885272205498213
  0.53877347787282726  0.54850540601893982  0.55780066496798220  0.56805367699401665
  0.57896751699082571  0.59046814558462746  0.60181073688615194  0.61338061405521949
  0.62438939516011704  0.63488716240923782  0.64552254271203358  0.65708399880993917
  0.66869408768231753  0.67957671508718409  0.69021666322344455  0.70131083481985235
  0.71268857175641021  0.72402954083222404  0.73602680274990051  0.74839358881098739
  0.76077713733457031  0.77284759115658819  0.78438675421798421  0.79527788853910297
  0.80548000211223936  0.81521030926088223  0.82476674437073449  0.83439692470597782
  0.84439591357460508  0.85468220769732062  0.86468693147160181  0.87519442462296348
  0.88576387537135515  0.89645879064253220  0.90683221341734477  0.91729888168791940
  0.92841766282730920  0.93940425474259004  0.95022018893965277  0.96084165266232424
  0.97084866945426551  0.98070881966951651  0.99006071669867957  1.00000000000000000
  1.63778883344858121E-010  -1.0000000000000000     
 T T T T F F F F F F F F T T T T F F F F F F F F T T T T F F F F F F F F T T T T F F F F F F F F T T T T F F F F F F F F T T T T F F F F F F F F F F F F F F F F F F F F F F F F F F F F F F F F F F F F F F F F F F F F F F F F F F F F F F F F F F F F F F F F
  <DiscreteSampler_grid>
  grouped_processes
  1 # 1 for a reference and 2 for a running grid.
  10 # Attribute 'min_bin_probing_points' of the grid.
  1 # Attribute 'grid_mode' of the grid. 1=='default',2=='initialization'
  0.0000000000000000 # Attribute 'small_contrib_threshold' of the grid.
  0.5000000000000000 # Attribute 'damping_power' of the grid.
 # binID   n_entries weight   weight_sqr   abs_weight
    10   10   1.085377005801883E-002   3.248591115715026E-004   1.085377005801883E-002
  </DiscreteSampler_grid>
