  0.00000393510203305  0.00000431579631372  0.00000481172407364  0.00000534159107290
  0.00000589469747289  0.00000650960404797  0.00000716547765738  0.00000795046265457
  0.00000885797329660  0.00000983242521019  0.00001082260997932  0.00001190562154369
  0.00001309138167767  0.00001452371580827  0.00001608249814441  0.00001774034220002
  0.00001943947724150  0.00002118308638256  0.00002302150385551  0.00002497349319283
  0.00002706908355196  0.00002930194996389  0.00003167455203468  0.00003406122568145
  0.00003634266435266  0.00003857184983867  0.00004071988525975  0.00004270570612445
  0.00004444238102119  0.00004599585831267  0.00004748091921557  0.00004897872510556
  0.00005055163283005  0.00005212216970646  0.00005372831924887  0.00005535141649110
  0.00005701880616712  0.00005888995327245  0.00006095551811017  0.00006320326886431
  0.00006561147441850  0.00006803285418386  0.00007077897959764  0.00007383195005643
  0.00007696357434363  0.00008013067670772  0.00008324943084137  0.00008636663699697
  0.00009009717087151  0.00009392168120295  0.00009790444893322  0.00010190420003757
  0.00010590409246157  0.00011004704499734  0.00011441853566138  0.00011915909713924
  0.00012413555629920  0.00012935331125367  0.00013481893849647  0.00014065960551939
  0.00014697118870357  0.00015385647364256  0.00016103563548186  0.00016844114080249
  0.00017635511191348  0.00018536577432299  0.00019483130598114  0.00020537687584620
  0.00021726925230064  0.00023011224091842  0.00024386017092882  0.00025990578605137
  0.00027708870577164  0.00029732036872797  0.00032073357609487  0.00034738199565009
  0.00037769248151515  0.00041240046380118  0.00045268452310205  0.00049705813249286
  0.00054303132727579  0.00059541461451158  0.00066171426262936  0.00074314229476985
  0.00084249222871302  0.00097001790484040  0.00112961569472564  0.00133629602990951
  0.00165020077255314  0.00215042575571295  0.00296899081982911  0.00449387579307960
  0.00752756646536224  0.02347694501445834  0.97557976022551751  1.00000000000000000
  0.00000242588056119  0.00000282806817030  0.00000310472457888  0.00000341566028962
  0.00000386094211556  0.00000433445383484  0.00000481557218208  0.00000525652924035
  0.00000565512520978  0.00000599935017420  0.00000636377919756  0.00000684826656086
  0.00000732636316757  0.00000783655810578  0.00000832001216968  0.00000879664579373
  0.00000925818870978  0.00000969755064907  0.00001014001288903  0.00001060592584964
  0.00001111315452633  0.00001166319244571  0.00001224641772079  0.00001282287923756
  0.00001335559629192  0.00001401583478642  0.00001491553151613  0.00001575386720677
  0.00001675068127939  0.00001782583284898  0.00001881907418132  0.00001969099099359
  0.00002058409741006  0.00002154956487810  0.00002263374455634  0.00002380674615552
  0.00002497514024393  0.00002617952679292  0.00002742270165547  0.00002891570176873
  0.00003074811411324  0.00003285991409726  0.00003526798757379  0.00003803537077550
  0.00004068638907908  0.00004335236731441  0.00004630741984201  0.00004949697835742
  0.00005297186547361  0.00005677835135544  0.00006120519397957  0.00006620702966655
  0.00007166588045325  0.00007761523962618  0.00008379256936570  0.00009024019151713
  0.00009723611105864  0.00010493876180182  0.00011315407471064  0.00012183992739893
  0.00013184693304284  0.00014347273563043  0.00015699535698825  0.00017178771511060
  0.00018772844846923  0.00020577290632215  0.00022679769532306  0.00025120251108198
  0.00027833971136207  0.00030759766282035  0.00033923404423776  0.00037538247896530
  0.00041879593859220  0.00047134335724605  0.00053272683452986  0.00060129877337430
  0.00067752642948512  0.00076419621982474  0.00086719739534963  0.00099404076017284
  0.00115341000519441  0.00134196013006869  0.00156247087647076  0.00181095458056752
  0.00211887531599257  0.00249574168975918  0.00298000716269422  0.00363695768444458
  0.00459730425582095  0.00596308513826044  0.00838034592013069  0.01320149456869452
  0.02188318945436829  0.04410474621983354  0.13532317236254540  1.00000000000000000
  0.00000363758784468  0.00000543250417228  0.00000681819992121  0.00000839430509228
  0.00001034177663053  0.00001227678585527  0.00001358882322154  0.00001492478603635
  0.00001659369674215  0.00001830602539555  0.00002003622848440  0.00002177925821756
  0.00002374523957105  0.00002550361746700  0.00002709291229141  0.00002884905589863
  0.00003024444658184  0.00003151813339761  0.00003294479097817  0.00003440206463799
  0.00003573490660364  0.00003709187023550  0.00003859231983128  0.00004017269068076
  0.00004170034186972  0.00004316547127585  0.00004459603776589  0.00004602014729669
  0.00004747282053688  0.00004897365114996  0.00005055243826496  0.00005221113959712
  0.00005394237097248  0.00005570362667377  0.00005753066032204  0.00005944658145407
  0.00006149323930880  0.00006365194437006  0.00006589119020348  0.00006821393473764
  0.00007068448733309  0.00007334037099605  0.00007613168518422  0.00007908708760586
  0.00008222185431806  0.00008553090850109  0.00008890278794148  0.00009229705988171
  0.00009580624948592  0.00009952118925783  0.00010345921919770  0.00010766761051409
  0.00011216604024312  0.00011680262537782  0.00012157501064284  0.00012664521273406
  0.00013189497088858  0.00013738316425986  0.00014319047649913  0.00014980581756006
  0.00015730222717114  0.00016535829077499  0.00017420500231937  0.00018418663005836
  0.00019529042161256  0.00020754107404469  0.00022162444838964  0.00023675669687819
  0.00025323355624102  0.00027118691310600  0.00029054357130294  0.00031155774716184
  0.00033352159238890  0.00035731929611515  0.00038520592206790  0.00041558197682789
  0.00045024504250806  0.00048936678864351  0.00053860210289886  0.00059622475344321
  0.00066272727857549  0.00073712604712261  0.00082739047167808  0.00093666422074824
  0.00106853602940510  0.00122891289232514  0.00142611152180257  0.00169414162899565
  0.00214284706144167  0.00280664099352145  0.00384099386959072  0.00595304239239209
  0.01157961497371202  0.03484776050269340  0.90160622688482572  1.00000000000000000
 -0.00296246331208372  0.01101015691532587  0.02262748878896370  0.03292845712215508
  0.04356813572737955  0.05421557003212468  0.06473905534642506  0.07473432591965118
  0.08449083058544515  0.09518591845619397  0.10649828307550713  0.11798739997994277
  0.12939650451481505  0.14066319308546379  0.15198471016040332  0.16364265180095272
  0.17521313299146787  0.18646376243624527  0.19767952750312198  0.20881545135046445
  0.22026635423364188  0.23174529841960273  0.24215477171102423  0.25209742105215355
  0.26205208248076811  0.27219448540828795  0.28278621846091773  0.29295698743001852
  0.30258639486505023  0.31184584466349313  0.32137992025527184  0.33094615586270393
  0.33998016946004189  0.34877704106287488  0.35839517659270326  0.36892404178290705
  0.37952553575608411  0.39055612640646470  0.40235835426509059  0.41461381610560483
  0.42633312688175690  0.43718124456443497  0.44723506297988685  0.45695208979344681
  0.46703556765066651  0.47806910298199529  0.49010494107312824  0.50247170236026995
  0.51438501325269315  0.52531012993914117  0.53565143957163941  0.54583644481665416
  0.55625673570482648  0.56691633773746297  0.57782556585420863  0.58890183798395734
  0.59988650380870745  0.61068727883366059  0.62120664648119672  0.63123983815282769
  0.64087234825572625  0.65040705966665269  0.65993671082364469  0.66946563596220776
  0.67905770777721775  0.68922450433656623  0.69988080282981835  0.71002176782441528
  0.71950013013424130  0.72917528346551064  0.73983311828599085  0.75101865209529139
  0.76180503930971455  0.77179565995848776  0.78242025782814673  0.79305178746930016
  0.80327992560684891  0.81366319722823799  0.82504907806452588  0.83525485812134082
  0.84511667961810877  0.85509952358375119  0.86533639872207435  0.87519582490143544
  0.88522208099037514  0.89522711172045577  0.90566320496581587  0.91686602320939448
  0.92764071345059884  0.93849420942833162  0.94893860280532571  0.95898847436991497
  0.96957191557449018  0.98019783190754639  0.99032711504145576  1.00000000000000000
 -0.00004119080013995  0.00004890930463111  0.00032675880437068  0.00073718295840346
  0.00120828244042436  0.00172207702408913  0.00222465621159659  0.00272728407419289
  0.00325021429538948  0.00382050124088316  0.00442671639933151  0.00507682074563856
  0.00577020441463246  0.00651407200383073  0.00731598108321660  0.00817768058421275
  0.00909089108456014  0.01014368607706802  0.01122466813086470  0.01234311116670702
  0.01350933476968240  0.01471906884228849  0.01599717447690973  0.01736004053034559
  0.01873225170590035  0.02008237478272153  0.02152283794639725  0.02313814802371621
  0.02484570135632218  0.02666261656856637  0.02865642430357765  0.03071045294290579
  0.03279934713235117  0.03496949590095254  0.03723645378992147  0.03956020889020184
  0.04233230138059825  0.04565212283819482  0.04922671219974216  0.05294522663022676
  0.05680876368234542  0.06083005409464034  0.06523759683381709  0.06952722577412494
  0.07388509991431477  0.07859150370565156  0.08341283608814115  0.08854004784279233
  0.09393318389770590  0.09957936525491135  0.10591536050037592  0.11269847825832016
  0.11963647268450092  0.12687793842611317  0.13461109517435027  0.14284293754061836
  0.15174920421027055  0.16111323718802326  0.17089882705331125  0.18120488457586428
  0.19218545627821165  0.20346869337668919  0.21521143762009404  0.22760047475786280
  0.24099457826196927  0.25471870297187593  0.26927297232723041  0.28463799837826909
  0.30011499624421656  0.31563763974305292  0.33162027026358049  0.34863198693482145
  0.36619268216195711  0.38470885261765508  0.40468483331472516  0.42545558124348060
  0.44710158884215129  0.46900700166030113  0.49033345598440931  0.51296819248529035
  0.53732275890311609  0.56338948315195203  0.58873801272484894  0.61498735803616023
  0.64375409981255993  0.67480786503633861  0.70520258635855626  0.73489704159867242
  0.76510212802007338  0.79720740525185907  0.82954857290449657  0.86250534469377860
  0.89690773593157880  0.93098325617126199  0.96467244390477724  1.00000000000000000
 -0.00233293943494571  0.00975193550173046  0.02082451339283663  0.03244397001236460
  0.04330388177022258  0.05418669725936974  0.06459461925959613  0.07456953571065200
  0.08503111295444961  0.09567906293637277  0.10574116417601623  0.11505065779122245
  0.12463017767634746  0.13471729395673268  0.14506744379309250  0.15579253575724167
  0.16639076108300860  0.17600970994415377  0.18516635792353534  0.19448898858625355
  0.20453088235780234  0.21508445584759533  0.22569589771956403  0.23651967932736687
  0.24727624479172763  0.25803600472965971  0.26844077737729272  0.27859846045650744
  0.28874041574042819  0.29840728102976027  0.30805156925634486  0.31736196595558469
  0.32576402910233748  0.33419757571305636  0.34320971474100898  0.35266809920834918
  0.36271680417378033  0.37333626764964356  0.38418380175861033  0.39504413111489567
  0.40642123659000973  0.41789046536998825  0.42938025002171210  0.44108246559583786
  0.45333777906553530  0.46559386634303446  0.47807457589381769  0.49081117615131808
  0.50348106372001833  0.51579268129574185  0.52775346573447524  0.53976060209198107
  0.55167032632912216  0.56339995135939913  0.57508691663562439  0.58584046120159794
  0.59656420255063036  0.60722570461712477  0.61805398566030212  0.62815895107695996
  0.63776386937908025  0.64714424862027853  0.65708327231248198  0.66673181724825648
  0.67664054504235116  0.68668401580665150  0.69749980886049734  0.70864306590072945
  0.72002171246597069  0.73056773480821102  0.73867093765009695  0.74708016332976945
  0.75541468277924761  0.76430275776784651  0.77328836389767641  0.78222753731460104
  0.79163422879414669  0.80253286755341602  0.81430195748770640  0.82506917268397773
  0.83558004789627549  0.84600073101746021  0.85628401159286116  0.86621442587023734
  0.87590066484235585  0.88636566063029332  0.89728603600628898  0.90852270028101600
  0.91946030932062339  0.93133558567784924  0.94314547496471313  0.95555545032923472
  0.96656226242344057  0.97718169068782301  0.98767892953074399  1.00000000000000000
 -0.00013250169897189  0.00015364496871099  0.00071505723358671  0.00165537425355169
  0.00294072311945180  0.00433586624396677  0.00587977403174163  0.00770479620890708
  0.00995220551171978  0.01228596925529723  0.01479550872606366  0.01757155961464220
  0.02049594624073217  0.02365307570856504  0.02694410142508117  0.03033653406614232
  0.03398135644189357  0.03786668223476802  0.04230069865004486  0.04736564043870868
  0.05286234615265067  0.05847359652973479  0.06430013986195131  0.07044293228209485
  0.07665324622821715  0.08350170916058672  0.09119756616929556  0.09945137118845239
  0.10804745826841126  0.11701550519308464  0.12642751908341171  0.13624503383264930
  0.14612163151153965  0.15596880067537811  0.16605831090357223  0.17703345412426824
  0.18850365241669056  0.20012798071560328  0.21207932955126135  0.22472362571486740
  0.23751172158922848  0.25075844742146802  0.26478230950200277  0.27911574588135668
  0.29336923033290091  0.30857145802722075  0.32258289515195115  0.33660390237395121
  0.35055102083853107  0.36379635152818507  0.37639383779735264  0.39016508495752011
  0.40454300622760853  0.41971457070557472  0.43599205511014338  0.45202181299494165
  0.46772876351269516  0.48327668192335105  0.49838579454034865  0.51291373865242418
  0.52813906367586760  0.54382245685155883  0.55990532970288664  0.57570202710072782
  0.59102813744994120  0.60556918925869974  0.61929977707311412  0.63456562190800070
  0.65102855482712785  0.66675048842488893  0.68099055173045675  0.69498765645140337
  0.70995707883483772  0.72569290659373875  0.74008581722933520  0.75321551653479579
  0.76588978164362531  0.77868332798635320  0.79125352297826035  0.80266304323820070
  0.81373758713859368  0.82485880603953154  0.83625518538282773  0.84805433085890969
  0.86035920802575305  0.87308227514864400  0.88510282119826655  0.89646293156160339
  0.90746338421555250  0.91921936818339101  0.93254865919330565  0.94611723955098215
  0.95883042382660022  0.96940911823699916  0.97887319582651811  1.00000000000000000
 -0.00451123045294576  0.01835376681258028  0.03650447957508686  0.05438828993260494
  0.07208532358379061  0.08958461586224947  0.10761672160739201  0.12474949547646688
  0.14040479981133355  0.15514040665795331  0.16981982269951060  0.18487693944470043
  0.20000382030335023  0.21418937568834770  0.22764870248564598  0.24132018039993791
  0.25461527324211686  0.26749283760127962  0.28029813583294155  0.29321814246326733
  0.30594684060743366  0.31745293423157012  0.32770034434779660  0.33729174150456592
  0.34674587687943015  0.35605210595251874  0.36519645658326033  0.37436229749395944
  0.38359178520906861  0.39290224105072463  0.40143013527325189  0.40914460010664189
  0.41663118108313418  0.42321305854777092  0.42981427065507516  0.43633964399214598
  0.44239471208117059  0.44925726269975258  0.45510362465389653  0.46075253576185948
  0.46609754894158800  0.47129988542980245  0.47656556939881606  0.48204628715125841
  0.48787222252025447  0.49391963115405013  0.49991366729315961  0.50589846511550562
  0.51164467519285217  0.51740798330514570  0.52354613927273097  0.52999585668692872
  0.53593764260701771  0.54185790237947418  0.54781416248236392  0.55421373210290459
  0.56081296074091924  0.56724119482793389  0.57348447578432094  0.57969089238236327
  0.58579223152532867  0.59185128781229401  0.59810074798070445  0.60487053387019341
  0.61217751076895510  0.61948094394683051  0.62727669780158068  0.63594777257055068
  0.64551811052838060  0.65624584923554430  0.66687785365908370  0.67630215119131798
  0.68559045758609716  0.69516038354819454  0.70469844142474491  0.71428791007082559
  0.72371617677531019  0.73477547829571432  0.74719752462437117  0.76116798526508722
  0.77590627287893466  0.79112828695093473  0.80678401071513928  0.82139676183296306
  0.83508241684978191  0.84761791805740205  0.86066259859583050  0.87432289791669293
  0.88738682770809674  0.90054744160779998  0.91476458194871657  0.92874923045130131
  0.94430955574755115  0.96263697717608954  0.98035303690367748  1.00000000000000000
  5.91415779858790637E-007  -1.0000000000000000     
 T T T T F F F F F F F F T T T T F F F F F F F F T T T T F F F F F F F F T T T T F F F F F F F F T T T T F F F F F F F F T T T T F F F F F F F F F F F F F F F F F F F F F F F F F F F F F F F F F F F F F F F F F F F F F F F F F F F F F F F F F F F F F F F F
  <DiscreteSampler_grid>
  grouped_processes
  1 # 1 for a reference and 2 for a running grid.
  10 # Attribute 'min_bin_probing_points' of the grid.
  1 # Attribute 'grid_mode' of the grid. 1=='default',2=='initialization'
  0.0000000000000000 # Attribute 'small_contrib_threshold' of the grid.
  0.5000000000000000 # Attribute 'damping_power' of the grid.
 # binID   n_entries weight   weight_sqr   abs_weight
    10   10   8.688455151022326E+005   6.512660505099671E+012   8.688455151022326E+005
    16   10   6.931060989565691E+005   4.073929585571710E+012   6.931060989565691E+005
  </DiscreteSampler_grid>
