 -0.00216638349214915  0.00873275934704637  0.01665420775040717  0.02425447536774578
  0.03186987350484808  0.04023093241661222  0.04875049212145938  0.05721277728991006
  0.06657099735997951  0.07722761594636164  0.08870837138365641  0.10038419071109213
  0.11207388940972672  0.12436327320357218  0.13671401517867782  0.14802589677682765
  0.15837580852845393  0.16912965547779668  0.18088644272014159  0.19332710876311501
  0.20580183245342901  0.21830755231045595  0.23023042803057234  0.24125951988268113
  0.25273638213542649  0.26496196028542535  0.27680986237206950  0.28874991943662176
  0.30095225621287081  0.31372151692912054  0.32578690397109444  0.33696340438961697
  0.34679007944926393  0.35685666277447609  0.36728726372363790  0.37858883055640824
  0.39012987882748384  0.40140114650602499  0.41256172724567408  0.42403878377185139
  0.43613992302760651  0.44857593798986584  0.46086935535189111  0.47281316201944257
  0.48492665805111262  0.49744349985795039  0.51028718362504788  0.52305614616617901
  0.53558743793889585  0.54789497195423609  0.56015591130071196  0.57204295524629678
  0.58239425816704438  0.59292176605493785  0.60350014244081396  0.61446795020705058
  0.62640583496776647  0.63752050724154363  0.64877368706099636  0.66047376845081285
  0.67202480617586635  0.68392537214937743  0.69412798707894929  0.70474031447231333
  0.71558939221141682  0.72683656278669506  0.73702465280500440  0.74605775998925772
  0.75495676804906664  0.76463526317089836  0.77590234440243677  0.78824027436040311
  0.79998066746969432  0.81085347601030811  0.82059179063162135  0.83001803572561705
  0.83993295514723854  0.85010506240616368  0.86043116058897684  0.87071346822478402
  0.87992550212899845  0.88887237833201138  0.89858666112559593  0.90699042914937567
  0.91456026721051953  0.92172493364942965  0.92885274161831366  0.93672766477574110
  0.94486328270714004  0.95355901244730923  0.96223817260216926  0.97128865176879764
  0.98011895608782462  0.98760117195027808  0.99396552654496317  1.00000000000000000
  0.00192249649256116  0.00996229846476298  0.01192435108928514  0.01314887027065515
  0.01421495235784141  0.01518504235448333  0.01606791193432517  0.01693216894064051
  0.01786157850622705  0.01890856232887255  0.01991652431197723  0.02092934431659645
  0.02195040724272567  0.02308386293694705  0.02431641749909818  0.02549829654697241
  0.02656180429643392  0.02756920580499328  0.02858249505689135  0.02970036331741035
  0.03102524133127354  0.03247426479444917  0.03405503697858225  0.03573499648983947
  0.03716979552935436  0.03853930857638331  0.03990313611234948  0.04127480692142647
  0.04266606308926456  0.04416854863484226  0.04574813746033796  0.04738384931817027
  0.04905026822318895  0.05070349697101894  0.05240256500178455  0.05407689198114146
  0.05588813870588386  0.05806590474487428  0.06017508439088009  0.06226056015336232
  0.06450985425406426  0.06707375084093886  0.06976333235922483  0.07271602829548729
  0.07604549036124778  0.07944538471885661  0.08270454626757964  0.08628175635771121
  0.09011511847898881  0.09395044462531878  0.09854648736749939  0.10292655054203534
  0.10763754846140995  0.11254722531897310  0.11776761319175301  0.12352382789108891
  0.12982134014257349  0.13654640162754661  0.14363087977695074  0.15099281432860293
  0.15853159271069767  0.16623307211145766  0.17412874407324477  0.18240150229967150
  0.19171956792598166  0.20038582660426330  0.20958333558234349  0.22000194665976594
  0.23078442148163902  0.24229237463683456  0.25460816529390268  0.26784031014586318
  0.28459957480952092  0.30195161295554168  0.31929431787750434  0.33752499940622849
  0.35700104144985856  0.37758112716445652  0.39852756349480484  0.41782969017410054
  0.43545987405715236  0.45292351278903253  0.47342108553307055  0.49621577677263468
  0.51945211500302502  0.54473061258462829  0.57183986751048888  0.60769150257743076
  0.64860289420731210  0.68731442482442640  0.72303195817731325  0.75882354070372660
  0.80058311853894071  0.85292873060678576  0.92046556184489037  1.00000000000000000
 -0.00000574194064224  0.00016814345474794  0.00038435987391141  0.00060232437251822
  0.00080903006139569  0.00100441618617733  0.00121813289035287  0.00142657213950537
  0.00162877828334291  0.00184684480544175  0.00208761573801259  0.00232885839612767
  0.00258841105647913  0.00287318399379207  0.00318194477713081  0.00350639385166909
  0.00382096701172118  0.00411844767659538  0.00439406659953783  0.00464710072627721
  0.00489194576735008  0.00514054409018740  0.00539920696615685  0.00565542951950837
  0.00599163139963775  0.00634881557073681  0.00673739727866285  0.00716953411347680
  0.00763503584642668  0.00810805442960823  0.00857354161882733  0.00903962973339534
  0.00949582680370878  0.00993743685857568  0.01040379259106987  0.01087763219483212
  0.01136935976451551  0.01188363936748601  0.01243347827616025  0.01301321444211882
  0.01358679569295671  0.01418832650958930  0.01482907158957947  0.01553957228673296
  0.01632049145149897  0.01713606312060548  0.01799804708266159  0.01891957935571089
  0.01987120713031083  0.02089656360391747  0.02191636539337212  0.02292377398051481
  0.02394984690441458  0.02499291957079076  0.02614404958693687  0.02732447846726706
  0.02852075849161891  0.02981973719982280  0.03120264954011607  0.03265439225556765
  0.03410402434066246  0.03552130898681949  0.03702710132665453  0.03864570406701693
  0.04046831596156104  0.04238291894598283  0.04466743868069476  0.04691170849895060
  0.04911778663768426  0.05149161779762728  0.05394050137766170  0.05643971294737214
  0.05912188060723791  0.06250891342384589  0.06631972970036282  0.07066209095004812
  0.07509447565530501  0.07955171702096628  0.08365966427803954  0.08827370143741955
  0.09349151836956324  0.09966881938716513  0.10801807642056541  0.11864006365735570
  0.13137513309586343  0.14616442624666015  0.16255706696388517  0.18117018706728732
  0.20269045252566492  0.22818321636260089  0.26083729173773651  0.30694850529840256
  0.37623139414808426  0.46748825905329494  0.61187533888176582  1.00000000000000000
 -0.00167426972897399  0.00548296582145307  0.01311770569949994  0.02112078391297568
  0.02935534535740959  0.03798346962419464  0.04635366377741182  0.05526195701454675
  0.06487395750345476  0.07433151041805625  0.08502600971809504  0.09606678204408746
  0.10632888768976090  0.11608993017719807  0.12534425803729474  0.13550032724919023
  0.14553179409807013  0.15558703156510889  0.16580604318263537  0.17569804351321322
  0.18636819383859723  0.19595024990166443  0.20493817216973823  0.21346929412334920
  0.22186029981537558  0.23061667333596386  0.23989890230884589  0.25002618654229269
  0.26029995243510029  0.26922998719563279  0.27866317619525766  0.28803873848920869
  0.29924174555017291  0.31125766874164212  0.32317030034535704  0.33453909451256597
  0.34620471280538806  0.35656241820224177  0.36631907582403472  0.37677033712794844
  0.38671878934940240  0.39640415152755709  0.40632823423854958  0.41850502747849211
  0.43356180075912593  0.44742567547356649  0.45875722183030526  0.46845607239622539
  0.47797466013504558  0.48786558194195329  0.49701257794954656  0.50638468233898304
  0.51558864259601977  0.52775505908641229  0.54096852303189380  0.55417843910640907
  0.56666331888722621  0.57812911409609702  0.58881224115318931  0.60001541133356207
  0.61176067561538194  0.62447296407241637  0.63698113529563050  0.64845611944939652
  0.66060796964506363  0.67329125776060283  0.68504035684055109  0.69574875719576013
  0.70594080511031509  0.71711322079386985  0.72852344396999191  0.74015110586509503
  0.75142680410736629  0.76214563679858671  0.77279637723194416  0.78311453576083634
  0.79380837545088567  0.80488634359775446  0.81709436631916033  0.82989043928539019
  0.84129181091455241  0.85171885512675394  0.86208401216731734  0.87318198689906978
  0.88403760314066115  0.89545662937344706  0.90653410157429748  0.91761668103234229
  0.92784295856645382  0.93841917109022643  0.94894268875565857  0.96007789823497824
  0.97116525478950244  0.98177955675931361  0.99098891260462418  1.00000000000000000
 -0.00194913619669069  0.00807340435773188  0.01702911902918115  0.02564300136360984
  0.03494801792216035  0.04518790145360614  0.05547884736717067  0.06564857804897120
  0.07634245742953177  0.08725619479521138  0.09899112229540863  0.10987927778514466
  0.12027498603306770  0.13083457106050225  0.14117824669692100  0.15343359863061953
  0.16594558276658999  0.17822447746701869  0.18902754403572941  0.19923763050026583
  0.20964533863176546  0.21819711111046700  0.22635997814854353  0.23445137004533165
  0.24276178125038309  0.25323417320171859  0.26425181658576447  0.27468715606291427
  0.28533852403152721  0.29694422115471120  0.30947790137237718  0.32074728425632015
  0.33144551122311938  0.34153999362525389  0.35157300677290043  0.36188236999037643
  0.37310652108603598  0.38425970316008767  0.39430238416995173  0.40387464602409107
  0.41373158771715524  0.42346989688677933  0.43294672365567394  0.44233592037129726
  0.45239433753768316  0.46392850680917380  0.47581544143827120  0.48682457029840426
  0.49663488088086227  0.50617850046221491  0.51556250571098994  0.52480042278816241
  0.53432424623901098  0.54457633736118349  0.55556446966733108  0.56711548852822224
  0.57844520692245238  0.58971992383004324  0.60072169270286835  0.61197037852536662
  0.62366182200960796  0.63482659494561178  0.64510689087467843  0.65442463549608487
  0.66387071608674686  0.67474597048171769  0.68649292776952586  0.69776097531316839
  0.70958959010127542  0.72267009632885060  0.73529987636784322  0.74709563978709792
  0.75837507201461296  0.76956347019761329  0.77983077721957239  0.78903470057297820
  0.79816481014946106  0.80718397787772911  0.81675648830934844  0.82717905962061244
  0.83803824986772490  0.85047863541287028  0.86092573841578379  0.87155167734246519
  0.88159785566096405  0.89225352892057919  0.90329128178226636  0.91528068931444817
  0.92693526814862048  0.93837385305858512  0.94888305721757349  0.95882787886288956
  0.96866898017822878  0.97875552651880959  0.98946333224767102  1.00000000000000000
 -0.00099826828260705  0.00263738881394798  0.00635466066022829  0.00992721319626714
  0.01329093497681521  0.01648474889445194  0.02054986202326545  0.02488222861915010
  0.02920772690895821  0.03349074219809099  0.03808028092077955  0.04375990490481537
  0.05066233368813892  0.05823043825569420  0.06528826820879721  0.07232870914967698
  0.07963557051713681  0.08722582055357267  0.09517445813909434  0.10397991969297571
  0.11552075955374552  0.12811085257933311  0.14058770222967856  0.15289666529160928
  0.16567990340131203  0.17871430621928425  0.19195936012193751  0.20581002054054329
  0.22014485562463593  0.23544337419370842  0.25184499000283633  0.26815325456204625
  0.28366858661420813  0.29790671956809578  0.31129174782903207  0.32443692977882393
  0.33813705007302824  0.35191500170311313  0.36572490959338483  0.38013069321287013
  0.39448014552786659  0.41086036953394584  0.42546602456165339  0.44082919436754547
  0.45647730733624253  0.47290640206018653  0.48942617783051751  0.50546486833972315
  0.51967861623906808  0.53317861374894338  0.54636041562849091  0.55926365798333300
  0.57216395752169191  0.58518783017558162  0.59888907586884854  0.61407118900496038
  0.62932826099442318  0.64085001398145258  0.65233927748233855  0.66389497630661110
  0.67628124429512337  0.68835174355093920  0.70072247774140639  0.71223709467940099
  0.72309165019005617  0.73396473248314509  0.74483005430374749  0.75562341037395719
  0.76655870850971453  0.77795255804701724  0.78863437032252126  0.79810747234391255
  0.80724119444404530  0.81696161145299107  0.82689715495344995  0.83658435877909054
  0.84634995665775314  0.85628955475122392  0.86554374989121496  0.87418763621518591
  0.88245422587096389  0.89085384795447986  0.89940603255146279  0.90797344956954884
  0.91667785878797126  0.92584957839225113  0.93461004910297107  0.94365841730204558
  0.95277345250820267  0.96101002603453989  0.96820036162749068  0.97497582699840335
  0.98163039633169757  0.98803879750999113  0.99413052490113318  1.00000000000000000
 -0.00249292682622383  0.00657512234443145  0.01516688251323076  0.02377413195519895
  0.03296487848019237  0.04301305686578058  0.05384818038392442  0.06502269247167200
  0.07638186218899662  0.08786611582681569  0.09828254411588330  0.10866531356975966
  0.11932811872871313  0.13044287283979233  0.14071095138926995  0.15021566849236376
  0.16048584836185781  0.17085586915386738  0.18164964891872282  0.19176216606009855
  0.20212523524770026  0.21338458420944159  0.22474294159730568  0.23580293138912953
  0.24601621486386013  0.25615076441344720  0.26697832485853512  0.27847454831336999
  0.29011681501031039  0.30085839869652126  0.31130280997392451  0.32184177841339501
  0.33108716156838514  0.33992222871219335  0.34886835075386102  0.35872091199269934
  0.36953159594324686  0.38130103733591536  0.39378115426019250  0.40490830454425331
  0.41467188291132440  0.42451007444108535  0.43508517200898011  0.44603004748545838
  0.45679344868060334  0.46717559566552608  0.47714797208308840  0.48711156428808139
  0.49727340274503129  0.50796539005346053  0.51863107478885895  0.52929294590308540
  0.53971079248462728  0.54944944697389919  0.55958365302645197  0.56967444538522649
  0.57942561812445570  0.58893518533287181  0.59847914583217887  0.60909529396641171
  0.62061848813738962  0.63186948522377395  0.64334543565403013  0.65493415347952377
  0.66646187734662787  0.67762721307088103  0.68838498538645398  0.69903267932484148
  0.70954413465279831  0.71984855453056473  0.73102227747348825  0.74252768324068108
  0.75414496310585322  0.76590250133339122  0.77806841132860427  0.79002336096583448
  0.80123286131787552  0.81209462405330068  0.82344552970298546  0.83572059183987901
  0.84749713580033748  0.85917752756425358  0.87123824896937618  0.88250792781200260
  0.89277411133173745  0.90251844127067704  0.91230963922201780  0.92225103592641500
  0.93267409919797917  0.94354272703612529  0.95452566922608806  0.96467678581671312
  0.97458881617076054  0.98369388585055517  0.99205292199055617  1.00000000000000000
 -0.00193917890429573  0.00764547597514630  0.01608762679574321  0.02565951741949038
  0.03436503172885490  0.04332371863511039  0.05287687579161555  0.06393592845307372
  0.07578922239147180  0.08803001794732745  0.10019216889935161  0.11191071076956921
  0.12280038689881208  0.13350285703228945  0.14445341584648130  0.15610168373814434
  0.16827610724609035  0.18079773098871010  0.19196841948811802  0.20278259299919979
  0.21430797732812823  0.22622927717747141  0.23704326713603271  0.24757494276132178
  0.25825605242051958  0.27016916448199702  0.28113423008899874  0.29171431282982391
  0.30240642152289138  0.31347537512885060  0.32426838949894699  0.33503084159565621
  0.34637724276765103  0.35872183704968980  0.37134593477892780  0.38307871964962115
  0.39475554201277857  0.40687922087460371  0.41911742050554074  0.43026306203124076
  0.44159805909682076  0.45288819104211558  0.46405861788456559  0.47447874556117509
  0.48447418139353476  0.49490269492322708  0.50591037489565172  0.51660897641523695
  0.52695491295842045  0.53714512795095337  0.54768263740987178  0.55854798633771030
  0.56896924426131457  0.57919402708099232  0.58948245733253690  0.59977969153337751
  0.60973957912985743  0.61918466404129557  0.62748632137246441  0.63565741430647860
  0.64450210216591086  0.65370855963259789  0.66370188051463297  0.67285352530686926
  0.68230462224474842  0.69224526618454385  0.70268038362883023  0.71582169526983341
  0.72908114688646042  0.74251013238898422  0.75511494169116278  0.76644618393921227
  0.77731564379553797  0.78765651466182585  0.79855651291979568  0.80753817871628819
  0.81607828240744507  0.82425611960555301  0.83267132465373594  0.84199552263952815
  0.85185186208762065  0.86204917707340489  0.87184428531630243  0.88180323535339389
  0.89179705106067719  0.90151343621252022  0.91102489777377593  0.92055645448765200
  0.93021607665985762  0.93999651424209085  0.94985700403260687  0.95954771821575491
  0.96905627096422275  0.97890322144611464  0.98947918639069643  1.00000000000000000
  1.16660745003236776E-009  -1.0000000000000000     
 T T T T F F F F F F F F T T T T F F F F F F F F T T T T F F F F F F F F T T T T F F F F F F F F T T T T F F F F F F F F T T T T F F F F F F F F F F F F F F F F F F F F F F F F F F F F F F F F F F F F F F F F F F F F F F F F F F F F F F F F F F F F F F F F
  <DiscreteSampler_grid>
  grouped_processes
  1 # 1 for a reference and 2 for a running grid.
  10 # Attribute 'min_bin_probing_points' of the grid.
  1 # Attribute 'grid_mode' of the grid. 1=='default',2=='initialization'
  0.0000000000000000 # Attribute 'small_contrib_threshold' of the grid.
  0.5000000000000000 # Attribute 'damping_power' of the grid.
 # binID   n_entries weight   weight_sqr   abs_weight
    10   10   3.154756259185802E+000   3.675087656496454E+001   3.154756259185802E+000
  </DiscreteSampler_grid>
