  0.00001350644853679  0.00001554673472887  0.00001660867801512  0.00001770352001555
  0.00001871778385537  0.00001975533680396  0.00002076824708375  0.00002181580899228
  0.00002282750274458  0.00002385224392614  0.00002482424218864  0.00002581307675593
  0.00002684870133733  0.00002784851825748  0.00002898537535214  0.00003008958023595
  0.00003123819497680  0.00003246405085979  0.00003374418911816  0.00003511684210940
  0.00003652082978822  0.00003794945800061  0.00003940854356567  0.00004079438587679
  0.00004223376637580  0.00004373570161654  0.00004527892942191  0.00004690578775424
  0.00004871879121104  0.00005065078881335  0.00005261087047464  0.00005466304862295
  0.00005688684627840  0.00005921849646417  0.00006158992639560  0.00006400972444002
  0.00006643258397598  0.00006897326346811  0.00007160305613364  0.00007421451303227
  0.00007702425925563  0.00008000710499311  0.00008300487510594  0.00008590694005138
  0.00008877913787103  0.00009179343923846  0.00009508873906395  0.00009876021633637
  0.00010290027638135  0.00010751267932640  0.00011251875951310  0.00011767986694749
  0.00012262757575850  0.00012750676488318  0.00013245154433604  0.00013782379767492
  0.00014352264469610  0.00014974048869905  0.00015646337925212  0.00016315254674397
  0.00017001235004011  0.00017766094475333  0.00018635415297398  0.00019618618264289
  0.00020669522598459  0.00021598641173212  0.00022598849237680  0.00023756019659908
  0.00024992876142220  0.00026253945317869  0.00027831365523219  0.00029558917178472
  0.00031385294599260  0.00033361277101977  0.00035534105441685  0.00037985895604354
  0.00040774556599500  0.00043870967749894  0.00047311534856825  0.00051214569495158
  0.00055778402929048  0.00061104399389759  0.00067118335453469  0.00073958697010958
  0.00082105090792800  0.00092338190782302  0.00105395337420304  0.00121466698148358
  0.00140484284040662  0.00164845036720120  0.00198203686780851  0.00250321021620826
  0.00335049659844411  0.00531965426360178  0.01798140355463512  1.00000000000000000
  0.00005590165225464  0.00007525949129699  0.00008882154640094  0.00010350926965358
  0.00011957287856838  0.00013701536544540  0.00015576487828470  0.00017672179842403
  0.00019998240205561  0.00022558673029766  0.00025515856606554  0.00028805174416055
  0.00032500001868849  0.00036463419174324  0.00040751911446868  0.00045516482861133
  0.00050934770557356  0.00057066046237135  0.00063976909186992  0.00071708315102096
  0.00080385992837364  0.00090057631016981  0.00100825417787677  0.00112357050964386
  0.00124647777978972  0.00138438763529699  0.00153681935434518  0.00170444115223001
  0.00189609290627525  0.00211511081913435  0.00236360024239292  0.00264775876858203
  0.00296564765248306  0.00330255687165166  0.00366782018362253  0.00406509144371406
  0.00449809691805942  0.00499378947187144  0.00556376191070446  0.00620039522391343
  0.00692324428053972  0.00773195514360306  0.00860626624310293  0.00956129946625014
  0.01061664337886836  0.01179808751034996  0.01312130439372659  0.01458749320933483
  0.01615507527059580  0.01781048615826101  0.01960923155041296  0.02164188995212881
  0.02404276961613479  0.02685160429796215  0.02999625592576020  0.03343013347251545
  0.03712366269192467  0.04099937214862904  0.04516864945045622  0.04986404506229336
  0.05494039742536384  0.06029007855679182  0.06586011542124434  0.07176597995913067
  0.07837415741808043  0.08581195736102955  0.09367684207112076  0.10256258354553231
  0.11232639950268958  0.12280703041603618  0.13394879525171069  0.14561827386130810
  0.15791646189812381  0.17093994963077105  0.18494261403564283  0.20253229364605477
  0.22146807251946085  0.24052084177529451  0.25953000862579512  0.27935637034716021
  0.30114788777446239  0.32483611305257082  0.34933826894497916  0.37550319022295736
  0.40400470225622864  0.43321456907191552  0.46271605782594416  0.49310244160641353
  0.52477669517383430  0.55844623724684972  0.59700118919573009  0.63754734230007126
  0.69313414802804596  0.76940445302850413  0.87000686722560783  1.00000000000000000
  0.00000225528448000  0.00000477900168032  0.00000730271888064  0.00000894102909405
  0.00001008571412714  0.00001091123726520  0.00001147718357986  0.00001208840373831
  0.00001278257969753  0.00001341086790271  0.00001404546185995  0.00001471615261648
  0.00001521783621857  0.00001571572892003  0.00001623413866211  0.00001680050815097
  0.00001758394560248  0.00001845657210692  0.00001931230255951  0.00002066751831715
  0.00002232970003453  0.00002379725083352  0.00002512731758220  0.00002646961760445
  0.00002779045320770  0.00002901673778229  0.00003016036961783  0.00003130819118717
  0.00003268994724868  0.00003389845301613  0.00003488295534017  0.00003590339310394
  0.00003695328350317  0.00003790647504495  0.00003876933248594  0.00003956788379055
  0.00004039154611856  0.00004145100241870  0.00004254599857078  0.00004378603492793
  0.00004511128779363  0.00004644256386750  0.00004779357316120  0.00004917945444402
  0.00005056159716668  0.00005210587832155  0.00005376405196702  0.00005546881695253
  0.00005721042720173  0.00005900263604085  0.00006105956901281  0.00006322993473571
  0.00006529627744201  0.00006731254669865  0.00006943042652824  0.00007166208519975
  0.00007426859775067  0.00007718002378669  0.00008044113315526  0.00008380025867565
  0.00008751611980583  0.00009157060228186  0.00009580470177627  0.00010019740822773
  0.00010490480268980  0.00010994084420486  0.00011537098680982  0.00012149154263265
  0.00012842180563529  0.00013562597800133  0.00014351705056848  0.00015249338377382
  0.00016226211948099  0.00017245680566235  0.00018436483394985  0.00019798243915459
  0.00021375483108322  0.00023197562809543  0.00025367471378162  0.00028111534645244
  0.00031231064220768  0.00034852480853867  0.00039145530899812  0.00044214862550035
  0.00050907164460541  0.00059991640447078  0.00071381073005445  0.00086685103250949
  0.00111160929196954  0.00146711086616061  0.00206042191301522  0.00309933117811779
  0.00556146945299573  0.01307792208403387  0.06135486895457649  1.00000000000000000
 -0.00150364291097607  0.00590428321768897  0.01323356870536296  0.02073650852284255
  0.02862167618722810  0.03663157227093342  0.04521967869056705  0.05424192308911223
  0.06299563495971472  0.07165996211038184  0.08039669088065937  0.08952886059652312
  0.09886326570763575  0.10844436211245581  0.11801851144094666  0.12711919996740037
  0.13618040197227085  0.14526831096503073  0.15495106707314721  0.16525394293456436
  0.17557923793202079  0.18594918562679782  0.19626250036111595  0.20679054731324881
  0.21789184484979282  0.22863046209720089  0.23903697410035116  0.24930061208138174
  0.25978340052652671  0.27048232501402814  0.27993193166550434  0.28874441028211145
  0.29736516415644476  0.30664183862118821  0.31631571778544881  0.32691429231117769
  0.33783845984887950  0.34810551532083256  0.35805639965800629  0.36800798297934334
  0.37858554294295799  0.38968009238042212  0.40113029933629996  0.41359349524789296
  0.42643423654816670  0.43912112575511397  0.45201549556700116  0.46484942463103340
  0.47733745602670796  0.48966765613019875  0.50206376019201238  0.51415534356240722
  0.52630372624058919  0.53805916310228741  0.54966718071085385  0.56106025635595713
  0.57248223874637594  0.58334897240698858  0.59470058997382025  0.60593136309652240
  0.61674619590990432  0.62750263817364504  0.63887415199081510  0.65059215767028711
  0.66227715447193070  0.67335727674160151  0.68332688508071804  0.69277370695505802
  0.70264303983583698  0.71505646503974296  0.72752317328786253  0.73812084775026465
  0.74808219538808796  0.75798549953812477  0.76667914271290361  0.77875980211937423
  0.79030285243713871  0.80187603261190199  0.81362112346070947  0.82583023801032063
  0.83832671980056517  0.85074328952748912  0.86334159515495779  0.87522445213205313
  0.88565276918845703  0.89556056133577788  0.90590613552890453  0.91599802875277969
  0.92575286269009927  0.93585022561606190  0.94699872212237157  0.95812551266361135
  0.96872812631306626  0.97920311779881331  0.98949350356496790  1.00000000000000000
 -0.00219391030981029  0.00875376958537689  0.01982689695811704  0.03015131009302482
  0.04017682554681393  0.04989115805569684  0.05978393814057396  0.07032628116115894
  0.08104310394372281  0.09191338706897494  0.10330863229300417  0.11408651174965652
  0.12452546249544183  0.13407974147243493  0.14365454300662564  0.15403014210637733
  0.16422791822008440  0.17385082871614008  0.18368412478138618  0.19366730348960576
  0.20539501710345565  0.21658764008153431  0.22733059563938562  0.23758236477390635
  0.24775215982151874  0.25918008971222894  0.27033561814711082  0.28140177622635609
  0.29238726399205722  0.30408812902319748  0.31593264144572264  0.32736203120742297
  0.33818455701117089  0.34854532359894064  0.35888389022441042  0.36957270580998769
  0.38028804478515826  0.38991623592176172  0.39947256971346862  0.40962760072978954
  0.41977312965834074  0.42962229470961388  0.43944144008707653  0.44963192501317711
  0.46041530066674685  0.47110808472245486  0.48195823589725723  0.49307292231630351
  0.50436092879782146  0.51622713974111012  0.52774974511576289  0.53837006845774293
  0.54806269045454903  0.55806879331438675  0.56844651203285912  0.57863559612933990
  0.58853111020384219  0.59803246030614587  0.60812001072125899  0.61957747788473005
  0.63130074315883633  0.64208611736817467  0.65241083199850713  0.66250901835843867
  0.67292947197474562  0.68376450751798445  0.69443713406454821  0.70477629600826297
  0.71576882118556395  0.72543889905972070  0.73406485256614884  0.74356039720755318
  0.75447181297508481  0.76501332462426452  0.77426174642597678  0.78315462378944056
  0.79205917545607618  0.80200945969344495  0.81268483501999988  0.82383594713137998
  0.83524166158059998  0.84648618732044889  0.85732464171145584  0.86797998992094771
  0.87868755926157571  0.88950782632545067  0.90030030251026238  0.91088821028771572
  0.92136859042402397  0.93172178187498611  0.94264788279543066  0.95385674395550191
  0.96560056357839619  0.97682944289485019  0.98810858923346367  1.00000000000000000
 -0.00002242359985719  0.00003737951735524  0.00011998269031792  0.00022779589531757
  0.00035400614945876  0.00048699081482331  0.00063843705107339  0.00080868374062403
  0.00100256990733091  0.00122678995337046  0.00148590081403087  0.00177606866271233
  0.00211350037206146  0.00249018491005695  0.00292547852966229  0.00342878118674213
  0.00398619331610751  0.00458795784131923  0.00523050326148058  0.00594192985310975
  0.00674939947939899  0.00765591073027378  0.00867588458858686  0.00983449339011780
  0.01111748618222843  0.01247950114594354  0.01393055241810295  0.01553301491101321
  0.01739213947948745  0.01943705270531924  0.02161362258284637  0.02396842510518282
  0.02657355811519641  0.02941969828147456  0.03244918504900485  0.03568113284905826
  0.03913427147389820  0.04284959608652249  0.04677706213019762  0.05093217946911790
  0.05532005646001228  0.06001181052002064  0.06513764529961528  0.07071613057782035
  0.07670894405274731  0.08306086054841737  0.08990475724158914  0.09722801718897772
  0.10527043101270395  0.11427911612616816  0.12386009024018596  0.13372481403593689
  0.14424023802079255  0.15559229663946589  0.16740078479205886  0.17957311599914202
  0.19298740059143321  0.20800289511657805  0.22356432223606665  0.23938490680497646
  0.25599403000477217  0.27400916804628556  0.29285827176764595  0.31151385583831848
  0.32984448234640634  0.34902076117227310  0.36968971474493156  0.39134189055822804
  0.41308284220508101  0.43567735499955423  0.45928421063692509  0.48321810181752350
  0.50677831633099468  0.53108701132171954  0.55651472343548036  0.58167262687408749
  0.60573242522635051  0.62946583764626896  0.65349602169809851  0.67870960448770357
  0.70322111406231236  0.72779943150896542  0.75190868171027025  0.77636028061911477
  0.80084594844508272  0.82512228673686938  0.84897469688884386  0.87171418160714786
  0.89296011467312797  0.91329277979026280  0.93256873490134895  0.95027352146485478
  0.96617316058472980  0.98020798511606588  0.99076041559306338  1.00000000000000000
 -0.00233348232441837  0.00867197090270793  0.01948996149682990  0.03006964643689997
  0.04039705478326139  0.04990902242805920  0.05911071487968797  0.06872808560058546
  0.07854214855168154  0.08869460659788687  0.09968171645604487  0.11018926603345072
  0.12114249384701502  0.13128181564980063  0.14218615438713128  0.15332706185475553
  0.16518482109124968  0.17698540148913500  0.18862173193373824  0.19994891266069084
  0.21138541691110843  0.22304680508451988  0.23498647518258153  0.24693312971304610
  0.25843583607053344  0.26918660497546687  0.27909057847381191  0.28894098858423262
  0.29948263250170315  0.31048092153659257  0.32074837891341090  0.33066367267308583
  0.34094248982086561  0.35217659009390967  0.36303878564521036  0.37309992287116106
  0.38291828982478465  0.39282442035827708  0.40289067617169760  0.41328797408682832
  0.42383341682172515  0.43479703951285126  0.44586612835188011  0.45649334255122304
  0.46669537978577252  0.47687246535203309  0.48727805107246647  0.49797361648646937
  0.50890256136230738  0.51978959346926135  0.53054113951627668  0.54122259058961919
  0.55198305895889943  0.56260575192482154  0.57330458277178187  0.58410192548077311
  0.59497486095223528  0.60621148696022098  0.61717582824044592  0.62841278823802338
  0.63913906439861168  0.65031571023565415  0.65980298933391845  0.66961739491286776
  0.67938380438443335  0.68916630476161689  0.69859153650149475  0.70864045124814024
  0.71778485466920106  0.72667737965420376  0.73565361999594969  0.74556208655959122
  0.75682593197019010  0.76819057138300040  0.77913050236241332  0.78987679252667420
  0.80041549282915136  0.81063176935565151  0.82049455307459407  0.83064731187042895
  0.84170300229925021  0.85236225133699461  0.86135813121666183  0.87036177350088562
  0.88126132438041727  0.89117354780458236  0.90123942718908123  0.91060972335304324
  0.92036847382604392  0.93161500378257511  0.94362930715344240  0.95540836182011202
  0.96670321944414006  0.97771155103684171  0.98850895949052020  1.00000000000000000
 -0.00190040269314328  0.00823529994520232  0.01760832992365179  0.02777764768274145
  0.03771914038194521  0.04789385764140065  0.05851737586557492  0.06954026687948200
  0.08020902030309252  0.09073542604141066  0.10087445552169329  0.11131542044601164
  0.12222960530907354  0.13353849770573889  0.14490376356209969  0.15639486981705414
  0.16786532003001742  0.17841055136866232  0.18949564736192756  0.20090857898987435
  0.21196734637549719  0.22323845546825519  0.23461742576822103  0.24585181067619888
  0.25687887539128518  0.26786499165644806  0.27821416192228443  0.28827083829100886
  0.29831167293543820  0.30846306899607806  0.31902175988161097  0.32949572508937175
  0.33965913944092774  0.34988473169769363  0.36032537642267082  0.37112574590935477
  0.38145148152944114  0.39119930876685771  0.40086819182193417  0.41067019001679267
  0.42113792051386295  0.43153747944008120  0.44215041324632826  0.45294984955502082
  0.46393784413676986  0.47444351327380896  0.48436568219039844  0.49400688315002433
  0.50469660452125442  0.51562413001948337  0.52567733671293948  0.53515002497218422
  0.54494093237967323  0.55551818179257673  0.56661103333666096  0.57623471916419566
  0.58487969333737444  0.59352026114956713  0.60271042965513810  0.61332941270007890
  0.62409414341566360  0.63436083136448163  0.64462943064858846  0.65519857976286255
  0.66582508360507275  0.67634945566380400  0.68688587916027288  0.69749175296276555
  0.70783773730848143  0.71769375013712045  0.72743565531779486  0.73726736008442717
  0.74735458325343385  0.75774241818744792  0.76844942249897252  0.77942572670460242
  0.79051107785108010  0.80158448654582670  0.81286109678545249  0.82420535821635854
  0.83547462502386483  0.84654815537687267  0.85710853990445068  0.86749631189135812
  0.87821560446567193  0.88939649597874881  0.90096154856230859  0.91142184382495040
  0.92210802020445126  0.93279124686488213  0.94418963606671646  0.95567090707798941
  0.96733456810718721  0.97916552037879878  0.98954128936999008  1.00000000000000000
  2.27246299392020739E-008  -1.0000000000000000     
 T T T T F F F F F F F F T T T T F F F F F F F F T T T T F F F F F F F F T T T T F F F F F F F F T T T T F F F F F F F F T T T T F F F F F F F F F F F F F F F F F F F F F F F F F F F F F F F F F F F F F F F F F F F F F F F F F F F F F F F F F F F F F F F F
  <DiscreteSampler_grid>
  grouped_processes
  1 # 1 for a reference and 2 for a running grid.
  10 # Attribute 'min_bin_probing_points' of the grid.
  1 # Attribute 'grid_mode' of the grid. 1=='default',2=='initialization'
  0.0000000000000000 # Attribute 'small_contrib_threshold' of the grid.
  0.5000000000000000 # Attribute 'damping_power' of the grid.
 # binID   n_entries weight   weight_sqr   abs_weight
    10   10   1.396843764168674E+005   1.949799999974099E+011   1.396843764168674E+005
  </DiscreteSampler_grid>
