  0.02578527345622963  0.02579905220188516  0.02582162865811053  0.02584267688335169
  0.02587287189666373  0.02591026933039091  0.02594768897827096  0.02598532296483990
  0.02602314508391084  0.02606130022456786  0.02610119341336929  0.02614239918584796
  0.02618431406218306  0.02622620700657892  0.02626684039603363  0.02631029080418565
  0.02635430303284507  0.02639863161364969  0.02644341669195860  0.02648656112040791
  0.02652743394369846  0.02656730971152846  0.02660872556391342  0.02665075730148122
  0.02669328440636158  0.02673554481835395  0.02677718016175735  0.02681883439980695
  0.02686112197040336  0.02690320323100718  0.02694583000930965  0.02698994455448800
  0.02703317340533314  0.02707800780223302  0.02712340751256232  0.02716966710539402
  0.02721675574391139  0.02726331013869733  0.02730999408271016  0.02735902957340994
  0.02740979519423898  0.02746109806185660  0.02751197940626344  0.02756233166473456
  0.02761257986020997  0.02766395335265411  0.02771534582984049  0.02776775402824143
  0.02782500895736884  0.02788195692215104  0.02794065517417059  0.02800025251806117
  0.02806024787106201  0.02812094909648685  0.02818268515843281  0.02824495295606880
  0.02830764514616646  0.02836972837985410  0.02843160474812822  0.02849520817535664
  0.02855842132023285  0.02862150252446472  0.02868522685163848  0.02874989396977253
  0.02881940338148724  0.02889218054601457  0.02896722233000679  0.02904302083815806
  0.02912069711480959  0.02919745587566562  0.02927435992700121  0.02935206612633495
  0.02942990986601281  0.02950959837743286  0.02959095966848481  0.02967453813709769
  0.02976038541108277  0.02984877733438881  0.02993959644893939  0.03003237392054254
  0.03012788779832085  0.03022693455135653  0.03032919091186477  0.03043636011211113
  0.03055014345657309  0.03067049265573700  0.03079612611271365  0.03092875225130297
  0.03106701991065788  0.03121445474852866  0.03137740798968049  0.03155993006112975
  0.03177459273398536  0.03202792756425779  0.03207992963342078  1.00000000000000000
  0.02577945127284596  0.02581550054685970  0.02587813641559196  0.02594264848444339
  0.02601085544754180  0.02607714467756034  0.02614333452870749  0.02621045038176944
  0.02627801231103554  0.02634389459154450  0.02640693572959923  0.02646844122658512
  0.02652874176961898  0.02658796397131797  0.02664683177850730  0.02670617483263364
  0.02676498001543351  0.02682063058995347  0.02687536856801444  0.02692900694675451
  0.02698121367582800  0.02703585758066428  0.02709243231548550  0.02715009848541839
  0.02720796224647607  0.02726491570166999  0.02732084142185598  0.02737605160983610
  0.02743516002413908  0.02749713608837606  0.02755963296445090  0.02762121672763751
  0.02768166904024876  0.02774281579368876  0.02780544610761477  0.02786723558633432
  0.02792855460643478  0.02798921904618739  0.02804889587919992  0.02810700848260794
  0.02816485219395783  0.02822401376239926  0.02828448631156885  0.02834512163108082
  0.02840450284987849  0.02846307832502648  0.02852308631358660  0.02858313714609686
  0.02864337580351266  0.02870357328225641  0.02876330732330620  0.02882269482383469
  0.02888242503848849  0.02894291019397600  0.02900482524751545  0.02906811355367221
  0.02913295447259535  0.02919888195611458  0.02926436038561032  0.02932958184974046
  0.02939565004249743  0.02946173925318785  0.02952757782165923  0.02959528743271379
  0.02966321133852073  0.02972969018281293  0.02979525425395543  0.02986089981120147
  0.02992700899362446  0.02999346291398678  0.03006188066564426  0.03012848747998736
  0.03019430581537375  0.03026122608400912  0.03033042235962267  0.03040285341570124
  0.03047812056331361  0.03055542198896155  0.03063385109700981  0.03071183187230809
  0.03078721187299905  0.03086057734616825  0.03093547025690818  0.03101251091496842
  0.03109129538770425  0.03116871850897640  0.03124698165366164  0.03132971622181782
  0.03141401737410548  0.03149962831514871  0.03158812436051111  0.03167743705695148
  0.03175414793374221  0.03182513425618632  0.03183028921599911  1.00000000000000000
  0.19002702641981278  0.19280179925107788  0.19532241101578782  0.19785304007158425
  0.20038823429461436  0.20293682200469065  0.20561312700137907  0.20848204124505509
  0.21058052483626660  0.21189639607524563  0.21250110615520576  0.21310482006051631
  0.21433922816251869  0.21581890299130688  0.21731867512248459  0.21881883492590148
  0.22025778944109656  0.22167409581106381  0.22309123765440866  0.22448627842657559
  0.22589497595908586  0.22734596073795915  0.22886013114261966  0.23041384289678321
  0.23195212308102070  0.23350474709520663  0.23506212312380581  0.23669205152377654
  0.23837545000769841  0.24011956904380680  0.24189435247144986  0.24371264131265546
  0.24555909639650098  0.24741252044079040  0.24931572488289086  0.25127793510094826
  0.25322888799384086  0.25512686294001319  0.25681520818821635  0.25831839013795566
  0.25980100360226971  0.26121421278237705  0.26259038539145640  0.26391606003042206
  0.26522093212014303  0.26652247512870919  0.26781819989484812  0.26911194160876606
  0.27048786288821675  0.27182983359009527  0.27315659147780724  0.27446527308513818
  0.27574270453207528  0.27701550185405349  0.27827748490175575  0.27953270534618990
  0.28074833916221287  0.28193894788965507  0.28315317525588218  0.28442495177685911
  0.28568910592307328  0.28691547214425778  0.28810804742211121  0.28927886079939219
  0.29046490643325340  0.29168099198812147  0.29295146618579376  0.29426396101742847
  0.29554249065801047  0.29679882615098074  0.29800074654523540  0.29917237506022815
  0.30030471088508709  0.30139608942117868  0.30245066338048449  0.30349518268595888
  0.30457217047928459  0.30560606436182752  0.30656383486639954  0.30745992731801108
  0.30823915455833034  0.30902853783951251  0.30992960831517585  0.31093721732275398
  0.31200092571929638  0.31308016371688957  0.31414248832663444  0.31515025296654159
  0.31604777480987734  0.31685802344987346  0.31769524195443732  0.31857617713070319
  0.31961715813268365  0.32073431629459292  0.32212487603466061  1.00000000000000000
 -0.00358530269374451  0.01675544210343595  0.03453487000723561  0.05149352814676243
  0.06806201174180593  0.08466888680074544  0.10182140798843328  0.11872126933526674
  0.13289798143894532  0.14570118685663458  0.15883570939313466  0.17300944255312509
  0.18627377465355094  0.19928446189563775  0.21171903254799018  0.22400096626989677
  0.23600641565225611  0.24836521404705911  0.26076545506676452  0.27329430843818919
  0.28562438042757754  0.29744262541027450  0.30913592791100497  0.32061432471157880
  0.33215426352048183  0.34358776971288790  0.35453164362300543  0.36501948902077475
  0.37552361556794622  0.38617018198066738  0.39657451199611327  0.40641669792033464
  0.41536857086284973  0.42272299144652092  0.43020824347777664  0.43779189748143615
  0.44722322981498230  0.45714710232516498  0.46693890560005380  0.47682898121266148
  0.48716143461085237  0.49775702004436989  0.50788990422573510  0.51759023560560879
  0.52609508232013003  0.53419086675583916  0.54262362991780644  0.55113247603481352
  0.56145213950272999  0.57236568839819535  0.58289265159361592  0.59330803938012655
  0.60355968686807537  0.61378974643161677  0.62397442189710628  0.63401890719837506
  0.64414611538967259  0.65442140136432736  0.66457537810489142  0.67442451036990037
  0.68417504343239788  0.69412332300351509  0.70401269483159723  0.71364996204452880
  0.72312253018462658  0.73221459819734813  0.74185370004743656  0.75128472715272332
  0.76096511528918553  0.77040821813909222  0.77919743040200928  0.78815704248692964
  0.79721453839869749  0.80603682713639058  0.81459574108755783  0.82292124338489236
  0.83115798495195103  0.83908086599248233  0.84726327131900070  0.85537582916241228
  0.86374104929331730  0.87189404456275843  0.88031111781403115  0.88883005777648749
  0.89752973452860574  0.90651547650708586  0.91576871328946063  0.92568016611895387
  0.93562554616388138  0.94500632016969688  0.95412188110333085  0.96331104925219724
  0.97239675032996586  0.98159620750681376  0.99070377770995233  1.00000000000000000
 -0.00188194173657323  0.01321142670916747  0.02513863512770817  0.03628288694094202
  0.04759083826173669  0.05897746726688382  0.06997919868474890  0.08062173838629104
  0.09162465618529725  0.10365041853809465  0.11576916805006444  0.12850256466163545
  0.14050632309617797  0.15196938736465121  0.16309990292953105  0.17394309799924901
  0.18514340904077031  0.19727724749931264  0.21119531344860790  0.22375923958609512
  0.23521540860554180  0.24616038372119312  0.25628665557196745  0.26636493845507747
  0.27689576590721715  0.28764637879096033  0.29941842107841260  0.31138968322020816
  0.32258461807023664  0.33311330738455414  0.34341489824608834  0.35413066366509965
  0.36516078891951081  0.37596547993117102  0.38681528444272018  0.39794145715831064
  0.40952132224968091  0.42153147249891926  0.43365099811703040  0.44617337997601747
  0.45842096099020130  0.46948518104492565  0.47992572360670521  0.48975100820903517
  0.49976574650265193  0.50986059109050841  0.51989176020310501  0.52954108966022306
  0.53886354199670539  0.54863566686681242  0.55926066364522242  0.57041307058302371
  0.58147307639129098  0.59212861648938919  0.60237846029890252  0.61263611367347515
  0.62093210276351885  0.62913840021198353  0.63731502477922775  0.64558544464583401
  0.65505572246736765  0.66563763063391812  0.67648328875192720  0.68767301114462187
  0.69885441717552488  0.70975364462847490  0.72025203768293355  0.73063812586772436
  0.74103066304542142  0.75116765986722578  0.76129912603822691  0.77156594661912692
  0.78227556948692667  0.79269189363195214  0.80259119633600151  0.81197986282585299
  0.82028171994352417  0.82820823780037112  0.83592987191841139  0.84524422378481401
  0.85627069668917344  0.86743224445725586  0.87732966035569848  0.88709238804772150
  0.89689904761151540  0.90669111966004656  0.91594996951122654  0.92479813729624316
  0.93385081907913370  0.94327583209901056  0.95308472118632193  0.96305638165502916
  0.97298606574846958  0.98242862153617183  0.99119372195620059  1.00000000000000000
 -0.00604710463137765  0.05619763656901261  0.09663415960848336  0.12528272091840012
  0.14919786823197415  0.17165678024364711  0.19244395734643352  0.21212478199473250
  0.22881272802884128  0.24396058617966332  0.25803698336028419  0.27183394248424209
  0.28517335589648490  0.29900110701186444  0.31333990886449425  0.32734297584592986
  0.34046141688004911  0.35244881640203762  0.36390566945777197  0.37498383535528113
  0.38545316831739274  0.39511611915840317  0.40456554548006629  0.41415290998379328
  0.42386880142157801  0.43320903385815029  0.44255801308675335  0.45188210036121268
  0.46106583931656914  0.46868856696148403  0.47589049319588012  0.48330809448451750
  0.49169523297497175  0.50137103042031539  0.51029682094554307  0.51898080099394839
  0.52800914214499528  0.53694899478278291  0.54597301173991253  0.55498259224904889
  0.56414028439986119  0.57323013120304822  0.58234171614893104  0.59124107341157028
  0.60009305302189331  0.60798695632312971  0.61379141713662422  0.61952878935264843
  0.62550614218019240  0.63171607247877570  0.63994257958129652  0.64901579202658621
  0.65826449849485380  0.66708589624112236  0.67544588117720783  0.68347267034192871
  0.69140244386802074  0.69931396045708671  0.70742647746371179  0.71596054664051667
  0.72443210204582265  0.73285423234004365  0.74132242305831653  0.74989440832544896
  0.75806677772933895  0.76646381332680324  0.77505736746137266  0.78360315042189610
  0.79229917510079340  0.80102701661725706  0.80961282014268143  0.81832274921464843
  0.82704476061893861  0.83560723442555496  0.84345666666078312  0.85082413591925543
  0.85795267652079721  0.86509573647693117  0.87259164697769331  0.88004072155919744
  0.88754456733744502  0.89503119788347352  0.90281641086292364  0.91046497248500247
  0.91781016198948473  0.92505368505356633  0.93258270017504830  0.94057464031033966
  0.94871422689362184  0.95664818998503054  0.96432025367223118  0.97155493445252183
  0.97827620535943394  0.98525541632599944  0.99208821357232579  1.00000000000000000
 -0.00242814730020216  0.01326103495808729  0.02433951019318467  0.03532621854584058
  0.04706544547910573  0.05893480804837237  0.07004614144627487  0.08059265053125651
  0.09131724991055963  0.10229957524684456  0.11385469126288239  0.12559207390003621
  0.13711786602541604  0.14846439070738285  0.15969789559356234  0.17015008058367018
  0.17985202850977944  0.19003654995778874  0.20143869190398850  0.21288814780415258
  0.22427477771470894  0.23596433379060169  0.24831934110384096  0.26049926943894086
  0.27138398607391778  0.28190347144129574  0.29204003674833900  0.30232917671087367
  0.31250838003153419  0.32243809051825695  0.33241611044449593  0.34257408065540251
  0.35307255448397240  0.36423850513381617  0.37535974747150908  0.38602507447561185
  0.39686440174912718  0.40791644300718011  0.41896000182874743  0.42964453118528406
  0.43985459873674815  0.44974242616401527  0.45949090496710926  0.46937708014912738
  0.47957893301061721  0.48963558590545236  0.49944959560713975  0.50904648748094039
  0.51893108818209821  0.52848317700666958  0.53793431300959671  0.54794558664548920
  0.55888154562567771  0.56894954823600452  0.57876792565553659  0.58846425714774775
  0.59814381005213013  0.60795329540953669  0.61809740534834123  0.62858111033893604
  0.63955681562991362  0.65022848760939977  0.66169814178121622  0.67177733677198204
  0.68170873542788157  0.69162940230567904  0.70130954238596832  0.70973560778491607
  0.71720010303023451  0.72453553339924237  0.73368197070791341  0.74366459411102270
  0.75350280980686724  0.76360220921833388  0.77413805365553956  0.78468531722779888
  0.79474085711755837  0.80443556442299713  0.81458456952670089  0.82534050825250860
  0.83690679257317768  0.84920633590354577  0.86101570433542696  0.87242554042654352
  0.88318315039987594  0.89363489761269721  0.90377351167118614  0.91367126806398513
  0.92422601736818877  0.93477107686612293  0.94472291263846220  0.95490657764385511
  0.96520821708833771  0.97541561874490845  0.98801126699787234  1.00000000000000000
 -0.00215914849443565  0.00974791182072035  0.01959823642977430  0.02970386441839802
  0.03976708715828536  0.05113371643908530  0.06212987350913312  0.07260096012435219
  0.08283379750574406  0.09452945189475279  0.10627299679278350  0.11815676358422164
  0.13078348904205084  0.14332924472930031  0.15449025967674959  0.16501437276750261
  0.17589701863781684  0.18687287018062251  0.19726096865634937  0.20742041393419214
  0.21788519400537842  0.22851605781168813  0.23886941326003044  0.24905644278286676
  0.25922791606986817  0.26907207216348217  0.27867362497335402  0.28848583022773300
  0.29897598048715002  0.31033367320767502  0.32252744297297159  0.33486758158785462
  0.34699108120253719  0.35866460206368245  0.36969898439455090  0.38030282651112146
  0.39062049466688431  0.40076811115922029  0.41088751686516561  0.42122579671567195
  0.43212537686856384  0.44255577512192540  0.45238080200331166  0.46215312243224493
  0.47261253714528850  0.48295181537233117  0.49236455764593390  0.50218952391276506
  0.51200542390004200  0.52175663503362757  0.53097743822166221  0.54038589461183772
  0.54998562149583874  0.55973785096779893  0.56931435961264021  0.57911656931712252
  0.58973601673015130  0.60009665736719486  0.61089185240957578  0.62207152151418865
  0.63407072639587048  0.64610546479537623  0.65655891000264277  0.66623424315660429
  0.67652005068981291  0.68653779433454742  0.69607533072985628  0.70743126503656661
  0.71897187312211963  0.73009846098451758  0.74041466527261202  0.75044101035840449
  0.76106025462538041  0.77144343813267513  0.78161713741949235  0.79219814972965241
  0.80311291143629304  0.81363735121838432  0.82338085611058343  0.83274622780626983
  0.84240027242935511  0.85266469592755945  0.86351141112783614  0.87464940592550500
  0.88604789004456697  0.89782284295802683  0.91001239808785683  0.92200656275531456
  0.93235378646253797  0.94184281523565638  0.95191348894570404  0.96220110021749339
  0.97150474481387084  0.98093024537254392  0.99016218710633808  1.00000000000000000
  1.00040936570158071E-013  -1.0000000000000000     
 T T T T F F F F F F F F T T T T F F F F F F F F T T T T F F F F F F F F T T T T F F F F F F F F T T T T F F F F F F F F T T T T F F F F F F F F F F F F F F F F F F F F F F F F F F F F F F F F F F F F F F F F F F F F F F F F F F F F F F F F F F F F F F F F
  <DiscreteSampler_grid>
  grouped_processes
  1 # 1 for a reference and 2 for a running grid.
  10 # Attribute 'min_bin_probing_points' of the grid.
  1 # Attribute 'grid_mode' of the grid. 1=='default',2=='initialization'
  0.0000000000000000 # Attribute 'small_contrib_threshold' of the grid.
  0.5000000000000000 # Attribute 'damping_power' of the grid.
 # binID   n_entries weight   weight_sqr   abs_weight
    10   10   2.525054193590637E-002   1.048977657491028E-003   2.525054193590637E-002
  </DiscreteSampler_grid>
