 -0.00025062857729058  0.00777697255174978  0.01455971558360762  0.02038301604136061
  0.02588517284816871  0.03155487852698697  0.03740063558506582  0.04478360269134309
  0.05500681332942525  0.06580174370124579  0.07454354783038761  0.08309713041282693
  0.09127359020338398  0.09978293034184131  0.10848875456230742  0.11754434579208872
  0.12787563554215489  0.13925459287357436  0.15121317408852958  0.16220594007665717
  0.17250918003265314  0.18266392437078638  0.19312844359688211  0.20403664354866693
  0.21521959677136310  0.22874599278610924  0.24086009392609806  0.25201279230127893
  0.26287278015080962  0.27351341641397259  0.28377082890533789  0.29421949979197259
  0.30538085416491140  0.31681251453445897  0.32804032901068381  0.34001906979290764
  0.35170005487647904  0.36338559220851752  0.37465462451679421  0.38677449711553341
  0.39950220138822840  0.41185989314436600  0.42321686012750531  0.43353865512645351
  0.44358136544244514  0.45363672624153828  0.46354802478041990  0.47325425766111373
  0.48441132676838478  0.49695158151793456  0.51048868980145767  0.52315841265929808
  0.53556030341778615  0.54885803406327738  0.56201739586894639  0.57345578951203102
  0.58409361799398496  0.59510596168153729  0.60744339813035697  0.62108138134926538
  0.63287047253926876  0.64407804007751746  0.65386087455257125  0.66521448779048442
  0.67578362770183553  0.68596968703106986  0.69611061816496944  0.70795695672041814
  0.72117075228978822  0.73342960541342272  0.74447711826194474  0.75487489188088741
  0.76514283344143141  0.77662072636115642  0.78759556177283119  0.79879428283851961
  0.80773575044901536  0.81817372637048358  0.83049041717252681  0.84351067056212281
  0.85670306229136750  0.86887928612848619  0.88004824136626725  0.88991722298394638
  0.89988341191521071  0.90966049422912509  0.92046222850161963  0.93066006166245419
  0.94139698773664870  0.95172917547271041  0.96050071635634326  0.96907635601766773
  0.97717959261018594  0.98493020313174340  0.99252210754412551  1.00000000000000000
  0.00832809675006261  0.01356958202405259  0.01606719400099195  0.01832195142834937
  0.02073097089157949  0.02291615222420951  0.02473211688623579  0.02664894625190680
  0.02844403318898335  0.02998383924073376  0.03153433477634843  0.03306536842093915
  0.03469522059113166  0.03625744242082673  0.03789076486400846  0.03941280982564883
  0.04091152004587652  0.04247025081606471  0.04425542040851992  0.04637233294384625
  0.04880593989862810  0.05133982526463259  0.05327348304058011  0.05499744213420618
  0.05681361727954243  0.05892627550930735  0.06122767238641501  0.06346800316275651
  0.06577383295405385  0.06824378365979679  0.07077556474242863  0.07336741014552818
  0.07645702113598944  0.07968727880423350  0.08313195717514602  0.08674704133298479
  0.09043307006271432  0.09412642526163635  0.09819753582638847  0.10231196985687778
  0.10665371326905476  0.11095052759204031  0.11546517570697261  0.12007511101764877
  0.12487916026514920  0.12998473151171580  0.13504026151839768  0.14016658460876158
  0.14565307975666414  0.15155397377922242  0.15692871613335257  0.16222019157249376
  0.16713949796264496  0.17231782640918455  0.17729569882909890  0.18229216689160313
  0.18773309447733821  0.19405640824729209  0.19978995119003409  0.20618786690418320
  0.21297386536746366  0.22041993694700029  0.22736675062958278  0.23428911430498123
  0.24275942153088456  0.25141502776524438  0.25990308684131608  0.26847592605273651
  0.27748149683405177  0.28883759525732050  0.30103955014019651  0.31444481187334233
  0.32656721495601898  0.33807141191459683  0.34951151212339299  0.36257752596185028
  0.37663150175678545  0.39009131628058830  0.40509790764219850  0.42261602131830350
  0.44034777343274445  0.45913254511161783  0.47947507109981613  0.50086445760457032
  0.52045826770403925  0.54205927930450715  0.56241134571942264  0.58112811460617930
  0.60266796465234340  0.62716621591064547  0.65699494744812348  0.69643843421819729
  0.73504620471383797  0.78184359645742085  0.86329617581212370  1.00000000000000000
 -0.00000487263005018  0.00016112997890712  0.00074914765792416  0.00180504841316828
  0.00344036622179986  0.00574349573955076  0.00840083068125117  0.01118821210871932
  0.01485968441636011  0.01987815499125407  0.02481361194272283  0.02956081327737586
  0.03484347991084954  0.04102764869688377  0.04755281021589755  0.05406716979195124
  0.06181094888509323  0.07017946563067247  0.07817254094639303  0.08597030410681446
  0.09384627580058581  0.10187498484228064  0.11057614404601669  0.11882251383311054
  0.12751227539061744  0.13659714615301316  0.14615698308690242  0.15583908762925128
  0.16487904438148970  0.17444626765732441  0.18381664178649157  0.19268862067867787
  0.20077263585199648  0.20848272645403021  0.21651237786550651  0.22462674559399529
  0.23295621571685488  0.24179116284476018  0.25081569825175942  0.26001843901506333
  0.26975901168666810  0.28111470278366385  0.29155416435375398  0.30192434308955463
  0.31222332854949347  0.32186395938964446  0.33119506886397099  0.34058496195656601
  0.35062020545190981  0.36144226624236120  0.37292957241592978  0.38559940250863600
  0.39791793112827395  0.41007681116339945  0.42229108683824640  0.43484939306087855
  0.44819261427392798  0.46168191336562758  0.47574841472155299  0.48919353984415165
  0.50183879521927710  0.51370196575390148  0.52583057742965122  0.53815950374784582
  0.55062442611689810  0.56385612875014313  0.57701684896296834  0.59012662327988641
  0.60389240754018303  0.61817832853665411  0.63150587508261125  0.64519001208314863
  0.65984803955362670  0.67497820459223401  0.68928195949927784  0.70381972416257110
  0.71838192203848994  0.73262109242726547  0.74555006769479470  0.75884692715495317
  0.77191064313586122  0.78522162890672997  0.79884459148248244  0.81261916507196652
  0.82670925516224514  0.84146485641982027  0.85524513512177380  0.86926158986381930
  0.88333642099621068  0.89717720288166847  0.91227785435400788  0.92796403919349002
  0.94484516233348992  0.96316742671749656  0.98156086856546965  1.00000000000000000
 -0.00183516254433994  0.00872650199858930  0.01760680615146159  0.02662559595483117
  0.03593722338693173  0.04646766601326763  0.05679462377162232  0.06669185079507396
  0.07608146321798509  0.08476139757496172  0.09431696494376347  0.10490191622271136
  0.11514532141001850  0.12493527168268462  0.13472355743346828  0.14470414573599485
  0.15580291869447152  0.16695654214021025  0.17844713625024211  0.18949814699645767
  0.20015569328583058  0.21072899520169422  0.22078234814459677  0.23033073580878763
  0.24005968058401922  0.25013820099900319  0.26116835054666399  0.27245187718450353
  0.28359653580691757  0.29446280060868263  0.30579585761661676  0.31708920696884796
  0.32814982836705947  0.34041159037372481  0.35246978338240259  0.36334896146479878
  0.37352147386565548  0.38454446528130970  0.39674344158845326  0.40794555012940209
  0.41804575232432462  0.42855884046100029  0.43999274226108454  0.45276576234397931
  0.46499768975391942  0.47666929896927884  0.48928181639457813  0.50194261998472001
  0.51461249849961355  0.52685818112824356  0.53883832109484642  0.55028366157473618
  0.56082396057111195  0.57115352937426123  0.58158155339937845  0.59254563212742761
  0.60392721933950733  0.61323656979112617  0.62124118354521862  0.62916515672107409
  0.63731245560586081  0.64593942883453270  0.65448110604019083  0.66342865692911435
  0.67253464261431128  0.68190106319197030  0.69064832836181766  0.70018928385342571
  0.70981854796706489  0.72074475029981711  0.73197516754318503  0.74362774550346644
  0.75477329538529958  0.76589414317825411  0.77688882558280070  0.78884022578554225
  0.80080829478336224  0.81167746907107385  0.82318412256109441  0.83496983824060711
  0.84751667849498880  0.85970908458800321  0.87053510529062739  0.88188509731491049
  0.89215543405874731  0.90179716016786726  0.91031343625541639  0.91878466562895489
  0.92726410056583697  0.93620730556311038  0.94660841796803186  0.95677595435998564
  0.96645766444882164  0.97666748788919999  0.98724631429337428  1.00000000000000000
 -0.00202591971302904  0.00620713022357196  0.01410730221893842  0.02218685039250431
  0.03095859747129619  0.04077664143254003  0.05150214405999040  0.06337276739032165
  0.07617955310548331  0.08915247737954227  0.10073374179438908  0.11129595499544397
  0.12178840596582680  0.13257671188859937  0.14413434000066644  0.15549700244513051
  0.16634591986001471  0.17656689627814892  0.18675958223980738  0.19662978580622045
  0.20585265027840102  0.21511659781861395  0.22420640522758117  0.23579006350886075
  0.24889601934695599  0.26106912466315163  0.27204679990141084  0.28191730238553475
  0.29050967578560394  0.29883782819799398  0.30718095293402403  0.31697229163668322
  0.32766298394567778  0.33860459975109947  0.34971960704046451  0.36142980075801834
  0.37324890746852735  0.38452820368497503  0.39662809581103931  0.41063481379777206
  0.42223181893109490  0.43178386499362448  0.44251585010918298  0.45360657907790813
  0.46422690413606582  0.47486348051949478  0.48621651191759108  0.49766963541457554
  0.50827865085563051  0.51883339643762127  0.52914105022865621  0.53970491742820570
  0.55231568122658625  0.56586383174988963  0.57880186612573759  0.59136424257458808
  0.60208920140649569  0.61252222256056110  0.62281905789256631  0.63676029666724154
  0.65147831024838476  0.66524026703738925  0.67788127469220083  0.68953268234893916
  0.70082847764967870  0.71187901736948334  0.72508622428080582  0.73777660223995511
  0.74935225814355111  0.76056224079933887  0.77201419942909533  0.78408109924458680
  0.79561782619459087  0.80657006046307889  0.81692376721331594  0.82710975033470957
  0.83785694067003047  0.84884336012989259  0.85904586672574645  0.86812814233213509
  0.87760542679117814  0.88783279087333733  0.89773138435336008  0.90759381174427722
  0.91704743939459099  0.92749687255414048  0.93712738658984918  0.94504027606133090
  0.95210781694504976  0.95841804451600010  0.96537455343222955  0.97285823794104198
  0.98067121079560904  0.98765158133053976  0.99388990636512242  1.00000000000000000
 -0.00220485081655137  0.00868308492108433  0.01809572870660179  0.02931144974284723
  0.04172085466522191  0.05285823028975015  0.06330345352494139  0.07404329497476993
  0.08584659610971272  0.09770392016382100  0.11023506331871528  0.12221520152887255
  0.13309240868417824  0.14353565573920116  0.15290992416522242  0.16312653036430108
  0.17186964165036012  0.18099112204237885  0.19065539770514212  0.19856128910674359
  0.20740327811556669  0.21562067492836298  0.22360297314249380  0.23326297716466043
  0.24328675470506156  0.25418554445204378  0.26585973097786020  0.27702853357684354
  0.28739672596983512  0.29767412346979105  0.30860739538262361  0.32016878220587730
  0.33180165276608420  0.34340165261471772  0.35552111948512277  0.36641356730803210
  0.37551683594763985  0.38490532378412368  0.39474015676758512  0.40494489312240139
  0.41599585001964473  0.42576541890920772  0.43559990829901107  0.44560462901370135
  0.45646091581698689  0.46848498785659853  0.48077641945374866  0.49111333955648573
  0.50156240042684819  0.51237501458906953  0.52291273502297875  0.53342167226713666
  0.54346855695613694  0.55618006988291013  0.56799962161716822  0.58098274969049224
  0.59358585973304878  0.60624849373467127  0.61825614676693330  0.62931567395690435
  0.63939751918405163  0.64875936982389770  0.65882774206865879  0.66895715207859141
  0.67916453375893726  0.68971349342654542  0.70054269135269864  0.71209366314660516
  0.72418305211305301  0.73603878870475892  0.74832714496024622  0.76046073471916587
  0.77232296198752159  0.78443357405630409  0.79654500556355790  0.80836970048668189
  0.81923816853394793  0.82822315046214934  0.83755203873386563  0.84744464931055541
  0.85873376151636083  0.86925186663859144  0.88094205125649649  0.89270632847167208
  0.90557010819583761  0.91776966764814216  0.92795019342494633  0.93707850588302644
  0.94480948317663382  0.95299307561705093  0.96074086428270111  0.96800554595786814
  0.97573480664567103  0.98401501941786285  0.99195430234480675  1.00000000000000000
 -0.00261595290218899  0.01089087592769349  0.02161722570779445  0.03073747228080182
  0.03989848488811443  0.04923198945580773  0.05908189914149205  0.06962987885560142
  0.07957860464429437  0.08896130567683336  0.09817483538471508  0.10671455589584154
  0.11605868248467026  0.12565875158203924  0.13465489012227522  0.14360091511815537
  0.15081871506533634  0.15869186337555038  0.16636759011135324  0.17423685921713622
  0.18217368785893703  0.19072628811094361  0.19981088010903075  0.20958559872454521
  0.21979546926255761  0.23020688659049768  0.24175354248125558  0.25542567367461105
  0.26981532221871046  0.28117747718274078  0.29099717674586711  0.30148010768786337
  0.31263889441907966  0.32297315775247998  0.33234367747711302  0.34251040878013761
  0.35330035842867563  0.36419505000371150  0.37609053038038864  0.38933586669287301
  0.40336137563773211  0.41678651366687441  0.42854229571250224  0.44017436665942283
  0.45108233109656393  0.46280135739917755  0.47508495550161495  0.48683043132191323
  0.49857546923674212  0.50898676989785563  0.51898989279696695  0.52749791832047888
  0.53589368770670198  0.54476621765643385  0.55462556593262058  0.56467303925214107
  0.57581370874999949  0.58636697508698277  0.59695218297239838  0.60900137716331892
  0.62181956001955252  0.63404275386020037  0.64556830093754669  0.65829543844970972
  0.67013913186318941  0.68057280715403023  0.69108461429284140  0.70306013730054728
  0.71613345878761980  0.72650877107732925  0.73813397963733351  0.75052934309475361
  0.76535468001121665  0.78000869292420150  0.79306928611500715  0.80451530248246905
  0.81524384922620163  0.82654267987136498  0.83788429991395619  0.84828971114975316
  0.85766529974826500  0.86669182838546266  0.87600850139193809  0.88505992917168197
  0.89353546527759042  0.90236713275425751  0.91170387884811166  0.92082138138622727
  0.92998186005031280  0.93852185924183351  0.94758320943965768  0.95716140405772765
  0.96781172334878018  0.97861510775743199  0.98913548886032843  1.00000000000000000
 -0.00287957230577447  0.01193995915129613  0.02446807060881773  0.03693683213906719
  0.04858529589021330  0.05843171179609770  0.06821627968221824  0.07748109654943500
  0.08702606753872975  0.09734362169545127  0.10792596981977641  0.11873232312503770
  0.12882463164362762  0.13868276316179251  0.15093880393276327  0.16340312175396238
  0.17428885914341707  0.18328194544327628  0.19370118878600626  0.20382209411769150
  0.21490817369812437  0.22662404948924511  0.23809546483179203  0.24866769212892001
  0.25857580758102144  0.26861757448286766  0.27924926410723167  0.29058402239101921
  0.30482444503872996  0.31929705711175271  0.33210389328505757  0.34484626759934672
  0.35613475176168197  0.36577960700189199  0.37471801432017765  0.38366934271212916
  0.39259763325728625  0.40215406091850908  0.41315959805752733  0.42388005656401623
  0.43471677584644963  0.44424043813423647  0.45292623444907720  0.46144390284212694
  0.46974693843407478  0.47911941382046630  0.48880143278454707  0.49840983055505156
  0.50828218974088779  0.51888104993664486  0.52884633337715747  0.53858078717444735
  0.54868651975837524  0.56025726345472182  0.57220492156488711  0.58263616388814843
  0.59359848898247847  0.60582022258724300  0.61803846734639500  0.63039904412195935
  0.64247775068310109  0.65382948663091311  0.66343807132117905  0.67111442139306998
  0.67945393266345988  0.68822226404496500  0.69682006179379685  0.70563448486316238
  0.71498431712043731  0.72629605928041252  0.73851946981556560  0.75223008445447348
  0.76553722570418936  0.77642182056003817  0.78448100647617880  0.79216730075004615
  0.80018335863746681  0.80934703275148012  0.81882614660948549  0.82931086790450625
  0.84014024011189836  0.85259670639680618  0.86423902862720214  0.87516841198619155
  0.88526740710532714  0.89493337524626149  0.90530054527575732  0.91618068493170701
  0.92726563479404112  0.93866330655337948  0.94973816636959285  0.95983316933290830
  0.96998987812395787  0.98096815423705397  0.99107025599099841  1.00000000000000000
  5.98950141197186760E-011  -1.0000000000000000     
 T T T T F F F F F F F F T T T T F F F F F F F F T T T T F F F F F F F F T T T T F F F F F F F F T T T T F F F F F F F F T T T T F F F F F F F F F F F F F F F F F F F F F F F F F F F F F F F F F F F F F F F F F F F F F F F F F F F F F F F F F F F F F F F F
  <DiscreteSampler_grid>
  grouped_processes
  1 # 1 for a reference and 2 for a running grid.
  10 # Attribute 'min_bin_probing_points' of the grid.
  1 # Attribute 'grid_mode' of the grid. 1=='default',2=='initialization'
  0.0000000000000000 # Attribute 'small_contrib_threshold' of the grid.
  0.5000000000000000 # Attribute 'damping_power' of the grid.
 # binID   n_entries weight   weight_sqr   abs_weight
    10   10   4.870228988327773E-003   8.213804754208109E-005   4.870228988327773E-003
    16   10   3.385226433596407E-003   3.447346011971516E-005   3.385226433596407E-003
  </DiscreteSampler_grid>
