  0.05059495863607541  0.05654140509394683  0.06581002060805761  0.07502684633423234
  0.08338815210194001  0.09068560155869528  0.09745406988232415  0.10418550955377046
  0.11116263664945084  0.11816909955523988  0.12501567196222629  0.13156027980812490
  0.13797219124223653  0.14436698649013349  0.15071209121737400  0.15709859499811971
  0.16360620516094637  0.16999246142413096  0.17627428909283127  0.18229427496220080
  0.18804820506827769  0.19354043838023716  0.19885962770107279  0.20424475025830766
  0.20969916853627987  0.21528543603889458  0.22082014430964825  0.22615394769346353
  0.23134571974181961  0.23654554307124276  0.24187351472032431  0.24746970314341724
  0.25301977891385546  0.25860367196283557  0.26377146850936573  0.26864189645553410
  0.27321359768541925  0.27793935279529686  0.28324162566181521  0.28910753465332745
  0.29470529357423020  0.29973076206897492  0.30426785937809830  0.30872726964513231
  0.31343989514983112  0.31837810478814760  0.32337365522952988  0.32817979943574815
  0.33289427525059284  0.33772970203262470  0.34264967935016011  0.34735730627652495
  0.35191281787870848  0.35646889432053497  0.36118624310400810  0.36602204321615994
  0.37080563178845632  0.37541758361464239  0.37989979938183838  0.38441832422231637
  0.38897752481859188  0.39365020744787116  0.39841338770949447  0.40312023394414170
  0.40777168183870760  0.41228424152330334  0.41674155825608378  0.42117474016426404
  0.42555555894444547  0.42970119843588367  0.43383053454879178  0.43784403761853968
  0.44210750757016565  0.44661587872871056  0.45112922506365810  0.45577690100282220
  0.45997012603745907  0.46438723484732986  0.46887820312843997  0.47352796297170680
  0.47776383801381378  0.48187395899081636  0.48556482454173228  0.48957153637891754
  0.49337568556342221  0.49702399818621595  0.50138508489786870  0.50564586821301949
  0.50977610498032366  0.51385443065582070  0.51775024198211228  0.52125879027861566
  0.52397413288089711  0.52680542563221999  0.52802254207440835  1.00000000000000000
  0.00000680014068956  0.00000725093178842  0.00000762691755563  0.00000812519803667
  0.00000872480350225  0.00000941994743379  0.00001009355431801  0.00001076720781327
  0.00001152003291147  0.00001227387607634  0.00001301601867871  0.00001374908087149
  0.00001445934324313  0.00001514310465284  0.00001585492360659  0.00001668306308575
  0.00001754358731484  0.00001840109585154  0.00001931852346620  0.00002029492498112
  0.00002128974048300  0.00002225737044849  0.00002336756097067  0.00002452745790205
  0.00002587644468015  0.00002735759182217  0.00002885977099887  0.00003052342453399
  0.00003225736257707  0.00003406269246086  0.00003599138717076  0.00003806785745606
  0.00004039248028989  0.00004299703756533  0.00004578569341873  0.00004878884727023
  0.00005184437789293  0.00005477947081688  0.00005777906196774  0.00006080354108009
  0.00006447474858374  0.00006808839565402  0.00007203343957825  0.00007606358853496
  0.00008025415266814  0.00008488297841595  0.00009020051392498  0.00009613646571498
  0.00010232369738516  0.00010874948956856  0.00011548442975853  0.00012254068255010
  0.00013037473724210  0.00013888758976292  0.00014847209559312  0.00015873007386398
  0.00016990248550184  0.00018189919252598  0.00019451446066590  0.00020858161641655
  0.00022339819754297  0.00024087076265499  0.00025905934951866  0.00027948747441455
  0.00030084240509113  0.00032586753607404  0.00035367017553862  0.00038452581720637
  0.00041884640742437  0.00045584391379428  0.00049719130596589  0.00054270850593594
  0.00059534263395481  0.00065327800323041  0.00071764211915764  0.00079222998931644
  0.00088015899311494  0.00098655815059551  0.00110920361747534  0.00124649636920605
  0.00139855946829456  0.00156856701350270  0.00176168638844416  0.00198810330894682
  0.00225695004434435  0.00258637294310961  0.00299627982041448  0.00346758741308832
  0.00402375664357754  0.00469082373711608  0.00550660549543359  0.00654569837381389
  0.00788889955867432  0.00975189293849936  0.01288977083074379  1.00000000000000000
  0.00065732945934496  0.00149445293368634  0.00210762986909257  0.00264758371138724
  0.00318176306243432  0.00377923791046228  0.00436707890099021  0.00492962287335798
  0.00550177796822859  0.00609701334706357  0.00670510727492744  0.00729048410588493
  0.00788440110980121  0.00850813744905528  0.00916880479767512  0.00985587686867012
  0.01058486378235903  0.01134295080265683  0.01214279080212266  0.01299007374609598
  0.01388124883336745  0.01479187828844728  0.01571753612530261  0.01665985640807392
  0.01762357156703443  0.01859601724331585  0.01958380074305457  0.02060672368910376
  0.02169238164989049  0.02283383191446428  0.02405126523674332  0.02528293921631341
  0.02653867534560513  0.02778774161532568  0.02910300678030493  0.03042898012532082
  0.03181676947066962  0.03322372515186084  0.03469641253839995  0.03622936535646067
  0.03779727763746846  0.03942910529142594  0.04105712347378117  0.04277710537565704
  0.04464773085520203  0.04665181034673251  0.04869680851561182  0.05062684362059936
  0.05248710158738544  0.05433429975696121  0.05614171127136030  0.05803520176733830
  0.06006674168049186  0.06216359240729277  0.06430621918443631  0.06647089006934394
  0.06874296654240886  0.07114425808176109  0.07385714417837437  0.07667010224930897
  0.07955868760938989  0.08259917546863924  0.08570606353740531  0.08893926597295540
  0.09199637889337534  0.09484397461807884  0.09761844673948866  0.10041398734893793
  0.10345498703484757  0.10687488337282519  0.11055605000630629  0.11439041976081671
  0.11803188366927418  0.12164465455107207  0.12503056782244451  0.12838508092060472
  0.13191087479553493  0.13511879453974210  0.13848235618774080  0.14257496253543780
  0.14585457918857420  0.14881556677291310  0.15203731520075278  0.15499907200745872
  0.15796805127734692  0.16102126822756097  0.16430465965073945  0.16947862449683360
  0.17485919463805602  0.18045802126182423  0.18719271519774539  0.19857984893191857
  0.21093800211696773  0.22556938467855608  0.22567774202692042  1.00000000000000000
 -0.00205633194708924  0.00874722015851938  0.01799958779102469  0.02652132348432050
  0.03498108338781850  0.04393459854201678  0.05289418493257504  0.06227240409615060
  0.07188211806336145  0.08176166541984481  0.09241984835669567  0.10391711815385213
  0.11667127452869230  0.12960140477504611  0.14217660308731314  0.15446702381291527
  0.16653066515763496  0.17889486940850546  0.19115492158022709  0.20393027814722473
  0.21650653902684749  0.22855762980469038  0.24029934075495635  0.25174986320401849
  0.26315524716139005  0.27391840026046754  0.28468934391154044  0.29603278496316632
  0.30826366027871405  0.32056734107031415  0.33249067096769186  0.34421128083208102
  0.35562488433239864  0.36709338645398093  0.37919134046998099  0.39218603320742396
  0.40554108880018552  0.41881189399167179  0.43260301007179830  0.44611621750574137
  0.45911742349856421  0.47146035937516673  0.48369841356900617  0.49611428601506785
  0.50858893752401380  0.52107480697904818  0.53394574202388845  0.54739133975596266
  0.56105709727576003  0.57429979748009319  0.58721690453241038  0.59985681502136090
  0.61174331343075183  0.62319779335744740  0.63485179131822334  0.64673772088379766
  0.65834778168585228  0.66986441877768965  0.68114990876395942  0.69244677086270445
  0.70338375269295250  0.71435598562333369  0.72462137760902723  0.73524837131017251
  0.74597767101018420  0.75646860881085443  0.76669858863703821  0.77665271567317562
  0.78634577133497974  0.79603112741075011  0.80564367271428672  0.81523925551320320
  0.82435673567196310  0.83319612359567619  0.84203509688053590  0.85120134810412273
  0.86058482016541005  0.86967526402203821  0.87821954799823942  0.88588280329480873
  0.89343824421710916  0.90088698600496309  0.90865515424035004  0.91664437641798990
  0.92460720848406097  0.93288094670138011  0.94065435850740708  0.94829769700235378
  0.95554758809508544  0.96244618264251414  0.96882231499269367  0.97495785205011543
  0.98108859352577327  0.98727126987629654  0.99367186050044953  1.00000000000000000
 -0.00247215033032842  0.00873189339218719  0.01842184162487973  0.02813209563557201
  0.03856336814467345  0.04915849287188461  0.05995042882879395  0.07075006219809432
  0.08179307126969274  0.09252734372489735  0.10273072256822868  0.11303890496680827
  0.12348627356637833  0.13461240154289253  0.14644374201295479  0.15850217939226946
  0.17000883678217618  0.18098997313795145  0.19153673287759579  0.20201268741876974
  0.21226324623234741  0.22224534962504239  0.23226979639530224  0.24235088256579546
  0.25299406562484461  0.26324011839560396  0.27366701655449815  0.28419853018226632
  0.29514478093194724  0.30586352080466128  0.31601897652686034  0.32631403593857855
  0.33675614794774467  0.34771265903723841  0.35893261799074672  0.37016850614302754
  0.38113153217726631  0.39048210530928357  0.40044092382713559  0.41018981840060087
  0.42095643550067424  0.43100365325089907  0.44107903086344846  0.45134255947762769
  0.46204625590107384  0.47302112060918833  0.48371727698359746  0.49422334116913114
  0.50481621837629420  0.51570801479847972  0.52650140109124244  0.53715425015361074
  0.54731406868098409  0.55733311266629237  0.56744478418659350  0.57773324371034096
  0.58824188998795168  0.59801563226266952  0.60825902623098782  0.61870238446414150
  0.62936954532119327  0.64006958243548184  0.65069629208431046  0.66110863265094244
  0.67117790713065972  0.68118421034737797  0.69155225381313845  0.70294827499008172
  0.71493885593938489  0.72695533914178512  0.73872778156176666  0.74996586995575920
  0.76042346367511104  0.77046256437695515  0.78085078784337880  0.79193876425332210
  0.80318996870274750  0.81409821975154728  0.82489426309033698  0.83554844141520368
  0.84624753375341122  0.85703143219291500  0.86747826994266641  0.87756301268299541
  0.88739507872675871  0.89729035369315691  0.90762866065159398  0.91838398901051088
  0.92932522880163171  0.94029835148073238  0.95103101115060318  0.96119731775550021
  0.97062439110237553  0.98022916616424116  0.98999855178684060  1.00000000000000000
 -0.00264440363268397  0.01143613222779484  0.02350522561234987  0.03568410310333776
  0.04788352096119290  0.05982136947653507  0.07227411425108803  0.08470343602510473
  0.09734556828814991  0.10929093878949893  0.12097336666107893  0.13232279316260095
  0.14387772465695853  0.15567836462565751  0.16736917399060042  0.17865452043674329
  0.18960801637016092  0.20026917479852765  0.21047450472243426  0.22042726936900980
  0.23042131714504907  0.24006571875745075  0.24956637499999856  0.25925494629657542
  0.26955182593088434  0.28038976259688336  0.29081826473316391  0.30084090641077355
  0.31050616020417199  0.32026997973006122  0.33013664208362747  0.34027153977590185
  0.35084837122343171  0.36170964444915760  0.37218147762049569  0.38185953478828261
  0.39122279270464261  0.40078420779713292  0.41085161409617693  0.42059775412660116
  0.42991431610614239  0.43899489738039854  0.44835405383279847  0.45806700527129979
  0.46854829326662351  0.47938489856584066  0.48976575760506769  0.49991503930086778
  0.51018321607097561  0.52036866299695461  0.53058852435110626  0.54121184644983467
  0.55246579953573560  0.56383668431715006  0.57434108894192604  0.58394265824824854
  0.59285915724685134  0.60190723900673004  0.61130950692707242  0.62093367761480034
  0.63057230593708868  0.63995077090254748  0.64922099992982540  0.65871060612295929
  0.66829619542412211  0.67889951744636812  0.68930727337643460  0.69951005295483615
  0.70967888739950491  0.72036138606208266  0.73110124339421179  0.74062701369637007
  0.75026269227711395  0.76015148432446489  0.77049700909970265  0.78087355419957205
  0.79112341222831795  0.80134617155946863  0.81140759391380202  0.82183500832152112
  0.83228239892906775  0.84259421549805180  0.85275165595689340  0.86351613716430586
  0.87552096207255026  0.88792079633264598  0.89970317154986224  0.91067363003550761
  0.92105965981522309  0.93163503270883719  0.94273253091063747  0.95446010953296279
  0.96627829618128314  0.97799154400568789  0.98889084896917467  1.00000000000000000
 -0.00225816523453086  0.00863285783381065  0.01802610797272172  0.02854214369133228
  0.04024573795710346  0.05275481160345832  0.06453886859770888  0.07547279939041381
  0.08647247529530358  0.09787234761334357  0.10831081938611586  0.11892011730970888
  0.12906629609025666  0.13935108135723093  0.14930866067380444  0.15954535166179934
  0.17016084191630032  0.18057877843134149  0.19084300993103759  0.20114164889235731
  0.21203059801407942  0.22234978116854759  0.23237573762215027  0.24215796458571601
  0.25290855040006305  0.26318636689885649  0.27305853210327247  0.28277738837653288
  0.29263444304926967  0.30302462627965560  0.31309737770613510  0.32327736607719265
  0.33374440476816875  0.34409602065453027  0.35452962399290233  0.36514464451352396
  0.37616122606805158  0.38727663344168467  0.39827523287389732  0.40929989402815103
  0.42049042706264156  0.43128899618885397  0.44193661304307802  0.45275130466835506
  0.46384552218596609  0.47547890066413528  0.48684609417067787  0.49791092368428042
  0.50856654021656100  0.51905613286606611  0.52984659079621821  0.54010954792133614
  0.55059430167802614  0.56133615955880989  0.57241900658192446  0.58293974596900666
  0.59272030318371494  0.60251920729818886  0.61311941170257367  0.62432990209032546
  0.63558185976791726  0.64637367213851171  0.65660498491277641  0.66650816499559207
  0.67607011869709843  0.68593928652005454  0.69645892172715662  0.70751534225601920
  0.71811999519107128  0.72822367409205924  0.73869860347619698  0.74964640238324254
  0.76019722137033086  0.76995560382317896  0.77933951742898411  0.78891815588796865
  0.79885295866637762  0.80912352060726989  0.81972794283698880  0.83107702799398875
  0.84246765879931529  0.85360818115008086  0.86412098913649460  0.87450242122554500
  0.88443364966621074  0.89436526408399675  0.90435857936031905  0.91442095015212022
  0.92452024588136505  0.93480734891385575  0.94529693093636058  0.95592388915099058
  0.96673012420180737  0.97809918687105690  0.98914819180924174  1.00000000000000000
 -0.00249613758445161  0.00957215386647465  0.02019389358545657  0.03106971196706227
  0.04214637545271283  0.05299763620946495  0.06393793049919570  0.07472123378225395
  0.08499470323678741  0.09540899192313404  0.10619283847744651  0.11788095873190049
  0.12906339448124901  0.14016572432723873  0.15090802960549246  0.16170387092608018
  0.17211314205605927  0.18271380518664451  0.19275585438778334  0.20205427255567199
  0.21066621326197757  0.21982251930193578  0.22996896312209411  0.24121419581351064
  0.25313071091882688  0.26526895332253175  0.27665606649030222  0.28725482212566666
  0.29793816369834925  0.30895610595556738  0.31994317975844028  0.33001534520867415
  0.33950466115108968  0.34898691817815908  0.35858208306053391  0.36889907512566000
  0.37993550287503058  0.39102529561291677  0.40094134781730179  0.41013200160690966
  0.41934812579835062  0.42951260069390873  0.44008411114841689  0.45025999658506455
  0.46011407165508822  0.47044641069941789  0.48123848179642464  0.49185136389672951
  0.50217123144931464  0.51253854171577273  0.52309086193361531  0.53335425070630660
  0.54362881439987976  0.55378609876870788  0.56399492622772363  0.57435402842403860
  0.58501548687320315  0.59624468676288411  0.60805427717470739  0.62011782856907505
  0.63175038811898543  0.64281468512085760  0.65373553045203192  0.66398297438194442
  0.67398392100652171  0.68366414482258697  0.69381532913021526  0.70467670457728671
  0.71561792777272237  0.72636216881000504  0.73659587704213336  0.74654707989342795
  0.75646296982733996  0.76607275811987541  0.77568038068079403  0.78590480029473320
  0.79694734706584747  0.80846937291148324  0.81987460154000524  0.83112220379965340
  0.84234546671417732  0.85371100365864727  0.86509027555541596  0.87619270892110424
  0.88708959170021007  0.89807356387275639  0.90947952616887417  0.92068672703996257
  0.93115864083153377  0.94123201063707884  0.95121894254036576  0.96130855618344369
  0.97116068137601275  0.98095437070678304  0.99057613493665242  1.00000000000000000
  9.60383800574963233E-008  -1.0000000000000000     
 T T T T F F F F F F F F T T T T F F F F F F F F T T T T F F F F F F F F T T T T F F F F F F F F T T T T F F F F F F F F T T T T F F F F F F F F F F F F F F F F F F F F F F F F F F F F F F F F F F F F F F F F F F F F F F F F F F F F F F F F F F F F F F F F
  <DiscreteSampler_grid>
  grouped_processes
  1 # 1 for a reference and 2 for a running grid.
  10 # Attribute 'min_bin_probing_points' of the grid.
  1 # Attribute 'grid_mode' of the grid. 1=='default',2=='initialization'
  0.0000000000000000 # Attribute 'small_contrib_threshold' of the grid.
  0.5000000000000000 # Attribute 'damping_power' of the grid.
 # binID   n_entries weight   weight_sqr   abs_weight
    10   10   7.513115249277541E+006   3.996511357678109E+014   7.513115249277541E+006
  </DiscreteSampler_grid>
