  0.00000286266658329  0.00000298942672753  0.00000308535540015  0.00000316366317936
  0.00000322928653213  0.00000329075486577  0.00000335146209492  0.00000341808307447
  0.00000348103982341  0.00000353296796369  0.00000358648701078  0.00000364757109620
  0.00000373784599327  0.00000384868353455  0.00000398966614991  0.00000416466014050
  0.00000433491345660  0.00000448170671800  0.00000457608298514  0.00000467001104609
  0.00000476349127470  0.00000484862220328  0.00000493762121193  0.00000506373139679
  0.00000521789933668  0.00000545863827658  0.00000567288198481  0.00000588027321467
  0.00000608722085084  0.00000628346516680  0.00000646652134812  0.00000665920243249
  0.00000684747135165  0.00000703277317621  0.00000723221230153  0.00000746227323437
  0.00000773468517475  0.00000806807017862  0.00000829009006369  0.00000847775059579
  0.00000861924051508  0.00000875888476463  0.00000893669130883  0.00000918857174007
  0.00000945966492727  0.00000976528528266  0.00001006652516211  0.00001040989681884
  0.00001076379903469  0.00001119633373377  0.00001164437199680  0.00001218685027599
  0.00001286073282864  0.00001362318146459  0.00001446829945936  0.00001551808880588
  0.00001673825811203  0.00001812358200006  0.00001948931846389  0.00002092928464514
  0.00002262315565615  0.00002461994915870  0.00002696805017056  0.00002956226063461
  0.00003210721789416  0.00003474279316952  0.00003749664306827  0.00004086442083525
  0.00004444800420490  0.00004791774527629  0.00005219689440004  0.00005845324082990
  0.00006587909317084  0.00007325717307165  0.00008110743543023  0.00008987297601072
  0.00009883173033890  0.00010587853636846  0.00011177957019376  0.00011981894086969
  0.00012918179356280  0.00014078829198331  0.00016501941090137  0.00020126006659319
  0.00024751847069869  0.00029432576150183  0.00034731530122869  0.00041683294251754
  0.00050475460920057  0.00064218162650644  0.00085401228663996  0.00121080631591813
  0.00191893790319231  0.00348772073523577  0.01120927920698257  1.00000000000000000
  0.00024531236734940  0.00061261529280963  0.00090458987486095  0.00115075662706603
  0.00127094523730848  0.00139108216875287  0.00147770899537590  0.00159009729670493
  0.00169601063553100  0.00179405312210595  0.00190667203644707  0.00201851099546708
  0.00213686876260321  0.00226731818190523  0.00241477276772436  0.00255480729749649
  0.00280559873190481  0.00311699524902052  0.00343897367284185  0.00375163016797344
  0.00406294336693637  0.00436467065317171  0.00470833513987451  0.00508220118956123
  0.00543436060081669  0.00576957130423535  0.00613919729494399  0.00655028579139712
  0.00697871565157528  0.00741112362057556  0.00778491001743908  0.00811719303228805
  0.00845433394544130  0.00881673258809113  0.00919139075928844  0.00971201139994075
  0.01029946695731131  0.01097346832214637  0.01163633706481131  0.01241946380882443
  0.01320496521098869  0.01402782558844849  0.01480784973399862  0.01564085380181010
  0.01663385341388317  0.01787243166341732  0.01917131547256339  0.02033843040735458
  0.02149527583860275  0.02263056388426278  0.02390407604288329  0.02534400870587342
  0.02699620679371964  0.02894647375732389  0.03096321176739688  0.03250694649109100
  0.03408055613433102  0.03555735216276633  0.03702742995873467  0.03882879765598252
  0.04099225328536710  0.04390606937229524  0.04638709278447573  0.04814386081203754
  0.05037988045523664  0.05272176094776463  0.05519171322190140  0.05874182058555466
  0.06215898167751192  0.06598677790646296  0.07020176904105777  0.07492693532295287
  0.08040149639193787  0.08642965657010573  0.09332921338172911  0.09952618569421867
  0.10574671013373615  0.11232348974760378  0.11878064317874457  0.12628702419817228
  0.13400520762405607  0.14305871050040789  0.15438696962498025  0.16727695060732084
  0.18080671002774790  0.19438784981487142  0.21349164458578163  0.23507099623552918
  0.25879168363211436  0.28547757646257649  0.31684279580383745  0.35552607419766324
  0.40269031119234844  0.46641393066895692  0.59156896237496093  1.00000000000000000
 -0.00029139122600101  0.00338082002178918  0.01156944700398879  0.02280572235640426
  0.03058127893288020  0.03950657176639332  0.04896347809417158  0.05959177865694297
  0.07151985477515763  0.08437861487385642  0.09503426000250911  0.10574009797413517
  0.11696762473726531  0.12912132435699628  0.14186235354395529  0.15642817379174112
  0.16906746293897587  0.17979729321979249  0.19030051862254344  0.20057237226019725
  0.21048262492302322  0.22013202744239010  0.23040145348803842  0.24204401468134254
  0.25219847113086835  0.26249928883410523  0.27325035126285580  0.28586803809302408
  0.30056392271803167  0.31582325186424565  0.33014032868114640  0.34288343828164597
  0.35428046839800115  0.36511953507065809  0.37633819652006456  0.38633607021198429
  0.39454866527561733  0.40174529226749151  0.40871911788441506  0.41673669929942070
  0.42630203609024686  0.43534133497147492  0.44427695406445705  0.45371852652963340
  0.46360482715936963  0.47406337951441979  0.48427229026938995  0.49340652176177047
  0.50191009367010764  0.50864233526004388  0.51446356034531893  0.52134711524001143
  0.52904656827201524  0.53708480054405805  0.54485613206618144  0.55246138555386703
  0.56135989843048373  0.57277966104059141  0.58374640190367832  0.59251680343457402
  0.60147328721005644  0.61141502403802905  0.62224448517820563  0.63557332081456031
  0.64541029999860722  0.65466932868325078  0.66402293329887130  0.67240270681915326
  0.67975343842458291  0.68808671089811813  0.69731355503019499  0.70610905584112016
  0.71707462652165166  0.73021292649906144  0.74500041893160840  0.76093890666546204
  0.77670973881514116  0.78955326452695063  0.80317175984008682  0.81559430706433655
  0.82765534943372088  0.83856423743945896  0.84795943572908961  0.85901408694854497
  0.86852413867716727  0.87815286433771989  0.88788137294008673  0.89833616029098551
  0.91035918274700234  0.92310796920817206  0.93444122801295504  0.94623614776936249
  0.95937262813363455  0.97294257520441951  0.98575682476853832  1.00000000000000000
 -0.00299345959010666  0.01204472270984132  0.02328396155875572  0.03542138878016197
  0.04719661202191341  0.05544212774405437  0.06313777586541389  0.07197313439266803
  0.08086630124710753  0.09039629367799853  0.10301903237088411  0.11787263513824504
  0.13183447945149651  0.14311879155541105  0.15318992426003863  0.16381497992322439
  0.17355430697098992  0.18519928852537884  0.19718359178871392  0.20936411494382243
  0.22287606733523785  0.23532548073703471  0.24599141211364753  0.25598956553545615
  0.26655961671253170  0.27729893507177722  0.29267999048118010  0.30673422255775118
  0.31787043741878523  0.32857291735821270  0.33896021773523477  0.35019581328552196
  0.36128325397012101  0.37014613179439299  0.38001977098973233  0.38914593232034644
  0.39766251747463532  0.40604328852574123  0.41582914810036603  0.42588876315196278
  0.43621457092362997  0.44634354020135858  0.45356906778422723  0.46058627523429074
  0.46683882160477363  0.47334197652429066  0.48136314851547934  0.48916742470557728
  0.49769395885578893  0.50769585100708359  0.51850068870162291  0.52923002549284848
  0.53949346204037751  0.54981621645419887  0.56032014833012789  0.56984785843224561
  0.57812286150194458  0.58661021065198671  0.59613383951586618  0.60646736402745283
  0.61795461964757248  0.62972470899364530  0.64072765005069665  0.65281421525263450
  0.66398893755068722  0.67400823513300057  0.68280926732058367  0.69095634575071840
  0.69920308157092270  0.71003358218292045  0.72195078933714862  0.73383776938626488
  0.74426167207577354  0.75389795805429349  0.76452435063898427  0.77569891671402991
  0.78399658951981355  0.79362008671172235  0.80711121163229294  0.82163458112874665
  0.83388156965055305  0.84396961333201048  0.85331145200716729  0.86210708620781307
  0.87238385977459743  0.88524064118583989  0.89698978805302698  0.90773679105683103
  0.91747820530542401  0.92667621169124181  0.93694689713924140  0.94821119149230415
  0.96005133774173446  0.97182664399341900  0.98499683970998630  1.00000000000000000
 -0.00248292790761215  0.00649186446333561  0.01365924960455319  0.01979667048813602
  0.02618393216093034  0.03379115000722367  0.04252408541072021  0.05021976205818655
  0.05662469668958407  0.06382942765633499  0.07210103187603618  0.08268290271063304
  0.09571571848031021  0.10941708395584547  0.12275633359414069  0.13626113295928804
  0.14929852142769021  0.16122907185106253  0.17172030187105988  0.18306535694083118
  0.19435875059006733  0.20565811418388746  0.21630521640735675  0.22721724475839436
  0.23724327729416242  0.24733287947630936  0.25773222768235110  0.26840115262223607
  0.27860435061639949  0.28921698173934318  0.30182284705973839  0.31606479259143000
  0.33001652548952864  0.34302128539508825  0.35688230158500356  0.37143719379816109
  0.38404042521555709  0.39527506288682868  0.40629388682859691  0.41640227922677409
  0.42617782912321062  0.43758705019722943  0.44863626525916878  0.45886827041558381
  0.46889920193107287  0.47877715472502574  0.48960790908938345  0.50054116513298719
  0.51136459944762536  0.52231295940084455  0.53426455137102480  0.54705325102878044
  0.56024995813165390  0.57194544860882945  0.58079160765558757  0.58938848890797213
  0.60050447678119223  0.61562792702131797  0.63124331284460033  0.64500863122902630
  0.65851881940635670  0.67140064457136894  0.68373485946386925  0.69473677587412175
  0.70434120689959911  0.71303239900306981  0.72299991793633356  0.73479832389754973
  0.74659729647199602  0.75823399994934282  0.76913022653909380  0.77800039035968271
  0.78473906220316225  0.79104539277428965  0.79870281272966526  0.80688493145322637
  0.81577403795112657  0.82795442106798023  0.84202990004597600  0.85456784103886241
  0.86490927832896281  0.87500769098380637  0.88522207125797481  0.89482961255057059
  0.90347579621832919  0.91164032788693328  0.92193904449105413  0.93319000037029987
  0.94061744432990302  0.94699274890576501  0.95291605979497840  0.96041501598940460
  0.96984595230808313  0.98051692874824592  0.99002850838301837  1.00000000000000000
 -0.00186082054524787  0.00833400017213828  0.02071888918214979  0.03367382472978558
  0.04369620438195315  0.05224517030941071  0.06055631412658827  0.06992670808628647
  0.08237412974439692  0.09679448025115464  0.11092002940809954  0.12331473640799748
  0.13456990370408597  0.14592636802013739  0.15640224049419371  0.16516525579839797
  0.17434935267101431  0.18406427805343739  0.19418622459064741  0.20366189233705964
  0.21336164368595059  0.22392662999855820  0.23470125009077958  0.24561494730153080
  0.25696859425232926  0.26851861459743792  0.28013852262204181  0.29156940841911144
  0.30096218021793919  0.30736309178889515  0.31405529366472246  0.32284821284331494
  0.33404967482953091  0.34477244858716449  0.35123238503900256  0.35725203666029010
  0.36376470050711190  0.37088018380266441  0.38043267337498704  0.39122195546425220
  0.40212241114139380  0.41619976664780911  0.43186754103338687  0.44720728118597391
  0.46155807152238182  0.47456768739736310  0.48651409107725463  0.49735259090955258
  0.50724630575452778  0.51675558664650423  0.52615908298558189  0.53585914975796689
  0.54616536167146679  0.55607575052029312  0.56675881194321187  0.57847622482314831
  0.59030539833081508  0.60130671322950158  0.61229703931498469  0.62349247014577569
  0.63424790935316389  0.64484381796042423  0.65463097688751670  0.66522224185716095
  0.67529871831247579  0.68471644676304644  0.69362059382394936  0.70261439471283527
  0.71412402644570905  0.72573930525558061  0.73513794597616000  0.74330023428964298
  0.75136996356048402  0.76245834000450519  0.77594825435959114  0.79026610138991371
  0.80424382537249772  0.81861606543292464  0.83189640104638862  0.84149801780371170
  0.85063497774007046  0.85999993973017397  0.87053351819845071  0.88202844150328108
  0.89083247179084557  0.89950809990658487  0.90885547249600329  0.91846979643638960
  0.92925759932414242  0.94114151702230409  0.95295694035026424  0.96193413490733770
  0.96928216476847062  0.97860999178004437  0.98830061388612833  1.00000000000000000
 -0.00323261820919009  0.01498846595018533  0.02912406784028464  0.04093332619553742
  0.05079024816209812  0.06099636423843900  0.07172899535264045  0.08233345589938471
  0.09374949640183601  0.10548921873715417  0.11511453571594001  0.12450378403294232
  0.13502583448211744  0.14828367470031453  0.16125473681472016  0.17282422194844110
  0.18310833373457841  0.19309143938844742  0.20414962333965661  0.21390674716481589
  0.22327361321973843  0.23192497052308436  0.24336453241079284  0.25759078180407863
  0.27261326928940499  0.28548987403820036  0.29513356712818845  0.30561665215363532
  0.31436040205736854  0.32122321683227445  0.32778924562568779  0.33401278108015420
  0.33939589530553205  0.34597610133730183  0.35575799006491643  0.36433876412930888
  0.37202218524482245  0.37971025645205619  0.38858230654520104  0.39878678231424292
  0.41025238689815641  0.42374477919024939  0.43523178433865439  0.44650261440284339
  0.45824936388782839  0.46974895100864933  0.48045247947835029  0.49004993453259277
  0.49926279076296409  0.51048328349103456  0.52292388969690506  0.53403326763358083
  0.54326409494067152  0.55045888408786869  0.55858854498630373  0.56650941342772076
  0.57307697328355467  0.57983235848986692  0.58813529705093148  0.59757244534372844
  0.60688709515985761  0.61656637299517869  0.62733168592744915  0.63513808418346174
  0.64400408511670648  0.65398838135535931  0.66384520380125245  0.67308544755588895
  0.68575140603395912  0.69892860616616825  0.71109902405844405  0.72392977346173870
  0.73838988520489202  0.75331069756559577  0.76746956499722552  0.78023858056560369
  0.79146609722767958  0.80134252771191827  0.81038224545552207  0.82082258865368662
  0.83242196381357658  0.84479443356025308  0.85826272454445762  0.87224549310637922
  0.88404461045312788  0.89433827891468032  0.90301019023462892  0.91086615152790684
  0.91873800095232105  0.92760728497564837  0.93842666273228659  0.95138776746395914
  0.96304545509806594  0.97368718740002602  0.98325601735225077  1.00000000000000000
 -0.00154344973780630  0.00637420635208847  0.01660006824413572  0.02652370364685360
  0.03707370290841302  0.04966519372393045  0.06265067342574844  0.07404948086286257
  0.08330358873428476  0.09189325111276199  0.10051113867807397  0.10893479438584000
  0.11864486651906540  0.12964415881546051  0.14201395302155437  0.15409916506530486
  0.16401637276030623  0.17595862901796860  0.18608130206575707  0.19543297042551219
  0.20471413213242942  0.21331142477607559  0.22228986690327157  0.23164753842235736
  0.24151617233867231  0.25042320817785230  0.26002463476443488  0.26975732430382615
  0.28093118538045231  0.29419466563252111  0.30617536912791388  0.31676760025486084
  0.32771892568986527  0.33939490807662143  0.35071899093846937  0.36010261206517341
  0.36865043990772067  0.37859849343840035  0.38732315975313236  0.39525547961395241
  0.40361346085390892  0.41216712087494883  0.42199471571307734  0.43318493985300965
  0.44580567371325175  0.45862032200971364  0.46979680597399442  0.48321600967041906
  0.49640363502426582  0.50820611286914819  0.51880688250758999  0.53062882090452113
  0.54424926437786159  0.55502274767563353  0.56441127252396361  0.57349473768367731
  0.58278920810851087  0.59437835859606136  0.60562448600690477  0.61441760745839968
  0.62264603930790696  0.63238790775070897  0.64331067263191599  0.65583107293279930
  0.66830368059461676  0.68036427047691173  0.68999653516629778  0.69860847150054095
  0.70667166179948870  0.71445151051949540  0.72270371044365445  0.73183882510265807
  0.74283720690380206  0.75390825332875244  0.76621110940239912  0.77936480863186564
  0.79255992364090555  0.80532865821037514  0.81668613002474277  0.82460359976967246
  0.83168108492105086  0.83970896008052609  0.84701197796743188  0.85437031551649800
  0.86403752667215472  0.87632823671479088  0.88698878752528532  0.89614083890558949
  0.90521845075460461  0.91699900122729805  0.92960248676423174  0.94362673300358912
  0.96004684176522204  0.97574018377766558  0.98792794512812354  1.00000000000000000
  8.99604893644232173E-011  -1.0000000000000000     
 T T T T F F F F F F F F T T T T F F F F F F F F T T T T F F F F F F F F T T T T F F F F F F F F T T T T F F F F F F F F T T T T F F F F F F F F F F F F F F F F F F F F F F F F F F F F F F F F F F F F F F F F F F F F F F F F F F F F F F F F F F F F F F F F
  <DiscreteSampler_grid>
  grouped_processes
  1 # 1 for a reference and 2 for a running grid.
  10 # Attribute 'min_bin_probing_points' of the grid.
  1 # Attribute 'grid_mode' of the grid. 1=='default',2=='initialization'
  0.0000000000000000 # Attribute 'small_contrib_threshold' of the grid.
  0.5000000000000000 # Attribute 'damping_power' of the grid.
 # binID   n_entries weight   weight_sqr   abs_weight
    10   10   2.872956225708659E-002   8.208120960947462E-003   2.872956225708659E-002
    16   10   6.605668519337848E-003   4.332248319598150E-004   6.605668519337848E-003
  </DiscreteSampler_grid>
