  0.00000884007850210  0.00003167680369236  0.00003802767544826  0.00004726919934577
  0.00005291538259085  0.00005794012512950  0.00006447381307518  0.00007140056534962
  0.00008049358974970  0.00009016553853829  0.00010828983181879  0.00012809263066760
  0.00014866187687757  0.00016812633249831  0.00018357248116705  0.00019796893598628
  0.00021509466247836  0.00023315729047666  0.00025109105256960  0.00027419434479630
  0.00029983997963029  0.00032722021930718  0.00035437757003293  0.00037994560824946
  0.00040638508976942  0.00043468663493914  0.00046479560725202  0.00049753076632141
  0.00053202588396848  0.00057236555084414  0.00061152828732476  0.00063859405222430
  0.00066225592176515  0.00068633998242501  0.00071154941293408  0.00073774326295387
  0.00076396169883017  0.00079179548284542  0.00082144307604421  0.00084905156605238
  0.00087467511598067  0.00090134333524214  0.00092960970981818  0.00097057070643755
  0.00101411270125774  0.00105262422360936  0.00108881028849643  0.00113140743300837
  0.00117747764028500  0.00123214645451611  0.00129854642515847  0.00141575455138492
  0.00155444000728634  0.00170163115812299  0.00184583709656189  0.00197816645078893
  0.00209686164211466  0.00219729122983049  0.00230756764026270  0.00242617978277587
  0.00256630837404927  0.00271442751721289  0.00285956767564523  0.00299670874835741
  0.00317129064707699  0.00336438934553347  0.00358466413964165  0.00384352340244779
  0.00412562699730370  0.00440279336350587  0.00468623306882325  0.00500090224878326
  0.00534466239202215  0.00567780976573593  0.00601632464116532  0.00638637197030079
  0.00683068484946194  0.00734153926635733  0.00792709010155927  0.00867964153865868
  0.00952416121374508  0.01033945811499921  0.01115020086541152  0.01201388947105174
  0.01302457736378135  0.01432612017458536  0.01621660970550106  0.01880438060555242
  0.02194673814958801  0.02561270356955957  0.03106616828954152  0.03911892596932392
  0.05247697028576722  0.07516458805517787  0.13741134752455622  1.00000000000000000
  0.00095589281644649  0.01606797404107966  0.03628674224271208  0.06009358187024179
  0.08530160870898776  0.10821027112499826  0.13380855477225082  0.16036526953362437
  0.18544421323409147  0.21048591387458043  0.23366813701485931  0.25758908297572836
  0.27922530785645638  0.29773204529705416  0.31542000400638176  0.33395587497074897
  0.35293357334998970  0.37064733001948857  0.38827926511240163  0.40473859717370331
  0.42011814630514493  0.43487794628173687  0.44883221643573440  0.46209449195359420
  0.47461428636264369  0.48646460635949551  0.49760632751179934  0.50840460569605117
  0.51880609791240295  0.52812371087687771  0.53813679842771445  0.54729210317843169
  0.55480289372596936  0.56158573357186392  0.56827896691751034  0.57452304344807792
  0.58031889448797791  0.58635971254866948  0.59218209734473348  0.59834817603604584
  0.60465707079911901  0.61059071586756408  0.61564998673676408  0.62064675215435217
  0.62580902857903553  0.63104574592887841  0.63572065399717137  0.63971271177116373
  0.64343713303101313  0.64705135805914205  0.65064786619385728  0.65405325516492185
  0.65742616606510651  0.66080938092483688  0.66419641323090772  0.66750480042829541
  0.67070641171667478  0.67362104080950747  0.67662689917283514  0.67963969554625103
  0.68267124028473225  0.68573783750806627  0.68846197359126282  0.69096924571579765
  0.69344562718504799  0.69604490607797642  0.69880879713309529  0.70155244136051853
  0.70415224046871150  0.70681273777989151  0.70940256004632507  0.71189249655856979
  0.71429675087149724  0.71666642165274497  0.71900885500041067  0.72139507581003870
  0.72383704373216684  0.72626548081291487  0.72866518817828252  0.73082361926277173
  0.73285798531654800  0.73483521772519911  0.73681031899324556  0.73855605227619436
  0.73990791496997599  0.74088796381908106  0.74199022106429402  0.74299943895738407
  0.74400923560093779  0.74497072862859182  0.74599410892284557  0.74701472563019367
  0.74810856404451986  0.74928313611052555  0.75012768524011697  1.00000000000000000
 -0.00000046312273553  0.00022333150533121  0.00050071385671645  0.00091520332450327
  0.00137889373413213  0.00188675763655881  0.00257137478407546  0.00355655939039075
  0.00450150986990150  0.00528310621909525  0.00629444877924704  0.00734605403436762
  0.00846667738565875  0.00967305412406110  0.01097121635881289  0.01235375064178009
  0.01427280049025596  0.01666363861276153  0.01929454797695100  0.02216222022314436
  0.02461679232102391  0.02704742397604204  0.02992792809715234  0.03270457047030791
  0.03600766152098545  0.03884159397188546  0.04195442421260644  0.04506257371630941
  0.04822612775942740  0.05179755944235153  0.05559268271857433  0.05975539923352647
  0.06415861795034629  0.06828926843698609  0.07257381950667441  0.07731677694521075
  0.08204762650079397  0.08626735233587254  0.09006422634783862  0.09385242401579921
  0.09799354946634732  0.10229512089081889  0.10637764607162345  0.11017006427310271
  0.11453139248673196  0.11943294696373567  0.12488332521233249  0.13069167720728711
  0.13533093371448113  0.14069447494539142  0.14677036061051521  0.15317213269622865
  0.16086951682691722  0.16898308171830448  0.17686829791141395  0.18433579595282099
  0.19253018128485724  0.20117692621725047  0.20825918916655206  0.21328598335791685
  0.21784959373855170  0.22234508044663118  0.22773325247920814  0.23348570296961932
  0.23896945623869059  0.24342765674631245  0.24779526776797631  0.25202574143085216
  0.25664205038092286  0.26205900886450639  0.26809175845829364  0.27436968256862349
  0.28055831789877966  0.28699154568713320  0.29434823195217374  0.30255243524494735
  0.31166602558414752  0.32310410950589419  0.33658487829382389  0.35047391696501540
  0.36437819994672166  0.37965034067915643  0.39495032861593998  0.40963357724124466
  0.42598604679268237  0.44498686217082689  0.46482450271946724  0.48755971521395519
  0.51531700851792284  0.54502668709918456  0.57824738571073508  0.62207444472665963
  0.68049096883054372  0.75922704759599668  0.87855684685084678  1.00000000000000000
 -0.00328266319161272  0.01481433394837229  0.02909452181523095  0.04216647220562430
  0.05545744246464976  0.07024593700557176  0.08319616714543401  0.09174883733831185
  0.10011956038772428  0.10791770006602287  0.11542086230798548  0.12307161857370223
  0.13088771159543600  0.13792500452965245  0.14549993114953963  0.15246563891643561
  0.15950554778602155  0.16702306367992117  0.17807842694772216  0.18869283203712248
  0.19715706115523471  0.20615320096706363  0.21508588067473744  0.22351058415290834
  0.23148087338845255  0.23938777728616370  0.24740552751907097  0.25789094909356081
  0.27008396500655740  0.28290757076063422  0.29525272137552644  0.30652623683578184
  0.31670336525581078  0.32617992866785300  0.33608811808151967  0.34851772917167079
  0.36488411512141372  0.38153172931292145  0.39576901282208798  0.40840656184868596
  0.42215737050166885  0.43713749076630748  0.44963364273171308  0.46151937162896867
  0.47483064671260761  0.48957434097648522  0.50548715055910132  0.52128423121264156
  0.53480222761182783  0.54646513051508494  0.55833190959818224  0.57141165233796487
  0.58348497178742209  0.59413100491911253  0.60390382247489727  0.61305406347376490
  0.62218615638702290  0.63209848591662809  0.64233230133979347  0.65328862307876345
  0.66425161259710186  0.67473364437528560  0.68479975870864618  0.69449136182949822
  0.70366599604000524  0.71378006840954122  0.72540646194022784  0.73697006433618628
  0.74756747876623819  0.75853573976531274  0.77012160550071962  0.78151225775299860
  0.79224947329920037  0.80254064617571941  0.81298484644988334  0.82451994542816487
  0.83773531441756499  0.85123157409447214  0.86297362309972436  0.87418282251054547
  0.88490383656927574  0.89513064597600756  0.90484632432948553  0.91406868081598913
  0.92378175507158100  0.93374072778595629  0.94323327504079657  0.95318108434839721
  0.96090689731907897  0.96705907918201772  0.97290588169056280  0.97869683074895186
  0.98422141538615171  0.98967605085142019  0.99500817006968456  1.00000000000000000
 -0.00134449899386904  0.00613031885151704  0.01286762821262082  0.02097015311049524
  0.02958996852855236  0.03742823031978641  0.04431709587116651  0.05148528903424093
  0.06091887467086293  0.07226253994887932  0.08361257172046126  0.09401555768395352
  0.10396138795298224  0.11432910028499452  0.12533691347242662  0.13610487034512841
  0.14644697343622248  0.15670511405852081  0.16819035796609538  0.18066394657282225
  0.19351438282946837  0.20609378300724132  0.21766681676247551  0.22821138635930993
  0.23771944567793568  0.24707543786925956  0.25685404061782924  0.26745120680949247
  0.28025627690337357  0.29453252668445201  0.30876875565118583  0.31700536423518660
  0.32259207783388938  0.32859736302416259  0.33529361504903937  0.34257157667924149
  0.35002519237667018  0.35725447809692118  0.36423438912307149  0.37045013689811412
  0.37727324348302499  0.38794814745506134  0.39894717896795040  0.40950302444258962
  0.42016878096883131  0.43137132687365309  0.44247189158682126  0.45338101840436607
  0.46484462862510767  0.47642332140213245  0.48806476400106225  0.50025694211525451
  0.51323638265594351  0.52680137962024054  0.54162813369145291  0.55647980206867897
  0.56840162240199810  0.57904078594342745  0.58923874123231768  0.59989008890977003
  0.60987243614308717  0.61757209710158201  0.62443051718577569  0.63070971971654100
  0.63867457927189797  0.64751901713490945  0.65578407507289838  0.66338295250170787
  0.67122001309506341  0.67896223589995897  0.68821047049660267  0.70144568208995051
  0.71623486245230195  0.72967230377589332  0.74112217887230747  0.75142909097315780
  0.76191264514428481  0.77398367722308348  0.78590126582088604  0.80003852432964773
  0.81380583911536730  0.82597699938967073  0.83921380284205327  0.85358646078260969
  0.86743440756717838  0.87990214124439414  0.89141521337698737  0.90304681698100941
  0.91518164056451701  0.92604683402357812  0.93648896625740574  0.94756312252800901
  0.95947982485671146  0.97285831562837932  0.98579161057695674  1.00000000000000000
 -0.00340252994516030  0.00803490421757675  0.01816685681091326  0.02705964030487337
  0.03571374244240215  0.04414868555715071  0.05268097024065836  0.06093139293886375
  0.06894861780916269  0.07703636931348262  0.08485400698491760  0.09250853072259557
  0.10037726731210338  0.10848358775994288  0.11644445966766546  0.12456087558728327
  0.13384667546476703  0.14419649299653009  0.15477351073292742  0.16435532945003559
  0.17359173025112751  0.18329913644472093  0.19238767837576526  0.20124379785173446
  0.21040707335057338  0.22081748251618516  0.22939904747822992  0.23682949923964791
  0.24411034967074965  0.25101995035560426  0.25834957878526360  0.26625810711876530
  0.27373404395394102  0.28088354960294215  0.28818054861919273  0.29717518221135758
  0.31561782170942543  0.32997679521064804  0.34833768834920864  0.36538645835725247
  0.38455199759630909  0.40320105583407900  0.42036030941232344  0.43681297235092698
  0.45176459478395997  0.46728912841744258  0.48395199444183040  0.50088676943339827
  0.51743088823759853  0.53311817962845298  0.54860309751031899  0.56548589620294032
  0.58354014742253058  0.60186414881992722  0.61747280514436298  0.63195206047780805
  0.64553762343659093  0.65727337288415899  0.66757596573799960  0.67636123355574340
  0.68617270192174451  0.69681388821995516  0.70664481384407252  0.71607866656300589
  0.72479189730420623  0.73802224379767023  0.75140429095974226  0.76287701388922013
  0.77389697060829776  0.78489822125355890  0.79631318526466488  0.80993744404852253
  0.82211015120272191  0.83479904546609585  0.84729080999538309  0.85738385633877656
  0.86380242078537306  0.87015991849007390  0.87634773726338944  0.88246795594073846
  0.88843189563523139  0.89420951173451835  0.90022012312182609  0.90655398843947099
  0.91273411016172357  0.92023037530593921  0.92948078403619050  0.93924884694264077
  0.94817489187309623  0.95672417004224919  0.96482135024415649  0.97299897306760019
  0.98043852222525785  0.98733878980195189  0.99381040451978231  1.00000000000000000
 -0.00479695494404501  0.01773250149233134  0.02747746097327486  0.03559480037921715
  0.04403828524192092  0.05160402939232008  0.06014889468733994  0.06965683893706615
  0.07823049676841329  0.08931184989537976  0.10339774797059764  0.11734479681933639
  0.12980355089888418  0.14236951210373017  0.15516867318797931  0.16860670124327934
  0.18233339247131025  0.19394833494281252  0.20317643692786280  0.21294232667775556
  0.22122204352269861  0.22850219531960486  0.23604042387038490  0.24465553557472153
  0.25614443162474632  0.27002817976230059  0.28296700991471335  0.29533586693115610
  0.30937368632411022  0.32308857071469094  0.33668873876805078  0.35044614267506008
  0.36243296798447333  0.37300150924080006  0.38309104842737529  0.39124705528192899
  0.40020288821938199  0.40896792978540930  0.42012727462889449  0.43400771627279094
  0.44859956130238660  0.46035641125913074  0.47036995644160962  0.47957999642305327
  0.48757512997221969  0.49579569356759434  0.50343750032880197  0.51161534961589727
  0.52043620805195656  0.52930143266216567  0.53813525087177816  0.54721332906640441
  0.55720384666229483  0.56906558447949962  0.58204620242530081  0.59438134203672666
  0.60608747803934560  0.61718133934957886  0.62858209121668251  0.64124728870784620
  0.65373473953579109  0.66501533341893448  0.67500088078505260  0.68393777429996316
  0.69222724974542438  0.70025520622544701  0.70896485123643471  0.71890027008934920
  0.72950261616379153  0.73979484844791443  0.74984474158790859  0.76057599177664559
  0.77200972015187985  0.78495001798227493  0.79995840205062807  0.81340122132585591
  0.82306389296175375  0.83162745470724730  0.84009742317509362  0.84829443506462532
  0.85702923118622343  0.86618720789919379  0.87620616211988278  0.88974096885997644
  0.89991068932073259  0.90758162594864600  0.91552077269338161  0.92198967997418624
  0.92768859970498929  0.93365568624715323  0.94051671501793965  0.94884204670850336
  0.95651231760387634  0.96693192947770756  0.98091392736828564  1.00000000000000000
 -0.00337464014026676  0.01265143095579187  0.02726162700451631  0.04497141459079749
  0.06181830012254100  0.07568242162145983  0.08776069645859931  0.09927466443900961
  0.11005425617505306  0.11984238634682645  0.13176310121033580  0.14558031644291106
  0.15428366229468013  0.16263533913425618  0.17176602325418799  0.18048678430822937
  0.18843802547452634  0.19563934818455245  0.20368461586419259  0.21374053522593595
  0.22783775811614182  0.24136650785082558  0.25122751462722287  0.25821810638971099
  0.26482785620226396  0.27099050535370378  0.27702346888087759  0.28296963376431228
  0.28851983319926916  0.29485849189317198  0.30173731663682607  0.30767811475323298
  0.31365016435538867  0.32183712654137014  0.33108762615755088  0.34088720932352762
  0.35020438702715978  0.35934227075602299  0.36963722416736133  0.38187415846195849
  0.39595552942763163  0.41010474221661741  0.42164162345492251  0.43040549396519656
  0.43885370762320747  0.44760203337092852  0.45640731363634363  0.46478134854736053
  0.47304902553007860  0.48309252290325400  0.49590752547285910  0.50778851486286536
  0.51900108548939672  0.53011394377180998  0.54191584606034360  0.55446894908405764
  0.56853104206538885  0.58351701852168658  0.59742602191285388  0.61007769863479544
  0.62193199811212596  0.63253469388327099  0.64301416760260255  0.65168746842104142
  0.65973454294998235  0.66762700171579137  0.67616208093574792  0.68626556933142202
  0.69695597059669501  0.70678568155899546  0.71639193987555472  0.72631371653393384
  0.73694176019050761  0.74731827387085803  0.75732618110053251  0.76964077741151105
  0.78036214461120290  0.79150721413482594  0.80381353964791824  0.81603183645224942
  0.82743479792361829  0.83960780248269951  0.85194836503837867  0.86470285607843167
  0.87667048263470571  0.88875614301212957  0.90207803020823951  0.91579416685074677
  0.92740043053234966  0.93874618757360251  0.95016479985434732  0.96167711217879748
  0.97306019051927528  0.98244340861503121  0.99136984331686262  1.00000000000000000
  3.71733203950044083E-009  -1.0000000000000000     
 T T T T F F F F F F F F T T T T F F F F F F F F T T T T F F F F F F F F T T T T F F F F F F F F T T T T F F F F F F F F T T T T F F F F F F F F F F F F F F F F F F F F F F F F F F F F F F F F F F F F F F F F F F F F F F F F F F F F F F F F F F F F F F F F
  <DiscreteSampler_grid>
  grouped_processes
  1 # 1 for a reference and 2 for a running grid.
  10 # Attribute 'min_bin_probing_points' of the grid.
  1 # Attribute 'grid_mode' of the grid. 1=='default',2=='initialization'
  0.0000000000000000 # Attribute 'small_contrib_threshold' of the grid.
  0.5000000000000000 # Attribute 'damping_power' of the grid.
 # binID   n_entries weight   weight_sqr   abs_weight
    10   10   5.398769030674816E+000   1.141391303532910E+002   5.398769030674816E+000
  </DiscreteSampler_grid>
