 -0.00176795177366729  0.00579520725523963  0.01346446810483746  0.02086492315034262
  0.02732462685710407  0.03452440179608028  0.04235730096163233  0.05057931062280927
  0.05883735332404272  0.06847558267871960  0.07858996891462146  0.08934897220088027
  0.10045077264313459  0.11148658453342111  0.12231969736922378  0.13265119612994078
  0.14335854621581406  0.15463957794567551  0.16592103375706449  0.17709936089536932
  0.18837269677683388  0.20173973403895210  0.21491030117301352  0.22821905442416021
  0.24083676873052856  0.25331534360273278  0.26516383426865969  0.27678315963217082
  0.28703984859150905  0.29659293901243122  0.30708793902516052  0.31723750338646284
  0.32792700500986299  0.33860162119692422  0.35016029163365314  0.36184638483287068
  0.37295196116701368  0.38374987195024551  0.39431563861918684  0.40480997331617030
  0.41476616650073400  0.42424388162596505  0.43388674203695521  0.44382910681201637
  0.45382486912392000  0.46444783496077002  0.47640124302141318  0.48714842859127144
  0.49678164916663331  0.50592140045271783  0.51498210533531630  0.52447972818430943
  0.53394745705810009  0.54429983532047077  0.55508312730844922  0.56631550797930386
  0.57798890623315069  0.58904459061931813  0.59967587729949334  0.61026810226666828
  0.62151799389156759  0.63354280512310723  0.64508502264929901  0.65614682575296435
  0.66689151040786721  0.67754202901455929  0.68776454538887988  0.69787795302072153
  0.70834713236405411  0.71943632969979621  0.73175117808494905  0.74419033305423554
  0.75632423674791260  0.76740941979849286  0.77793379783626104  0.78833227705460962
  0.79914336860844226  0.81053986732902339  0.82185384032555442  0.83262158156353205
  0.84297375477680148  0.85307857377906571  0.86343406793375155  0.87372883351112152
  0.88362480736223259  0.89356258452109927  0.90403141099153961  0.91553306740999818
  0.92754671488583440  0.93942029162276364  0.95072540839665431  0.96091509968344513
  0.97018912054009698  0.97942447002411048  0.98948310989462973  1.00000000000000000
 -0.00001243264305458  0.00052177984199773  0.00135358720836312  0.00220219927180686
  0.00305020604419257  0.00385274888436714  0.00464792739995412  0.00528337787535485
  0.00600019519014415  0.00682625420401654  0.00771862839466637  0.00864022267972770
  0.00954922744827175  0.01033042331604968  0.01104372017563725  0.01182578269818235
  0.01270176931944314  0.01359639572706237  0.01453526604372999  0.01547142888606958
  0.01643603932678942  0.01742018297832422  0.01839224089822089  0.01939812884505122
  0.02048388881911180  0.02165332142871643  0.02288962432775540  0.02412647844083860
  0.02535780277341125  0.02666670013422716  0.02793364511335327  0.02911836412490567
  0.03030558139287713  0.03151179835250306  0.03272533722539851  0.03398493089148870
  0.03540719384265909  0.03689464882144049  0.03850253244224695  0.04014528140029363
  0.04189935746093400  0.04369409465763088  0.04548065719036161  0.04726275806411450
  0.04906132157200158  0.05084962429149240  0.05266104210787051  0.05453018749457155
  0.05647097686899086  0.05848369657609590  0.06059208508304534  0.06282499405156966
  0.06537988620569407  0.06808517108495150  0.07058645975013153  0.07284969734612703
  0.07530015519536583  0.07799373454230366  0.08086603349820846  0.08396433439729975
  0.08715199908333165  0.09054876163078365  0.09415128471812470  0.09785898402229470
  0.10178906145753822  0.10616304378384993  0.11085195230479580  0.11595894233118907
  0.12125066225746058  0.12641812366769942  0.13139390252300095  0.13629642187928837
  0.14167957417827473  0.14723697010752693  0.15276345080911699  0.15905156503877965
  0.16583275723269036  0.17331508958252237  0.18099519287831092  0.19041000412140285
  0.20125443311985400  0.21326574547951424  0.22691906641161330  0.24209594329133047
  0.25934691638600260  0.27989535587031422  0.30290890735129783  0.32776552350558313
  0.35601481063073032  0.38970033076262112  0.43187536869226872  0.48489321119693068
  0.55512404307914853  0.64498219592533301  0.77955597875844695  1.00000000000000000
 -0.00000609615577960  0.00024367916394458  0.00061493410804738  0.00110868716754942
  0.00161896848954810  0.00217115406063069  0.00283553591712449  0.00357171997209671
  0.00429951883465579  0.00502420513019200  0.00577733397886495  0.00657480511223091
  0.00747087661260225  0.00843510566029027  0.00958285830820495  0.01075528790980895
  0.01198857845514570  0.01329058383669505  0.01461494873217335  0.01597989473039188
  0.01737326364751135  0.01887218450442980  0.02056481328933135  0.02243718047021382
  0.02441667889938135  0.02638983607185006  0.02841151869300022  0.03054157624884654
  0.03276544102601357  0.03510954910162122  0.03777383914867543  0.04070154869437966
  0.04406608978905217  0.04749202151596472  0.05097689749684244  0.05462690500660902
  0.05855094838955825  0.06272160703835532  0.06747229306578763  0.07245686207234046
  0.07802276759932100  0.08391917495608142  0.09000110527666846  0.09597303967606445
  0.10215486327503719  0.10882485998252266  0.11606648723595248  0.12364519887342659
  0.13173274045243039  0.13997817285058486  0.14937833877030421  0.15800372592014364
  0.16750527108425259  0.17748169862359570  0.18817245181963868  0.19995870503615487
  0.21170431122551883  0.22446207375241312  0.23586953708820424  0.24769148047365414
  0.26063022253662538  0.27532908910975934  0.29170330724455745  0.30847147188251028
  0.32498879212213633  0.34133739762037296  0.35801355752186909  0.37604508995845515
  0.39359872060640277  0.41382690256460269  0.43233990440057135  0.45009338646733987
  0.46668806174483984  0.48228471067622491  0.49722871213822739  0.51260535617935388
  0.52924183851970041  0.54610521890048125  0.56087356806193023  0.58140516581694146
  0.60347666553117518  0.62787394660842899  0.65366642996677404  0.67771105799022657
  0.69823878769105352  0.72393476221969355  0.75264602802290892  0.78491477035922874
  0.81862441670055397  0.84586613976465830  0.86701348625824604  0.88157164097797125
  0.89413391075593074  0.90914927236950094  0.92676952441382054  1.00000000000000000
 -0.00293339968874655  0.01209579603763439  0.02348183133384075  0.03335175456983116
  0.04269299330381342  0.05208989333429186  0.06089927362220415  0.06877207811217986
  0.07622696286382839  0.08391109686734947  0.09251350252094254  0.10091176983004721
  0.10825283427890900  0.11536710300456776  0.12283076016146328  0.13138647993165598
  0.14072807091001779  0.15089141255150484  0.16206653428178508  0.17289718174180285
  0.18284623277552592  0.19205534429364371  0.20097877677690526  0.20999639302166365
  0.21927364296644578  0.22925767462726107  0.24001635620647221  0.25057905245104306
  0.26117981862274148  0.27153101333294122  0.28167935975884900  0.29244282718190678
  0.30258199821979459  0.31296888440635140  0.32228220962465753  0.33171854310261967
  0.34112409449701214  0.35051334312278826  0.35993844078337284  0.37000210399944861
  0.38061458748860555  0.39211298611574130  0.40398636501862401  0.41513744574004641
  0.42540231311063398  0.43545684594625905  0.44633201937366629  0.45835695307915464
  0.47124267472098030  0.48463748074615443  0.49741968788663554  0.50945556431898587
  0.52082338659768945  0.53193340669279765  0.54341028736194419  0.55535122689713556
  0.56768313739843979  0.57933817862026749  0.59116743008936823  0.60303758257345186
  0.61563982161485686  0.62817451463338658  0.64024033788337553  0.65215336804007429
  0.66392857516133641  0.67505001423290090  0.68559875676131310  0.69662270990230901
  0.70781873823586494  0.71927863032057404  0.73020092627347344  0.74120691028088426
  0.75195263852959981  0.76238582133049404  0.77207617391948258  0.78192799803918867
  0.79248838440148439  0.80412287300879259  0.81554187260330968  0.82629909309428928
  0.83702249769923931  0.84752905381585864  0.85764493052874236  0.86746584306021857
  0.87771305668342192  0.88901853667652320  0.90118973087850307  0.91350990660381504
  0.92532264711919832  0.93629157709276423  0.94707645228658410  0.95761965567554430
  0.96851617601237827  0.97926583917350774  0.98964414590739602  1.00000000000000000
 -0.00227614896234049  0.01007847187935361  0.01973775172072365  0.03025092746329979
  0.04023473475546825  0.05029096902378652  0.06016405993964846  0.07086334765144357
  0.08166617102614955  0.09308535614003706  0.10434758878056330  0.11513787592886558
  0.12526817205961613  0.13555065459551535  0.14639780521340470  0.15767221714155194
  0.16897340735111943  0.17923114208149540  0.18927405506768441  0.19922612973468998
  0.20928076844173557  0.21903427853209523  0.22943260949092711  0.24090675235300485
  0.25298234620032073  0.26449343229498623  0.27536413424326700  0.28560976320605963
  0.29601195414845277  0.30681854584788942  0.31803678824366655  0.32988766541286607
  0.34167131641519416  0.35259221472141694  0.36299845951512516  0.37327589963000513
  0.38341454183954660  0.39357930622596093  0.40398170376854176  0.41436652679592922
  0.42427424873680392  0.43416937202978623  0.44532477122072855  0.45811258642501984
  0.47119129068215870  0.48309731370651016  0.49383190339196248  0.50490056145327444
  0.51632365954097637  0.52729344589463056  0.53799861757106926  0.54919163272764193
  0.56070727200509030  0.57162152356211293  0.58231757238547954  0.59223453043081564
  0.60173424183937507  0.61156358776298592  0.62187635400953745  0.63300314787444534
  0.64377682319403906  0.65483514333794446  0.66648153628258899  0.67833835398078224
  0.68746547146870784  0.69618087748173607  0.70530788409069245  0.71405553108923925
  0.72470324401512831  0.73720347902562733  0.74900034844581143  0.76015348148003681
  0.77141297907991579  0.78308408749549929  0.79402504665842222  0.80481517944154413
  0.81538305056930949  0.82626880835422267  0.83754722585575558  0.84849999426092204
  0.85928187885532203  0.86897387565528217  0.87799571069614024  0.88696191152505899
  0.89607706571935208  0.90490204531261187  0.91259389424665183  0.92026841966328277
  0.92836127252225520  0.93798981316906649  0.94761511010788813  0.95713332179839461
  0.96587778807097546  0.97565619660779956  0.98644715369243718  1.00000000000000000
 -0.00272141828935564  0.01061742788008157  0.02091280868033303  0.03136662872328572
  0.04172962478019358  0.05277558434105858  0.06341556564720678  0.07397326858472893
  0.08499066743045759  0.09530001365307114  0.10505626849639194  0.11334237283431321
  0.12152583340900118  0.12893176681431490  0.13644335697619983  0.14406408947442934
  0.15415481774372841  0.16489601108986077  0.17654068626509298  0.18772077666811512
  0.19930049747008960  0.21240671374297948  0.22645753639722038  0.23933303056125180
  0.25175974583929372  0.26414929111296181  0.27543136051145339  0.28538131061108357
  0.29565184718584259  0.30619166429703054  0.31758745161566987  0.32901497923986051
  0.34029085163324152  0.35112078420182413  0.36197639062210690  0.37310524798084593
  0.38423905052995261  0.39517558121763974  0.40622261161831519  0.41752291057742780
  0.42787839523811488  0.43800864772858100  0.44714563499511029  0.45678797628166407
  0.46616945703061391  0.47522082758970441  0.48431634056258693  0.49404549160108058
  0.50414297070801939  0.51433883872490660  0.52394370797896472  0.53375161236404600
  0.54408289353569506  0.55545943677660403  0.56667173270938265  0.57671094836277126
  0.58688246290201607  0.59709373357143658  0.60753380567892290  0.61763239904628653
  0.62803009561651024  0.63911477246688075  0.65052003248434043  0.66172034336552454
  0.67270573251239474  0.68295034590746584  0.69235345601748144  0.70150746845917744
  0.71101452464687309  0.72130133648939887  0.73198845865500994  0.74291558105649003
  0.75408686140163983  0.76643158048322524  0.77913698769150153  0.79172571033079286
  0.80364860562372331  0.81489068142257270  0.82581234659200087  0.83558874481684187
  0.84463513839092030  0.85376214907152681  0.86440408799773127  0.87613119468804368
  0.88736430898771634  0.89783652479100484  0.90823618036938158  0.91903032600352119
  0.92856931809933618  0.93897293481134358  0.94814334109651122  0.95835695291884537
  0.96894461327742532  0.97899443305158473  0.98941648434301976  1.00000000000000000
  0.03499489159633882  0.06480253810351631  0.07667908070018370  0.08547867192932518
  0.09281083591230095  0.09924608159981368  0.10496737496938847  0.11002644181779996
  0.11481256261628370  0.11998939260435987  0.12521123489129604  0.13077147653084523
  0.13643221628525579  0.14193923299290259  0.14717659445887307  0.15220671196752050
  0.15730303860770001  0.16256708360278707  0.16809698178421517  0.17402665954376029
  0.18009200483050739  0.18594050665431741  0.19142190951853408  0.19709996986082359
  0.20269248410305662  0.20833785689875936  0.21410865185244740  0.21976983258243341
  0.22543693801419670  0.23130482982530617  0.23737155346131300  0.24382206867246578
  0.25046830860043295  0.25735512372907465  0.26430443272652532  0.27114475302558022
  0.27788274907032601  0.28460964341093570  0.29097829499594469  0.29684298892927891
  0.30291135793796092  0.30902793546750235  0.31547418178180642  0.32219519543372610
  0.32912627257703525  0.33610932251917569  0.34284855331678588  0.34980695509032500
  0.35674589065708862  0.36390283925131711  0.37127363164176902  0.37950036773978757
  0.38802240068783445  0.39626960995122246  0.40441865746661837  0.41267772052221458
  0.42182248211779011  0.43165140715949024  0.44185688881755247  0.45146763805670631
  0.46006649794300053  0.46786740112059588  0.47611357510456187  0.48546129190531256
  0.49518340758812029  0.50525330611240993  0.51505511071992560  0.52482024596628141
  0.53497450468596974  0.54555946709766401  0.55548509939357649  0.56557151628702351
  0.57647973956279674  0.58752424867491926  0.59804663627856025  0.60773927741140221
  0.61804793121443669  0.63024042057938789  0.64330435712745526  0.65648532154424999
  0.67050903960992869  0.68720897198620323  0.70665344480875636  0.72650268082409752
  0.74607847865715093  0.76535375533808303  0.78316892085429302  0.80223363644368306
  0.81988168777359127  0.83720779985210325  0.85669333179847773  0.87826697098182638
  0.89997847324234881  0.92232405093704417  0.95186282400537048  1.00000000000000000
 -0.00172237329237470  0.00557046247617078  0.01225134551567118  0.01915226692612139
  0.02625719984832751  0.03384026775454643  0.04187391652460303  0.04968531196954027
  0.05725058229548015  0.06515931217397153  0.07368199170836366  0.08267166108578551
  0.09192910778025640  0.10072907532964427  0.10934876387507277  0.11777577306845555
  0.12681749090284844  0.13494027249614468  0.14281777722370553  0.15043521277759297
  0.15859453888997804  0.16673525612868476  0.17443689190496220  0.18211648628334567
  0.19015275708211013  0.19879912673689132  0.20735159257937763  0.21613405801743374
  0.22483139110978340  0.23469814287142798  0.24484472468104376  0.25617557467686564
  0.26860916550579733  0.28197435966939588  0.29492816199582494  0.30670327008731907
  0.31839165474928766  0.33037322323456286  0.34235917441748009  0.35485685648465909
  0.36874222879912277  0.38502973849353367  0.40229882875122130  0.41905058820620966
  0.43545426096782203  0.45325851918183124  0.47243426541678574  0.49166061102561609
  0.51037519870590486  0.52875396599618019  0.54790252628208547  0.56655979107024779
  0.58485157558071121  0.60064736914547812  0.61633029092852210  0.62987308637950679
  0.64107917951566551  0.65193137834576220  0.66296179560933988  0.67436145719903362
  0.68503597451350073  0.69593962191954528  0.70658125196138777  0.71599389351361287
  0.72498718325495570  0.73355061247955522  0.74280109489865875  0.75237636362874571
  0.76224073072360998  0.77243498065700467  0.78283212119263268  0.79299458931584821
  0.80263629118193891  0.81237665733233577  0.82198893910872683  0.83112953468101558
  0.83972093071713527  0.84830122477429593  0.85753179065137231  0.86716158857855041
  0.87661262931311101  0.88548278602826558  0.89393914370601002  0.90223838432113856
  0.91069032056859966  0.91883076949885012  0.92611271003498019  0.93326201610603599
  0.94037267901100330  0.94782798981204130  0.95545025328653232  0.96296148601622122
  0.97055635284073694  0.97870637405648275  0.98820949637551192  1.00000000000000000
  2.54212693566753980E-010  -1.0000000000000000     
 T T T T F F F F F F F F T T T T F F F F F F F F T T T T F F F F F F F F T T T T F F F F F F F F T T T T F F F F F F F F T T T T F F F F F F F F F F F F F F F F F F F F F F F F F F F F F F F F F F F F F F F F F F F F F F F F F F F F F F F F F F F F F F F F
  <DiscreteSampler_grid>
  grouped_processes
  1 # 1 for a reference and 2 for a running grid.
  10 # Attribute 'min_bin_probing_points' of the grid.
  1 # Attribute 'grid_mode' of the grid. 1=='default',2=='initialization'
  0.0000000000000000 # Attribute 'small_contrib_threshold' of the grid.
  0.5000000000000000 # Attribute 'damping_power' of the grid.
 # binID   n_entries weight   weight_sqr   abs_weight
    10   10   1.324191145125473E-001   6.798083484134800E-002   1.324191145125473E-001
  </DiscreteSampler_grid>
