  0.00156889957542910  0.00168321288048633  0.00179781302758506  0.00191273655096016
  0.00201151047814160  0.00210692916722419  0.00219716047672204  0.00228403200675816
  0.00236820460366889  0.00244802599498750  0.00251021530978217  0.00256664675124080
  0.00261639080025883  0.00266021681570647  0.00270691854581343  0.00275637763202174
  0.00280729340488559  0.00285471440513386  0.00290172528817063  0.00295144801822795
  0.00303464662284246  0.00313103820288433  0.00323505143150701  0.00335235972975567
  0.00347998839185365  0.00357790502109747  0.00368498008882020  0.00378818442689604
  0.00388192037425302  0.00397811824270022  0.00407622397613588  0.00417860430608482
  0.00428011029146977  0.00436858409317994  0.00444475287384453  0.00452089117277109
  0.00460734400151225  0.00470776592060974  0.00481493324225498  0.00491961357608815
  0.00501334344364154  0.00511100177189059  0.00522071102596953  0.00533776718843249
  0.00550775917566434  0.00575747443787727  0.00602663648072007  0.00622976576278687
  0.00641773245743051  0.00661043735601781  0.00680254686055782  0.00700111973500811
  0.00720489038590498  0.00741451716164570  0.00763407871461651  0.00785785839037829
  0.00807814167139183  0.00834472740368512  0.00862022898545678  0.00888827065232794
  0.00916880975691589  0.00947309954489863  0.00980696108308834  0.01020392156762667
  0.01066080215694757  0.01115175496809542  0.01167866206217890  0.01217043398647046
  0.01268808026832493  0.01325711532609351  0.01385761136751039  0.01452037183720515
  0.01524355406454398  0.01611716884759969  0.01703017183468530  0.01808121749010158
  0.01935396809869935  0.02074643714006236  0.02214084724327808  0.02351109854192373
  0.02484002975294907  0.02630158117343800  0.02802011824126380  0.03068510163046729
  0.03371350263375026  0.03631011103091042  0.03945949071578293  0.04329570105430346
  0.04862042870270930  0.05730799679184540  0.06873565824092057  0.08299028579468846
  0.10468132317165353  0.14804991551507313  0.27358314151010599  1.00000000000000000
 -0.00008739981580613  0.00835821285818086  0.02517237988115685  0.04695422413895970
  0.07240776291912172  0.09851130566688912  0.12304207510123918  0.14863262681019543
  0.17462239253421560  0.19698363497349874  0.21914046127785111  0.23969697548733312
  0.26044068869657044  0.27895590626102196  0.29781706926540213  0.31688562037862189
  0.33712818742957118  0.35624376830055254  0.37397225770462961  0.39077249681851545
  0.40672130153830743  0.42083544332191453  0.43333152771383970  0.44486145709940356
  0.45617279492731061  0.46687961583685611  0.47710271933166642  0.48671943649774818
  0.49567437877889337  0.50425999282613776  0.51279949126462809  0.52128552182036425
  0.52815939668614287  0.53505215235889136  0.54164135599607743  0.54852791954949853
  0.55567924101175170  0.56214151896638953  0.56754566630405090  0.57295419980245110
  0.57812199291519606  0.58322237633521523  0.58830195543261599  0.59352311049380579
  0.59891397904046928  0.60399928289366045  0.60873019723330979  0.61322549910492019
  0.61761630407058576  0.62200032238752290  0.62615820321276849  0.63013602105413680
  0.63406489253086751  0.63808937970428992  0.64208383508889910  0.64586364120602657
  0.64945181627177084  0.65304129922719434  0.65658724422000547  0.66015687163862036
  0.66372214875316260  0.66715243996092233  0.67038111658246491  0.67351384540692472
  0.67632741653517092  0.67895587475489483  0.68159571625394910  0.68431618076985667
  0.68721878392391744  0.69054152530784751  0.69373412406479829  0.69677481519052964
  0.69968583989736433  0.70250587571691614  0.70528068828621182  0.70802233986650354
  0.71074388319713855  0.71340862941475958  0.71598548821271957  0.71852785971525224
  0.72108907003557943  0.72373792218375110  0.72635749954865314  0.72895497570519197
  0.73161446285135534  0.73434779355410074  0.73674661726414425  0.73864139344628055
  0.74004602065452030  0.74149098600667829  0.74290625101354102  0.74462190876027989
  0.74646791110660748  0.74835369671082685  0.75026838082562808  1.00000000000000000
 -0.00002737755799957  0.00059835005121591  0.00158608055825739  0.00262235098859678
  0.00358606117813230  0.00475667580888115  0.00612562771186920  0.00751396871813227
  0.00900943360072191  0.01068700412604986  0.01224403133594200  0.01365652101899021
  0.01517491481791568  0.01715918997859712  0.02004254044962730  0.02308959803940008
  0.02538146706524314  0.02749219837139610  0.02958702264969185  0.03212542463152225
  0.03483408649821625  0.03699142627450311  0.03908585351363396  0.04119651810730549
  0.04346864657039939  0.04600418332812544  0.04903821372314052  0.05275066265225147
  0.05639416974710131  0.05980909231386435  0.06318214791184283  0.06675313550104733
  0.07055749392470588  0.07437469645612940  0.07840082398943518  0.08248359331336416
  0.08679384699750524  0.09127036407903075  0.09556483354914964  0.09986702726840420
  0.10403007757543649  0.10795585225417277  0.11233495096595822  0.11726329145556896
  0.12213806051270590  0.12665449920247879  0.13092070571953995  0.13526083808227235
  0.13962925832273473  0.14391434129123665  0.14808723361515916  0.15231809384356962
  0.15684732756663797  0.16142235759214685  0.16600002128177371  0.17089662957877536
  0.17634476240568173  0.18241132098746848  0.18888102859514233  0.19548295950987254
  0.20240191038877389  0.20947585588272785  0.21677414985405855  0.22403151748501118
  0.23105671718656112  0.23810367239334226  0.24522367750203847  0.25230798679445021
  0.25954765192751350  0.26739959306875261  0.27434883652092507  0.28062963261614299
  0.28707755680545244  0.29416627598734002  0.30137784132751244  0.30911254453588577
  0.32049470798213048  0.33159546322670069  0.34236469655970919  0.35455216279298601
  0.36956710462023012  0.38805472094947746  0.40676532952004535  0.42451020777807857
  0.44134770248507305  0.45989678864998818  0.47972865850863461  0.50122378987785332
  0.53024365935878703  0.56731773230030313  0.60594216618860175  0.64698407184367357
  0.69091274211796749  0.74703047958066282  0.83267481607686178  1.00000000000000000
 -0.00412634258787715  0.01672649383329107  0.02795630126131440  0.03746688695915597
  0.04820760096260418  0.05947581297974879  0.06899065742279567  0.07701731761352375
  0.08617130677058304  0.09772077379286714  0.10925558122900565  0.11964623000132608
  0.13099544646643188  0.14250938219663636  0.15235723553918151  0.16234689397069307
  0.17321982965610491  0.18352320911289605  0.19219517254297092  0.20031753201726676
  0.20995157068259210  0.22094810694555020  0.23145492746006327  0.24127744178505228
  0.25233900924280717  0.26605729882405782  0.28012736300216223  0.29098587074703330
  0.30157189367659271  0.31196767454633539  0.32019189393605429  0.32817260439111001
  0.33973079261740285  0.34957674925753357  0.35849469846778470  0.36723148813537565
  0.37708541936888906  0.38988980484600877  0.40224904416659185  0.41496927785291804
  0.42945290998280911  0.44225278289148168  0.45366942912121011  0.46464585450248119
  0.47519051680235336  0.48508674495673859  0.49410355176965426  0.50268456800736261
  0.51148928764838819  0.52029546908495894  0.52877268607507377  0.53826079383805503
  0.54834022333908239  0.55847805796334682  0.56892410391328441  0.57973673312696872
  0.59111942697983266  0.60280235262378112  0.61435272234167493  0.62531462976771124
  0.63624836636590487  0.64749670611540422  0.65975449497836014  0.67137810731760150
  0.68279415912188135  0.69146969950617199  0.69954295954899182  0.70781011833402985
  0.71680875793133048  0.72526276311048399  0.73349092826957951  0.74203207667672788
  0.75120099945479579  0.76166651476615399  0.77123025210448304  0.78096694379087006
  0.79041230503933746  0.80020910414818902  0.81117505838823500  0.82451566996872128
  0.83947786091443732  0.85416585258177835  0.86908192382934824  0.88445396098558804
  0.89674360796274333  0.90492624812390920  0.91236820464899415  0.92066273489518713
  0.92980170959113706  0.93972527723280896  0.94889143926565545  0.95707455418265619
  0.96738094597116331  0.97895641747517048  0.98986985900799351  1.00000000000000000
 -0.00347686098116564  0.01251873401321875  0.02451857867376906  0.03649424871135103
  0.04610134823409801  0.05334362369579072  0.06117071738809170  0.06872169156791443
  0.07545649873313774  0.08205388665209752  0.08922736425812880  0.09621966573700534
  0.10356774968516756  0.11374703226387511  0.12526766963510363  0.13609436383551421
  0.14717099569139400  0.15843177612615664  0.16952271228699484  0.18008757430862829
  0.19039976039811932  0.20093510017626715  0.21109480746092490  0.22180646100055271
  0.23348315112086326  0.24676933824903471  0.25703899904867461  0.26510509852530084
  0.27452569554599837  0.28420094022076686  0.29285789370635501  0.30139293738220135
  0.30956012992252407  0.31931994020106214  0.32876558603333894  0.33851017702514785
  0.34814862007047082  0.35783815321276974  0.36777997468145418  0.37913920835638926
  0.39252328399672920  0.40449121928858772  0.41586068714396007  0.42719359091140546
  0.43785279221896750  0.44822440814553732  0.45914854855044274  0.47251476712915708
  0.48371943103241677  0.49281675629404098  0.50205498540865223  0.51120140063739417
  0.52111981713950584  0.53038350416841518  0.53990235957258315  0.55105931713325418
  0.56557212804350643  0.57931707381754682  0.59479104345622280  0.60656818842230464
  0.61658304508956663  0.62650928059178035  0.63670167435851122  0.64676413693878931
  0.65902957692701847  0.67385919282010098  0.68906658368589702  0.70419522358542175
  0.71906313830075008  0.73073137758117790  0.73989354861743362  0.74837190990767177
  0.75687146366798963  0.76568519723930573  0.77463467665405850  0.78423101667112849
  0.79500889392816843  0.80772379847171250  0.82116946534939272  0.83451900701814707
  0.84798851904306438  0.85985349553858603  0.87107406569638379  0.88226944223451176
  0.89372339516470667  0.90434541267490931  0.91503055713504833  0.92748557878068105
  0.93999853931509947  0.94976058116581641  0.95818359802039965  0.96590474826708139
  0.97432706411043646  0.98261897861505787  0.99135535360504923  1.00000000000000000
 -0.00651174121746173  0.02495682840214918  0.04613957952769548  0.06206130405271643
  0.07338611298237908  0.08452720055676673  0.09605289880611652  0.10545503975433984
  0.11438300447932109  0.12224197794990765  0.13396519444122831  0.14842469080521678
  0.16297681511649281  0.17469654193118586  0.18446765786840913  0.19352270344684372
  0.20242926443332726  0.21345679042283261  0.22460066843956011  0.23478730643559234
  0.24454872737828021  0.25507336155046900  0.26514199046470349  0.27548746401968632
  0.28302740623212080  0.28985172661080605  0.29573836149207083  0.30154200321110219
  0.30830773755115382  0.31775580790965041  0.32697635635919398  0.33615001983500581
  0.34619768151757596  0.35838542844568955  0.37156922282733817  0.38327378829184344
  0.39514505047711473  0.40360745233464301  0.41162349339395887  0.42019451673176145
  0.42856564245512541  0.43604147043456309  0.44341233262783875  0.45129964662495825
  0.45971736241102867  0.47064751935522137  0.48352690201941700  0.49697586157645945
  0.51130105827266037  0.52501734758188157  0.53815726775540529  0.55325635931954775
  0.56833397780833816  0.58332384433914908  0.59742537145551777  0.61169292979636114
  0.62483855693943380  0.63658046170591176  0.64803671848379640  0.65870530368618418
  0.66890772720718883  0.67911557114702636  0.69001761051917077  0.70148256220592919
  0.71195289532954220  0.72407250813917601  0.73630881631463696  0.75035602978153615
  0.76353270214513147  0.77563981014599315  0.78663078193850366  0.79759299999567523
  0.80909631854803787  0.82069269689120827  0.83138331205270577  0.84100938641546485
  0.84916446751514396  0.85664792825731995  0.86339218394551487  0.87042097368003435
  0.87825839610525913  0.88553571186845059  0.89237983285810218  0.89997025951182874
  0.90817663065899246  0.91754584516062399  0.92760371730732016  0.93768550510592807
  0.94563425334758089  0.95284830712010637  0.96003716272147865  0.96751479070132751
  0.97529128031326728  0.98335104954413122  0.99168565035425571  1.00000000000000000
 -0.00203168171452693  0.00781517183568263  0.01618256272543753  0.02588365808763372
  0.03479587181868293  0.04602396584932228  0.05948687960905448  0.07373284550981177
  0.08794520000366152  0.10161816754642644  0.11428869116144384  0.12659909687778256
  0.13723197464716458  0.14544837944870223  0.15446599086714152  0.16357254658316278
  0.17282107661127735  0.18453715644590610  0.20056530613147289  0.21786558160023098
  0.23467773559998217  0.24727866148820818  0.25710161713269297  0.26566738157594333
  0.27495211252710111  0.28327028598805742  0.29468683169418536  0.30514704092415051
  0.31723928416058034  0.33075276766330375  0.34374518371133789  0.35654339759976383
  0.36960397928089861  0.38154286116976094  0.39278780821804071  0.40401063076066351
  0.41531776386285474  0.42656138884203160  0.43802527275919612  0.44879439236592167
  0.45973798814507150  0.47129771269776977  0.48262364859975537  0.49352689278877454
  0.50491687544636554  0.51980122678336116  0.53388145676030530  0.54753813193372158
  0.55922244938866594  0.57093202600019799  0.58180138730576436  0.59362162157390530
  0.60382670475507161  0.61452303441084588  0.62518779610964526  0.63607152375006959
  0.64724740721666318  0.65808420529072864  0.66879175514687050  0.67966931731570557
  0.68848336415058087  0.69498660316978267  0.70059322333651164  0.70611021310152389
  0.71200557492366978  0.71870627845501078  0.72527681557038992  0.73140317748484607
  0.73755389543110705  0.74430551176982251  0.75126000658826764  0.76042533875672558
  0.76968990940387727  0.77944829382669045  0.78902848403594295  0.79889735240798643
  0.80870271223013890  0.81884491978046114  0.82923206781809178  0.84036275724602993
  0.85133040587156261  0.86335284346549346  0.87495164256122415  0.88476818292233395
  0.89446088094590881  0.90454234094618735  0.91576582259798733  0.92707987671762782
  0.93715145877407746  0.94614178940809157  0.95481092419283109  0.96388916549325243
  0.97253039708588940  0.98136322511985674  0.99007810204371494  1.00000000000000000
 -0.00188384780242707  0.01006629184023312  0.01947592655451360  0.02907780636082071
  0.03884385889499235  0.04834443557937331  0.05777943023006331  0.06808569574869577
  0.07970616790129179  0.09236646863885996  0.10559544426927106  0.11982922918282990
  0.13386475569765424  0.14720550462191934  0.15966373945259368  0.17303218068792312
  0.18650478941491322  0.19613580471800668  0.20663995230647569  0.21734924369291067
  0.22708233134748093  0.23603061811092721  0.24448234309172467  0.25579743760049867
  0.26955583645274450  0.28024743608062408  0.29006424208707399  0.30160374014443991
  0.31290419812729758  0.32305161436259217  0.33241706764365192  0.34183148582013811
  0.35151249810534668  0.36129299783598812  0.37101143304439343  0.38022015861407477
  0.38954323765474985  0.40025254381029091  0.41239511693883463  0.42453734074293709
  0.43703359221569810  0.45101417437705321  0.46588911933717275  0.48010828314811166
  0.49479400981752519  0.50881717041775310  0.52227949726791489  0.53419006832092508
  0.54457799113633698  0.55446199180776490  0.56361388253054046  0.57090990007919284
  0.57757105420897914  0.58406837778947729  0.59136062890466712  0.60063583195224179
  0.61178476548698024  0.62473190883028318  0.63827339176465359  0.65135433918725349
  0.66549220088552086  0.67183996644623334  0.67871731207097508  0.68484708827017049
  0.69133100401304426  0.69885753220321778  0.70636557724537763  0.71360777361491967
  0.71956197389079679  0.72519331626869565  0.73283886568788892  0.74218214920021086
  0.74980829390686776  0.75679321226300966  0.76392292907451653  0.77258367291332120
  0.78331121601279496  0.79350273622250800  0.80349101673809520  0.81341234823481368
  0.82434712565677515  0.83628795726018612  0.84725132835487049  0.85814286180024613
  0.86928874067465467  0.88021983513967605  0.89077649290039196  0.90127233697185549
  0.91186097326671778  0.92317477663878389  0.93467446925495845  0.94641200235281964
  0.95947834849284042  0.97356323905794384  0.98718660948633319  1.00000000000000000
  1.35017170975803423E-009  -1.0000000000000000     
 T T T T F F F F F F F F T T T T F F F F F F F F T T T T F F F F F F F F T T T T F F F F F F F F T T T T F F F F F F F F T T T T F F F F F F F F F F F F F F F F F F F F F F F F F F F F F F F F F F F F F F F F F F F F F F F F F F F F F F F F F F F F F F F F
  <DiscreteSampler_grid>
  grouped_processes
  1 # 1 for a reference and 2 for a running grid.
  10 # Attribute 'min_bin_probing_points' of the grid.
  1 # Attribute 'grid_mode' of the grid. 1=='default',2=='initialization'
  0.0000000000000000 # Attribute 'small_contrib_threshold' of the grid.
  0.5000000000000000 # Attribute 'damping_power' of the grid.
 # binID   n_entries weight   weight_sqr   abs_weight
    10   10   8.666865227131343E-002   6.015763590455078E-002   8.666865227131343E-002
  </DiscreteSampler_grid>
