  0.00181038711302019  0.00244927325496954  0.00353567692082656  0.00450930005144002
  0.00567780105852286  0.00710272676750097  0.00851070338991086  0.00996602384987416
  0.01158016994153433  0.01330112481546014  0.01509222653502929  0.01682201696348955
  0.01848308539773513  0.02036809748728993  0.02252209491351913  0.02449687034628936
  0.02621759497526672  0.02800683656565390  0.03003611737489624  0.03216594798868106
  0.03438040930102324  0.03669209224985640  0.03877974500315935  0.04106660990452606
  0.04351941442640735  0.04622804288683800  0.04907717383257914  0.05175735959555559
  0.05432840328538617  0.05697794602120636  0.05951385647273535  0.06232896468140716
  0.06542553534933630  0.06841729665290185  0.07116167722268214  0.07370778142704172
  0.07630153137884611  0.07913488654212605  0.08226620709576396  0.08560589623890259
  0.08917284425146223  0.09288770864146845  0.09659179399027014  0.10039896625559562
  0.10445233690906540  0.10871483258542924  0.11319913847207412  0.11803433092209469
  0.12304416451140769  0.12795555230088312  0.13295691618337560  0.13805546587074113
  0.14333239306325518  0.14892318526308551  0.15476196270335055  0.16101565211712207
  0.16701498397006073  0.17314628926732251  0.17960465311229398  0.18659098251814954
  0.19400081099039063  0.20148777006549587  0.20916373857047521  0.21711915804829607
  0.22526595153412385  0.23364022251557709  0.24230991006213615  0.25155755997225498
  0.26145205629753399  0.27137891550305338  0.28089884963850176  0.29094205666906858
  0.30107078079221244  0.31201831669203989  0.32368394796866518  0.33600405161458785
  0.34930698094873347  0.36239323415254987  0.37474715051502089  0.38699144738084829
  0.39925271168271292  0.41262402868987752  0.42816775635508680  0.44282825979092305
  0.45762140405679480  0.47347108368546587  0.49006541992417868  0.51139495699596538
  0.53397270911111461  0.55721467262383040  0.58226194819904742  0.61373710645716506
  0.65757134324726174  0.71943092197342684  0.75316767753924851  1.00000000000000000
  0.00391542462469085  0.01559986089714407  0.01961112648686990  0.02326502649558150
  0.02732721543938384  0.03182929836748517  0.03618638372777883  0.04200963981201375
  0.04851569919206481  0.05431832459009744  0.05930134758019209  0.06473003424263739
  0.07074310011941741  0.07711272948076132  0.08352041372555509  0.08949380455110249
  0.09497640947808327  0.10062234786553902  0.10660059102833995  0.11284558622366085
  0.11866412264421825  0.12405107548165641  0.12931710631743024  0.13500937814559455
  0.14162701353817433  0.14826777320788811  0.15514797804050615  0.16174642906144673
  0.16835595880587012  0.17457802077902906  0.18035573349893991  0.18582344063811665
  0.19149603070270482  0.19774926475797880  0.20428145421874350  0.21141455887245983
  0.21793535275265122  0.22447918641786016  0.23196914070527352  0.23976906555702579
  0.24783545464370246  0.25564510828184511  0.26288247742934767  0.26979990784626517
  0.27689849455604137  0.28443276449362209  0.29190273882540951  0.29933324472479739
  0.30671367863901688  0.31425751879386327  0.32218792766863064  0.32906955481346450
  0.33550689239638659  0.34200124547043159  0.34891423665808730  0.35627750575785716
  0.36404523352947432  0.37201822849353611  0.38071683487573854  0.38981482430452635
  0.39855515901221467  0.40738608212253025  0.41633755760373059  0.42533183171540334
  0.43414715214424665  0.44326246137179615  0.45277952229716839  0.46252318081130250
  0.47280221134552647  0.48308543954884137  0.49327737909556718  0.50364771186578827
  0.51410402179150905  0.52463965960102488  0.53495806589738581  0.54583530945869518
  0.55673073312329724  0.56881102470571288  0.58085111777734233  0.59368531361308474
  0.60796488225936540  0.62253533298808839  0.63711862196655245  0.65221028830716643
  0.66808890033882884  0.68506351428978018  0.70315791349905754  0.72185581745354799
  0.74082963731685414  0.76075770711819724  0.78218786107508320  0.80559306644430562
  0.83354858312998947  0.86871732473807972  0.91982848618050472  1.00000000000000000
 -0.00017491232785833  0.00131881625632230  0.00246382680613922  0.00398648282070110
  0.00591308731688618  0.00817363967359924  0.01101445774738138  0.01408110578618820
  0.01727525175708416  0.02055337434596810  0.02421356797277184  0.02826212418307283
  0.03284088688678646  0.03722921886039183  0.04217295254532068  0.04776475727386004
  0.05339393584887371  0.05902395107658489  0.06448407405855297  0.07011278419745404
  0.07619843868230589  0.08290637562060789  0.09036468003510760  0.09811167767673491
  0.10608630873180477  0.11408888169237938  0.12228230262110000  0.13054783569545883
  0.13863848415107441  0.14684373970284798  0.15520986284282084  0.16389673459215767
  0.17251541381154206  0.18163356222341068  0.19093007372394952  0.20010845909709768
  0.20927744283996441  0.21864678992551459  0.22793201139785021  0.23720317182634990
  0.24673893768195601  0.25651778608703957  0.26664335893605812  0.27746852759352791
  0.28906114550416051  0.30107230781848937  0.31336145276258742  0.32522727778466837
  0.33657426976963101  0.34780980830428204  0.35902711659692443  0.37032880010428265
  0.38169104850539559  0.39299313238057615  0.40459600596998663  0.41662140409649973
  0.42930631434613375  0.44252990189624875  0.45582662479387226  0.46891788376975185
  0.48170243285738956  0.49475960344837266  0.50752064430799237  0.51968061224494533
  0.53187681449239843  0.54448593505952858  0.55695263476542001  0.56971694081373503
  0.58318639436386355  0.59689504814568972  0.61155745537098949  0.62723747924913498
  0.64340990953019928  0.65991074684064233  0.67594710106157629  0.68985976949924721
  0.70319564219334529  0.71614437307913192  0.72891466734555133  0.74251604184219744
  0.75618468321110244  0.77036664051140546  0.78474618168764154  0.79946375678803960
  0.81447507999255742  0.82949865528832045  0.84520524777897554  0.86132633542742987
  0.87905585545850951  0.89685078637644600  0.91385263972182873  0.93040073101432719
  0.94812898315609206  0.96547383406619403  0.98258123458174640  1.00000000000000000
 -0.00302356019399361  0.00965799821299232  0.02143502026386539  0.03277528434850330
  0.04402444025474900  0.05485640527832451  0.06582455304570868  0.07671368079682002
  0.08773169580636356  0.09910570711101471  0.11062543838553784  0.12239308305658657
  0.13405644177279136  0.14551795020405239  0.15722063790969978  0.16924586199605723
  0.18170621432810613  0.19307163374918829  0.20358307247831059  0.21347844064340971
  0.22289281912580658  0.23184134798088316  0.24044915401915720  0.24925368533956666
  0.25784270106938323  0.26617470717559777  0.27541469174801647  0.28569501253019969
  0.29670022696123505  0.30745980604188339  0.31762162839821545  0.32775602919932956
  0.33792854582213633  0.34804770840697125  0.35856167176518772  0.36937745753467666
  0.38110032146206407  0.39321035150079547  0.40549844356904668  0.41725025384660691
  0.42909933457859800  0.44096378661160779  0.45287669013928533  0.46471443831525033
  0.47588104774623502  0.48628654072364741  0.49654571555034110  0.50740843281607617
  0.51895398709043783  0.53006278079751046  0.53953632338591229  0.54856207177942151
  0.55752571549941521  0.56787775603998691  0.57773635901306442  0.58805202185455685
  0.59789070406668743  0.60849069148378221  0.61861079821159182  0.62889571554419066
  0.63901417754520418  0.64854609222654236  0.65702069938850371  0.66531531693144663
  0.67418345507273669  0.68245019310013755  0.69109639084135954  0.70008612286509608
  0.70988980671313195  0.72061133149285517  0.73197461500627226  0.74344155940292311
  0.75457742789250903  0.76532282507500060  0.77601701005745349  0.78659849375094681
  0.79688926528404580  0.80684091170844263  0.81686568754659283  0.82750089293869356
  0.83816861567235790  0.85002075052529635  0.86219909699809627  0.87444317952183648
  0.88564528779857732  0.89618290475771922  0.90574922398680091  0.91552793135310795
  0.92497872811537407  0.93465844878311166  0.94497694734481130  0.95521094689291941
  0.96550172377054022  0.97604922572852104  0.98738830673747302  1.00000000000000000
 -0.00326030510602624  0.01443929079009795  0.02795673719531028  0.04087024538730535
  0.05271024078972833  0.06363796284938385  0.07472485901575915  0.08537743529515096
  0.09451352680373784  0.10335659342066808  0.11220853257106042  0.12081542452847638
  0.12947426351212823  0.13807007633234147  0.14732912950214616  0.15883946274314237
  0.16994896799661829  0.17983463843431013  0.18995267595472792  0.20061968425990251
  0.21105361232864048  0.22104742537129418  0.23085164487373988  0.24084801558329705
  0.25081184909404453  0.26056410471069991  0.27019984939053893  0.27984810765386520
  0.29003097518076520  0.30058416634947965  0.31121382485437460  0.32171695440687920
  0.33180358303189295  0.34164380483550355  0.35200156656382703  0.36296139642843123
  0.37393306400134901  0.38475285750501986  0.39568312671119171  0.40717898647726919
  0.41840920905629925  0.42879602254282884  0.43901559358900238  0.44915039991627104
  0.45985400918107128  0.47111101502921932  0.48232506110385759  0.49378550509634811
  0.50443127706068169  0.51449245674658006  0.52449462116398693  0.53460168886340687
  0.54546647865301501  0.55623510668944176  0.56652510346888874  0.57628353471471150
  0.58649110122033665  0.59785169118589432  0.60965507102856431  0.62123410571077164
  0.63252031223210869  0.64398729369765650  0.65371741335255962  0.66292792522546840
  0.67206522779949895  0.68140473261383105  0.69124623585389799  0.70153435231529893
  0.71208501624349774  0.72299599990489671  0.73431189554763443  0.74631493836332841
  0.75849777778384331  0.77090077874104190  0.78369345881347097  0.79581747915518519
  0.80649209803772393  0.81665480770102872  0.82712639757765116  0.83831725125900214
  0.84950157835271234  0.86044928748074645  0.87079900744917249  0.88003016790460342
  0.88873151902995506  0.89781493142282998  0.90779735470940270  0.91796711462981317
  0.92750551989160246  0.93672200015327278  0.94642253471905546  0.95713208109280801
  0.96756049714604864  0.97798273102967437  0.98873145816374619  1.00000000000000000
 -0.00164634549288926  0.00797947614491798  0.01664675394616105  0.02635636971759879
  0.03709838075120733  0.04773665523009561  0.05741147322671641  0.06779425863533657
  0.07902689678449852  0.09062198471138003  0.10212349221292802  0.11215774563623138
  0.12178252801479489  0.13168931462540159  0.14247049641575582  0.15303163623581478
  0.16305945715176964  0.17305407261559516  0.18318907870822521  0.19359146253633880
  0.20413817958640015  0.21466513150329683  0.22513379610832773  0.23512829409500632
  0.24503121743650319  0.25504490125684881  0.26526499645200524  0.27673984119170375
  0.28793769008642872  0.29882078297614484  0.30907004415311706  0.31900956943451281
  0.32903127901380785  0.33963832697496316  0.35024310227978517  0.36061332550840841
  0.37014822246234064  0.38031741844940598  0.39096496271371406  0.40256174438178893
  0.41490896781845699  0.42763819819209264  0.44048536808470401  0.45257118169207805
  0.46357536632566204  0.47434791437788526  0.48528543850971112  0.49544725587489696
  0.50582953136978526  0.51624373815007318  0.52636788264873158  0.53634422382456737
  0.54618074261554239  0.55581102391840354  0.56544715849796690  0.57494430263941521
  0.58493679117911979  0.59563314860989036  0.60707474913086079  0.61874994697757602
  0.63025601337752435  0.64132873531058820  0.65190330424827270  0.66231464678499952
  0.67296906573757009  0.68360597131981871  0.69430394979516219  0.70439173431101676
  0.71495285735505909  0.72441009454353722  0.73403772042426518  0.74381315072321785
  0.75430113984172797  0.76565732791503016  0.77743521547752770  0.78823304378149739
  0.79808554029921808  0.80721507772164902  0.81612061020439552  0.82533824726434535
  0.83548880140916360  0.84618935738126067  0.85650490151367042  0.86667802822448303
  0.87726475337656695  0.88904435468536824  0.90180611851102066  0.91507958152230295
  0.92662497259623799  0.93783072575638848  0.94873897423641551  0.95870537757137497
  0.96844713593548570  0.97825363464955728  0.98900835186345792  1.00000000000000000
 -0.00305599637863727  0.01277910374123859  0.02499882619015377  0.03611054618732585
  0.04580695014373046  0.05557387656789579  0.06505137089759090  0.07507259408774676
  0.08520683946834251  0.09519363755199378  0.10465974917862028  0.11421555912893604
  0.12421043443292681  0.13460343383580328  0.14418508356379506  0.15288112734661580
  0.16109416940005980  0.16956322080660222  0.17845697387109263  0.18743087907829101
  0.19636049758374458  0.20532308498454938  0.21437508036522535  0.22372168447817428
  0.23335219749470887  0.24325649845344752  0.25400364238287393  0.26478126245400796
  0.27486887745497501  0.28522482372555025  0.29571971880388276  0.30608905328876818
  0.31574437131777899  0.32518075482788894  0.33540913066692291  0.34565849798297754
  0.35661494990099557  0.36826183743247315  0.37893912068722363  0.38866922470598603
  0.39844836112022175  0.40930837132546011  0.42008331972954183  0.43046382176652626
  0.44043976160436843  0.44995246038453368  0.45950528799229928  0.47002921705548284
  0.48216879484481101  0.49535508467283518  0.50796203626997505  0.51960275010628887
  0.53055723921832676  0.54123081561592368  0.55158448282552297  0.56142814173386602
  0.57093197996450484  0.58114196045906630  0.59297016338706965  0.60516149733187452
  0.61652677689514546  0.62814093030349416  0.63942625750886106  0.65117058361340752
  0.66186693383328732  0.67295533233933902  0.68470286353605436  0.69759707852706276
  0.71033922708166586  0.72229271942792506  0.73417706528448301  0.74608975319956128
  0.75765590793145410  0.76866026819258826  0.77900191367183602  0.78894025556798220
  0.79888038652924631  0.80868059390303315  0.81882263277153522  0.82881095098102242
  0.83910465215570007  0.84967365512572524  0.85970618487531791  0.86994773853436702
  0.88091299632773956  0.89227405432093720  0.90323154288683760  0.91328090695783959
  0.92352281905572553  0.93452268925527338  0.94573278308917907  0.95587645801319165
  0.96635024021218741  0.97696059623119691  0.98817279784786094  1.00000000000000000
 -0.00242300183322220  0.01118382638074685  0.02194657623743698  0.03181000664641168
  0.04113474504132419  0.05087685382815943  0.06090281461710118  0.07016783596162142
  0.07922690082808397  0.08869896422432605  0.09794662984498534  0.10742780417063423
  0.11734614684592011  0.12883909656771630  0.14152061933003970  0.15465875547690433
  0.16721336332927000  0.17800429551211616  0.18774975307317668  0.19717523917624466
  0.20692201696852064  0.21719330705931578  0.22781249770472775  0.23903534447890201
  0.24995282466744267  0.26085370380267581  0.27110212358785024  0.28076480398723341
  0.29089451133483080  0.30141601774462318  0.31222812727096089  0.32347641567237312
  0.33479121125181743  0.34633191711174172  0.35752657809894894  0.36867692347135378
  0.37940320410330564  0.38911421958060854  0.39851007495669605  0.40839956593157672
  0.41912341075030268  0.43030435006494538  0.44161625488264744  0.45321522309374274
  0.46442490874425224  0.47508199169434906  0.48587756626179940  0.49707858053442766
  0.50860614589218034  0.52080200205387861  0.53380871729277302  0.54665240927236436
  0.55844174054951246  0.56936760383435081  0.58019865424736106  0.59123764643176813
  0.60242527753542419  0.61377001682704857  0.62502843435578115  0.63587294923364113
  0.64595841543961330  0.65507138274197840  0.66408413111036568  0.67325132477634342
  0.68267533092222565  0.69256963077104616  0.70255219752181086  0.71243979810272073
  0.72253753622468464  0.73312075760704720  0.74387501200168937  0.75460794642994733
  0.76533050521754042  0.77598855168174474  0.78695649765146647  0.79712279989567136
  0.80699962669634173  0.81666017496080234  0.82681372748216231  0.83757538479718119
  0.84947125807425372  0.86069654820589525  0.87107664751338265  0.88139987325295832
  0.89173999447303542  0.90156300419536195  0.91086895493712083  0.92050595803006785
  0.93036430241293300  0.94054626439014699  0.95172029680413339  0.96113390952210220
  0.97079243718907793  0.97986778596950119  0.98974985148893335  1.00000000000000000
  6.32485202870651879E-013  -1.0000000000000000     
 T T T T F F F F F F F F T T T T F F F F F F F F T T T T F F F F F F F F T T T T F F F F F F F F T T T T F F F F F F F F T T T T F F F F F F F F F F F F F F F F F F F F F F F F F F F F F F F F F F F F F F F F F F F F F F F F F F F F F F F F F F F F F F F F
  <DiscreteSampler_grid>
  grouped_processes
  1 # 1 for a reference and 2 for a running grid.
  10 # Attribute 'min_bin_probing_points' of the grid.
  1 # Attribute 'grid_mode' of the grid. 1=='default',2=='initialization'
  0.0000000000000000 # Attribute 'small_contrib_threshold' of the grid.
  0.5000000000000000 # Attribute 'damping_power' of the grid.
 # binID   n_entries weight   weight_sqr   abs_weight
    10   10   3.837562355342233E-005   3.398956621928342E-009   3.837562355342233E-005
    16   10   3.554535746977200E-005   2.924924091518640E-009   3.554535746977200E-005
  </DiscreteSampler_grid>
