 -0.00112239780235550  0.00452877626989908  0.00933484039462699  0.01388905409096075
  0.01841885444703722  0.02316879941572587  0.02884596346817982  0.03611354687924577
  0.04395964518109187  0.05363591416003349  0.06292416669255797  0.07271579298869402
  0.08294207859648042  0.09314979149877460  0.10306243950636546  0.11392828756609501
  0.12626035174827588  0.13901647577174159  0.15208421500582420  0.16502243027329214
  0.17747183890327356  0.19011190624893831  0.20415244587548104  0.21873396195717193
  0.23304922243046916  0.24283774083098505  0.25199451337707912  0.26060110872889675
  0.26870099803909270  0.28052878498631623  0.29335119701994478  0.30573334328074958
  0.31718400995241769  0.32867162443280901  0.34112689120297424  0.35379675447622905
  0.36727491574592047  0.37901083614646108  0.38957544863193816  0.40020676613139078
  0.41166932066682027  0.42498269446759718  0.43853968416199035  0.45346276907281186
  0.46867887931338859  0.48269884553675568  0.49575623800758051  0.50882972472294641
  0.52180909596485259  0.53655444504558247  0.55193627230979669  0.56735831662444025
  0.58186917084728385  0.59604826376894504  0.60895468468591629  0.62210169908040869
  0.63460137510947812  0.64830397792415195  0.66075705621763492  0.67367393638760720
  0.68604594252883633  0.69652715399280640  0.70599097706945335  0.71605095820666409
  0.72604062999004659  0.73573803611853150  0.74558805135426454  0.75956913502485912
  0.77458690830398935  0.78940940382245495  0.80050731126359631  0.81064294620289323
  0.81999907046638421  0.82888196704920103  0.83757059045752313  0.84683668748989349
  0.85848186084918832  0.87161499049323610  0.88505912658600028  0.89779771717024537
  0.90866189416082654  0.91844355129056887  0.92806249854929013  0.93641339661370748
  0.94316540193654874  0.94964852291761703  0.95543281901716826  0.96042390633144137
  0.96507469426907833  0.96993993502420317  0.97484939031435203  0.97924684454946453
  0.98422241532538812  0.98916251386951148  0.99456746485515046  1.00000000000000000
  0.00709362720316423  0.00776026669400067  0.00873653066268892  0.00983576403780666
  0.01053810364009940  0.01111856471700390  0.01164506262198813  0.01218629522361611
  0.01271416537905337  0.01325917985276463  0.01385749568618857  0.01452925259961871
  0.01526974647054754  0.01597421885917374  0.01663676030197897  0.01731897863641332
  0.01803993774762136  0.01879880848286392  0.01960075923090313  0.02041548011191604
  0.02126476916872092  0.02214229520821097  0.02303700041062998  0.02393565201097255
  0.02469835254530385  0.02549582115482892  0.02634196045935575  0.02730318234085055
  0.02812103363427140  0.02891977605505588  0.02982874066179644  0.03098937431371937
  0.03218802636410252  0.03347673438955572  0.03492126635053859  0.03647928733148350
  0.03810817502791387  0.03975496279128943  0.04135997040057460  0.04303074315704513
  0.04476710184102287  0.04668927203007558  0.04859544953587652  0.05067455761963831
  0.05278658565080988  0.05507275994325963  0.05777106822894049  0.06070549425620109
  0.06391234925326025  0.06737789414342350  0.07058297683209709  0.07320415478046857
  0.07602130565671099  0.07943744248843961  0.08267783156822074  0.08538918604012975
  0.08944970062357735  0.09338057533306846  0.09768870449469630  0.10205481147949844
  0.10627732729237287  0.11033649194925192  0.11439343935429869  0.11874527546847456
  0.12394091792580254  0.13058238654691509  0.13818695821428878  0.14538661036540745
  0.15351488830020218  0.16201132631943066  0.17420249649684591  0.18233820250079180
  0.19054894383672119  0.19852189158189493  0.20573103617540883  0.21557699168009692
  0.22724334385623096  0.24221014531706739  0.26344191544382428  0.28655067468716083
  0.31275711206626888  0.34302427468925034  0.37474286640464266  0.40886196755489812
  0.44010659181553485  0.46288097035332815  0.48509751552553576  0.50682396117115336
  0.53075390069983319  0.57085454826274562  0.62363677105666093  0.68503200654876750
  0.74269352265822164  0.80237771623594412  0.88677120520769293  1.00000000000000000
  0.00000446873738263  0.00001639061695830  0.00002064367588027  0.00002293964298624
  0.00002483999048467  0.00002674033798310  0.00002865118921905  0.00003058304933693
  0.00003251490945481  0.00003444676957270  0.00003629119412902  0.00003811371338038
  0.00003993623263174  0.00004249311240224  0.00004582486885803  0.00004898511976993
  0.00005186403692575  0.00005446645873964  0.00005704541871990  0.00005995704043031
  0.00006313462299059  0.00006676808469701  0.00007086830002861  0.00007534096481923
  0.00007963727778043  0.00008420990357659  0.00008926964346986  0.00009521057665254
  0.00010157069600015  0.00010830105400718  0.00011629976385751  0.00012422025138027
  0.00013285093477340  0.00014161876968719  0.00015063041738556  0.00015986771251558
  0.00016708215987056  0.00017498381974381  0.00018343810984553  0.00019337683930096
  0.00020501095647483  0.00021749738468916  0.00023098808553630  0.00024472700752886
  0.00026159534562396  0.00027959656195154  0.00030284702406535  0.00032841647310987
  0.00035453815183571  0.00038225336624048  0.00041243893794138  0.00044730632425304
  0.00048934830955269  0.00053478602161410  0.00058423374481457  0.00063786479111317
  0.00069399473949506  0.00075152088067767  0.00081015118864443  0.00087648750958488
  0.00095376528481136  0.00103909422007685  0.00112416602289439  0.00121132943944900
  0.00131193656702232  0.00142829665106269  0.00156074902440853  0.00170270998065240
  0.00186671631680855  0.00205009673090739  0.00226905087981059  0.00252407632708229
  0.00277040475848494  0.00303118195412385  0.00331346158447052  0.00364278183853969
  0.00402866927507013  0.00449766082679153  0.00501548930165514  0.00562248255122716
  0.00633236265978186  0.00728339542875768  0.00864349159870984  0.01053863817905879
  0.01283155216785637  0.01576611290114707  0.01940094859086378  0.02403355989380475
  0.03085267006370816  0.04018588327003628  0.05244060672166220  0.07012455079246552
  0.09910285153664561  0.15204997433538672  0.29690088455544505  1.00000000000000000
 -0.00117162122223743  0.00358081434363704  0.00866857574401452  0.01414530352523356
  0.02017185953959500  0.02653706523530273  0.03314056554562101  0.04024017608835984
  0.04631551455535779  0.05132533984270186  0.05662507390031516  0.06199491827893076
  0.06908520119972086  0.07657721132606045  0.08402967836270482  0.09182153636045667
  0.10010943965153453  0.10906178256960168  0.11910572455785429  0.12980713932065119
  0.14133436230147156  0.15331038280421383  0.16521004427568906  0.17697831391770169
  0.18843368904910904  0.19955834384192644  0.21125816266735356  0.22241759229384286
  0.23461914843915943  0.24693952276783215  0.25949258979571399  0.27268099857919070
  0.28598560777752624  0.29988808191138394  0.31259683321010584  0.32314201405838627
  0.33196680641351184  0.34063291355933295  0.35323389481544670  0.36629289547207472
  0.37833551791211989  0.39013294080179545  0.40333264189067153  0.41738589763735112
  0.43083163148990344  0.44340653981125461  0.45614282573176929  0.46958414746516935
  0.48161121750650715  0.49191377528293373  0.50113006471080679  0.51136099276697444
  0.52213766208259438  0.53341226529554031  0.54495300783966549  0.56094073862336236
  0.57600572510343162  0.59120404481085120  0.60516183428336878  0.61863292425395633
  0.63209714277333806  0.64469649693682707  0.65727385278301087  0.66995163687177628
  0.68359523419210955  0.69801873345846233  0.71269633333341598  0.72745709466343578
  0.74009362108007570  0.75093368607220168  0.76234072711293566  0.77422552149089474
  0.78670419840682293  0.79994462001730682  0.81227820083521263  0.82516674079553265
  0.83905587689170824  0.85084143934766976  0.85915767289385803  0.86695708075508238
  0.87495314580825811  0.88274882995867576  0.89071433029363456  0.89904448365448475
  0.90795505175144453  0.91812805363732675  0.93033145155799168  0.94016932924236629
  0.94920061224021801  0.95799263174610472  0.96412859167907417  0.97044089052021920
  0.97766415543769614  0.98448244952097219  0.99147987195788667  1.00000000000000000
 -0.00176152909965335  0.00902956017342844  0.01898241366666471  0.02935586449705312
  0.03913693992286224  0.04843681372686216  0.05850256958638864  0.06792987030431186
  0.07727913450858806  0.08681580953729140  0.09606734890620250  0.10799950348302527
  0.12154820944880815  0.13605764214305710  0.14983191373032503  0.16297551720294515
  0.17518911298156825  0.18694688248502883  0.19733763864753390  0.20779274723687458
  0.21880614500709056  0.23109365342181412  0.24418197145381013  0.25679248563671719
  0.26997833348229466  0.28168941585950685  0.29006089590538764  0.29746657112882563
  0.30450173190710211  0.31194557298894754  0.31957419843859391  0.33248776728280988
  0.34449677147063934  0.35641498457923554  0.36876723608627521  0.38087465314823660
  0.39187096422274281  0.40394683858384683  0.41530575466191644  0.42696921321882525
  0.43839642549329277  0.45061874358798548  0.46326593222837747  0.47626180693266029
  0.48962100472275594  0.50182330984516610  0.51367192912864446  0.52458725710982557
  0.53576886011719782  0.54606528194994752  0.55587196311511056  0.56598651990759752
  0.57672467038072139  0.58883493193396164  0.60042250587780877  0.60961265066174586
  0.61912632266360801  0.62872916971358506  0.63802276478396702  0.65051564370192505
  0.66341408085919373  0.67608483177705814  0.68831794303197358  0.70089141184931791
  0.71274560887100147  0.72313990236861825  0.72988756793822063  0.73670183028771563
  0.74362909141679756  0.75100477278872058  0.76024223512915889  0.76973257621654689
  0.78164862931768053  0.79260374006574730  0.80266886992728093  0.81248719678342551
  0.82365703921401101  0.83556452989919960  0.84570516607231283  0.85571512400560013
  0.86606896107129028  0.87520682101925251  0.88301203281613583  0.89019879747741348
  0.89814440413866747  0.90743444180610433  0.91623785086916620  0.92435357515388850
  0.93252173420407958  0.94267656108425557  0.95367682022607669  0.96296823915265883
  0.97144566663295084  0.98100167275707040  0.99064959603129166  1.00000000000000000
 -0.00092856456601370  0.00068391062467220  0.00229638581535810  0.00394877877695016
  0.00565170002337629  0.00731601969657314  0.00887695738914282  0.01068007966440694
  0.01295303222806498  0.01526015919262354  0.01766500480365911  0.02050873265752550
  0.02390020283502969  0.02778937250902897  0.03210790671039876  0.03664502653333794
  0.04130068848427215  0.04705553921725114  0.05240118222654712  0.05790041351594664
  0.06375280892810781  0.07123025819564013  0.07993801758062308  0.08886442103191668
  0.09771908003894439  0.10682098332457585  0.11548755636095752  0.12569375593799620
  0.13497777258267532  0.14414294322222082  0.15472328835312985  0.16644837301826804
  0.17769814919933338  0.18904279062720825  0.20295462004853787  0.21858472619210018
  0.23620245003567203  0.25581651235704234  0.27282476987597243  0.29039753605064461
  0.31024262316644707  0.33266900608370864  0.35261025065728241  0.37258248850782577
  0.39316812177816368  0.41330784066475806  0.43425302125640264  0.45618051534002080
  0.47724245541359173  0.49823480644617152  0.51937973268297455  0.53982212431237964
  0.55943732587225037  0.57761705357082260  0.59468160137015080  0.61046046299084122
  0.62680842098110401  0.64505061500312566  0.66346821143272838  0.68120492949484768
  0.69770740323360669  0.71315078356647010  0.72841773625363104  0.74421811713421215
  0.76015623482382244  0.77593138629828318  0.79090931235701800  0.80528509818560134
  0.81929302894295364  0.83275681092319442  0.84523930856782437  0.85689531479879055
  0.86804626581568356  0.87882866782360480  0.88970573061970437  0.90047964819377613
  0.91103119628403773  0.92060718251634466  0.92868819723015228  0.93581532753725105
  0.94235561226590892  0.94893777331937834  0.95558031968771806  0.96117547034511175
  0.96580790251400750  0.97015412097993325  0.97445940762376471  0.97844926266720333
  0.98223149165291279  0.98588700311606492  0.98908204486121065  0.99211565866547491
  0.99451118465738331  0.99651172018159107  0.99827031539463396  1.00000000000000000
 -0.00324994092055454  0.01156217889686660  0.02310906559900027  0.03347113031405336
  0.04269582110973391  0.05105334369159881  0.05910699967588567  0.06775514538467520
  0.07712380186569864  0.08699947278017751  0.09765147259969464  0.10801370417222482
  0.11835551062987548  0.13011072106223234  0.14275939115397807  0.15613955350407521
  0.16937900258162325  0.18027083998194854  0.19006281570432784  0.20006032895310674
  0.21070329440484328  0.22203857775685232  0.23406005257350637  0.24639940162943993
  0.25866643533000538  0.27048384820394633  0.28169868907291645  0.29357435377129509
  0.30661420720500393  0.31779838980087199  0.32645303791023850  0.33500271342042898
  0.34430767539377333  0.35565140038366377  0.36710027380512045  0.37844784588390112
  0.39048545395485912  0.40164098840353557  0.41064802635952236  0.42033626348540626
  0.42943285414863713  0.43836152569694509  0.44668887963932452  0.45546586745111334
  0.46622210957091720  0.47874867956111000  0.49159631795474401  0.50375897460471264
  0.51612645770032972  0.52899009948314046  0.54292338212183533  0.55497141687462637
  0.56656157387731931  0.57743754454627316  0.58557909612023062  0.59371849278081323
  0.60201570570206642  0.61066280205460999  0.62286367961410927  0.63538905542880164
  0.64829410806872179  0.66122600395397080  0.67444221474286126  0.68758895890891680
  0.69971692634312788  0.70986722378117506  0.71761534099239432  0.72531847774831770
  0.73301501496710986  0.74113739699619452  0.75130423553606429  0.76016481796023061
  0.76911255396223110  0.77987454861314676  0.78963412054303217  0.79802168422012609
  0.80631525013941385  0.81523010990796485  0.82301581851127392  0.83088497526235539
  0.83799408641173323  0.84463577093212749  0.85548194469830297  0.86697643839029559
  0.87812793762231844  0.88806919804628259  0.89789694933708608  0.90894548900001992
  0.92085988246317307  0.93371150620507171  0.94547319244575090  0.95667093965523420
  0.96809323430183924  0.97904293327390646  0.98997296463144635  1.00000000000000000
 -0.00277217718496913  0.01167204680073347  0.02283837543668167  0.03336672800039674
  0.04362997901088497  0.05409190854936316  0.06572224422230399  0.07685168933014559
  0.08795656044020529  0.09933795211678750  0.11128540251888329  0.12348899566654840
  0.13449641901244247  0.14602991679480953  0.15839029731274457  0.16982086134847638
  0.18091908427417944  0.19002597627196016  0.19943086814910538  0.20895895658697558
  0.21813673771657627  0.22927948482073177  0.24095479652481563  0.25135192726642264
  0.26157105571039252  0.27152326100038643  0.28303778916456196  0.29519906887511776
  0.30729680542560794  0.31808032563843669  0.32694685607769597  0.33450369862224200
  0.34241003181892293  0.35110461632955303  0.36011136016525946  0.37335745513410279
  0.38386701205974955  0.39438991729426698  0.40284788050473069  0.41018544688806385
  0.41770222279316171  0.42504143526914451  0.43217208905638349  0.44295211725044475
  0.45319271161725710  0.46262226212738361  0.47175396092501609  0.48143170366526072
  0.49207915380264255  0.50308721369050979  0.51485043038876543  0.52456893427804807
  0.53369510743154169  0.54264504036058803  0.55141112827624772  0.56239624245691000
  0.57576943272412040  0.58838503517775986  0.59997357977786936  0.61240882833208443
  0.62511934850064155  0.63855352843320323  0.64985040394895610  0.66039731131250134
  0.67075970960336384  0.68140709177954684  0.69156932714724340  0.70175926488538198
  0.71297052033255492  0.72533823877484926  0.73715005115230425  0.74954667273532372
  0.76247298645034556  0.77497092626829589  0.78689834238214018  0.79831354088323458
  0.81060491031455462  0.82240565934474952  0.83268995171715676  0.83996030657917831
  0.84750996659283895  0.85682361329715662  0.86689338280428674  0.87638122652838313
  0.88530142930001610  0.89264763999066876  0.89910158020068154  0.90606090260049821
  0.91412552229154198  0.92640618839155342  0.93967451730592388  0.95187245647356333
  0.96347415472737641  0.97523334200940759  0.98747652252967077  1.00000000000000000
  1.75108971005093352E-007  -1.0000000000000000     
 T T T T F F F F F F F F T T T T F F F F F F F F T T T T F F F F F F F F T T T T F F F F F F F F T T T T F F F F F F F F T T T T F F F F F F F F F F F F F F F F F F F F F F F F F F F F F F F F F F F F F F F F F F F F F F F F F F F F F F F F F F F F F F F F
  <DiscreteSampler_grid>
  grouped_processes
  1 # 1 for a reference and 2 for a running grid.
  10 # Attribute 'min_bin_probing_points' of the grid.
  1 # Attribute 'grid_mode' of the grid. 1=='default',2=='initialization'
  0.0000000000000000 # Attribute 'small_contrib_threshold' of the grid.
  0.5000000000000000 # Attribute 'damping_power' of the grid.
 # binID   n_entries weight   weight_sqr   abs_weight
    10   10   2.299235898759364E+004   4.281925099315707E+009   2.299235898759364E+004
  </DiscreteSampler_grid>
