 -0.00140373354742178  0.00666512653937823  0.01365859983703829  0.02025788842491529
  0.02666207023152409  0.03282048202197843  0.03900225161707836  0.04699129244299494
  0.05631697128578290  0.06539242566026568  0.07426090218433404  0.08318450852983508
  0.09350906092382352  0.10514411112536372  0.11559013260587032  0.12532822425066703
  0.13514527947547697  0.14563689648229899  0.15684092324889276  0.16681323680741938
  0.17468055206068475  0.18263537093496554  0.19094635173779670  0.19947375912146140
  0.20928308988166386  0.21998561824034002  0.23116889064686344  0.24360444941846102
  0.25608062175773855  0.26812326856391433  0.28059116875307771  0.29306303542657186
  0.30558957729141595  0.31863552318919564  0.33026964265214614  0.34131731274810800
  0.35163299578413953  0.36287824656311363  0.37477793206264437  0.38705801969306447
  0.39932543871743353  0.41195292405009926  0.42538243796649494  0.43876906974595109
  0.45176701389118629  0.46462698624523247  0.47730073499994391  0.48982049907602604
  0.50243162875522163  0.51606835791516770  0.52920953966802453  0.54122912597421302
  0.55354382850984729  0.56543867980356688  0.57651703695819478  0.58713394229924243
  0.59726056510260117  0.60875973607874545  0.62011338835254759  0.63187090766422005
  0.64351230591277797  0.65583137784578893  0.66765105156130511  0.67794337929327353
  0.68750839272186515  0.69758812691520111  0.70780457412552444  0.71835761449471069
  0.72831837315255576  0.73998910351760483  0.75225658869275724  0.76510199079639774
  0.77889570443274492  0.79320287583140203  0.80639783950414112  0.81812842904264926
  0.82848021762038493  0.83656912458313804  0.84415345953562426  0.85220646185129545
  0.86164618277006788  0.87330738667596730  0.88190402276444779  0.88939437434545610
  0.89751515202684573  0.90680554361468613  0.91692082803890695  0.92668805194036907
  0.93604084439101221  0.94500125569588023  0.95333482291539695  0.96135249255546784
  0.96953730250157844  0.97823247201292773  0.98839448056625501  1.00000000000000000
  0.02198014153844103  0.03709344521405109  0.04572748517458336  0.04763776845238338
  0.05068397602623085  0.05424338746132241  0.05719414916318304  0.06086922035597646
  0.06590591558588925  0.07093660677900540  0.07478215238315747  0.07780147684003201
  0.08037578549727564  0.08296341957377550  0.08548053995010262  0.08790278812932274
  0.09016216377988223  0.09226950884813914  0.09432455973911479  0.09648684266341709
  0.09867899186059553  0.10103999155526816  0.10329830758536007  0.10574027363664255
  0.10831867257178504  0.11095347821999352  0.11371020737138027  0.11669820383366523
  0.11999054787800512  0.12318360520752700  0.12615731430124752  0.12894330028315154
  0.13189103600075602  0.13503044448645765  0.13833455452220564  0.14195933478939879
  0.14581324151661962  0.14974042575921376  0.15360963021488699  0.15726045992125029
  0.16084785133904564  0.16469081446025985  0.16882520610690974  0.17336276035937770
  0.17771533016792596  0.18253669959939606  0.18768162012405576  0.19279566392469744
  0.19780204642798227  0.20336369357437717  0.20902028315176363  0.21458931241228199
  0.21968449843581558  0.22466405057695793  0.22964714007287665  0.23481477168774670
  0.24063043564941969  0.24678859323435279  0.25300314318835088  0.25971597908341632
  0.26680858750091196  0.27491635768386130  0.28378392597130264  0.29266447603755319
  0.30115071058177489  0.31007783041076875  0.31986066518484457  0.32948196302738486
  0.33799018618489229  0.34679595009552061  0.35675609889503557  0.36862873456580042
  0.38140121063531562  0.39483589821022919  0.40709997589918917  0.41850793956014060
  0.43140185379351842  0.44455400834550274  0.45834422933746999  0.47361610615806582
  0.49096569998550776  0.51131493805014594  0.53232397346391114  0.55319177534140840
  0.57596204262949391  0.60215331840404884  0.62970983042631723  0.65881809284169013
  0.69129585828658635  0.72914252169045568  0.76907049534851157  0.80967276719318204
  0.85190321174841832  0.89726911079791760  0.94736979750961658  1.00000000000000000
  0.00000867600627370  0.00001492311168504  0.00001889451900746  0.00002184821983875
  0.00002405692362290  0.00002615988571448  0.00002803790907268  0.00002961684499342
  0.00003096235551147  0.00003266200708940  0.00003455574766961  0.00003660779500574
  0.00003912848437279  0.00004209895576876  0.00004541140922331  0.00004937486677195
  0.00005374781663757  0.00005838302605260  0.00006309020556404  0.00006814457962204
  0.00007352188597839  0.00007917501402019  0.00008545608645945  0.00009161631568252
  0.00009808521265449  0.00010489619981758  0.00011180403848583  0.00011952815661209
  0.00012819275424898  0.00013767619594668  0.00014771186946753  0.00015807564470489
  0.00016798798858053  0.00017804641007648  0.00018846692469605  0.00019920972704940
  0.00021244093664533  0.00022700837330652  0.00024445951898610  0.00026720890996795
  0.00029328865939235  0.00032225125691501  0.00035471564696177  0.00038952302134676
  0.00042471424082404  0.00046102078343758  0.00050127959713232  0.00055024116394713
  0.00059742947500476  0.00064877189647713  0.00070739784943475  0.00076973118688649
  0.00083712654255513  0.00091138044186967  0.00099033961136877  0.00107210411246924
  0.00115500093685790  0.00123938881764291  0.00133500569896327  0.00144378359086164
  0.00156155231061470  0.00168959491331250  0.00183984519956877  0.00201953375883290
  0.00220451799425003  0.00237292499187558  0.00255212329149316  0.00276253704279693
  0.00299550636654751  0.00323566681936514  0.00350235599920901  0.00391774134426017
  0.00437081457287523  0.00487869486940031  0.00550218466236374  0.00621321082307098
  0.00698069209993363  0.00782802379131906  0.00877863521301414  0.00989074291861502
  0.01118971054219307  0.01278023846116079  0.01459951866766585  0.01662431590722142
  0.01906605835565968  0.02203555000346545  0.02572484838059217  0.03075119451274609
  0.03770612561154808  0.04693020437923376  0.05932936575658142  0.07706837158961458
  0.10545753323757057  0.15847897127584415  0.27573250809102245  1.00000000000000000
 -0.00174621679633822  0.00582783354279804  0.01230850981861869  0.01895223568682917
  0.02624837782279673  0.03348658946504607  0.04113966765326803  0.04917366252623490
  0.05781539577913732  0.06586295283712343  0.07411144313301365  0.08266683052970313
  0.09162881182626324  0.10118459528952219  0.11106124396235413  0.12069160461692605
  0.13038276663979648  0.14032321144797621  0.15074894370679484  0.16189684184711542
  0.17412376991427037  0.18638343459615317  0.19610318247284297  0.20418099291685893
  0.21230697806037446  0.22031584124937303  0.22992382439734416  0.23973279189789179
  0.24921544902374729  0.26011403557674223  0.27172282044753415  0.28444018893256973
  0.29796862619992748  0.31168704480969794  0.32468365130948057  0.33700082657832364
  0.34978143704282011  0.36304801359337541  0.37631861955016466  0.38894732201988735
  0.40103882950543340  0.41087175844260632  0.41966603772678573  0.42920668949427837
  0.44033881191951324  0.45087827281593318  0.46204290561427741  0.47487071699892253
  0.48807375898888672  0.50105928692037793  0.51477504912135763  0.52825101614157710
  0.54200295047191827  0.55577918814911109  0.56827700388925295  0.57917307570594467
  0.59057179939355642  0.60178364173085130  0.61136235076988399  0.62049839281347308
  0.62876364597800516  0.63940881626375989  0.65156159034905725  0.66504697108186595
  0.67858970041620803  0.69214866917363527  0.70614593972514217  0.71962610373860469
  0.73256771498957540  0.74524659807674687  0.75668463571343936  0.76606741930012756
  0.77433370439071836  0.78304635727981731  0.79314952167538089  0.80385649910056567
  0.81527334274448393  0.82740822388604240  0.83894538555742737  0.84960946798053050
  0.85910554786299775  0.86766300259995710  0.87621681758395953  0.88485220391780606
  0.89470849158986943  0.90539264999977209  0.91626523706559182  0.92706629922834927
  0.93780821057942487  0.94863057653972926  0.95900674570122479  0.96855522493474921
  0.97714644582182608  0.98495007279826408  0.99272611431402979  1.00000000000000000
 -0.00227567536310572  0.00779213572088559  0.01714920176861685  0.02751949389600579
  0.03898193097888956  0.05118491196237316  0.06392376531006791  0.07605149653700340
  0.08650932125427442  0.09575650614679639  0.10547641778758807  0.11698666993983496
  0.12913120564577621  0.14102978006329067  0.15276093743275640  0.16430494656315497
  0.17580043961363678  0.18681789160050025  0.19814034299795691  0.20964730138631088
  0.22083212404275479  0.23206625800697772  0.24313499392386473  0.25360911975443146
  0.26304202894030332  0.27282236396280229  0.28285405260918139  0.29214923161846346
  0.30079290131665876  0.30892863766519052  0.31853347707778706  0.32963786958000668
  0.34034472467925514  0.35071637858930549  0.36078145442935339  0.37089574737165470
  0.38230999560464934  0.39319338079725413  0.40381899499692192  0.41417416632656973
  0.42402147367272097  0.43367411304046799  0.44349509616837490  0.45382930997950460
  0.46493816448899394  0.47642366049971441  0.48775542033558905  0.49871882589725836
  0.50967434392187516  0.52062385960530833  0.53091649032933630  0.54114691336361997
  0.55207422375114767  0.56490746482086451  0.57788237474737159  0.58879467572434518
  0.59793552416204820  0.60519284284508201  0.61246906411288837  0.61980922906531444
  0.62911133403007391  0.63999788579828953  0.65088951531609351  0.66193412286223452
  0.67302211441708448  0.68400944017606924  0.69492612298757728  0.70594951932387295
  0.71736645392189313  0.72878471096553399  0.74011499384585144  0.75112823203471224
  0.76325176737710532  0.77461005861468257  0.78553238765495415  0.79484765989453499
  0.80454437777087595  0.81469293910476370  0.82556966650883423  0.83591226762018944
  0.84541240706203891  0.85486988272181141  0.86512458815994331  0.87514639401179695
  0.88274286188830497  0.89109543816759085  0.89975813068263599  0.90921733166874197
  0.91901836295728689  0.92845272200731366  0.93790898789261379  0.95046262022787276
  0.96352200994058279  0.97634739359678246  0.98842870117661263  1.00000000000000000
 -0.00149561512788776  0.00783121309164993  0.01441190857533213  0.02033733023972073
  0.02606858121975358  0.03144317011973641  0.03695917893741624  0.04274693114007887
  0.05025288220682982  0.05827625898176308  0.06803731408462731  0.07867882319870072
  0.08843990710831272  0.09766104635606185  0.10731194216919274  0.11793201030961034
  0.12808866495970492  0.13855664090752198  0.14973166809460489  0.16099229439812701
  0.17539769792769125  0.18982903626836833  0.20459096752827918  0.21924163672894875
  0.23372844390362527  0.24857971308523094  0.26479747479352228  0.28195497046510926
  0.29883080250018429  0.31606694569428212  0.33376950412488054  0.35100909264547703
  0.36765901254575262  0.38410609454227540  0.40045854230270822  0.41822280704549791
  0.43681572481796122  0.45442082536731343  0.47025386642234335  0.48617432648312309
  0.50330986930325794  0.52079073261804421  0.53792526744656644  0.55553303780532681
  0.57327895417144559  0.59057570298665174  0.60735326395889178  0.62338866635927248
  0.63912226149132989  0.65510569713849731  0.67190561483031619  0.68891775647180520
  0.70487905226316283  0.71932581916823857  0.73271918802698699  0.74621604190481705
  0.76000429352384946  0.77306548350770921  0.78476512036428281  0.79611139876285419
  0.80735209759769222  0.81956578571194849  0.83166782436362352  0.84338622777395533
  0.85469406132450410  0.86489708740001126  0.87513826598538969  0.88430103081610423
  0.89295235155580177  0.90100632449807427  0.90894079326287724  0.91628484717302983
  0.92352738706144022  0.93055912395120677  0.93762875992399219  0.94387044177507151
  0.94968299910156806  0.95488540186918391  0.95943081948013631  0.96343952043567493
  0.96722371647724104  0.97119707304677250  0.97506531993674106  0.97845833985040132
  0.98146599784602406  0.98416181244501422  0.98660910493582910  0.98886619947544019
  0.99091575848559277  0.99274531688920509  0.99429474109924221  0.99577950074506250
  0.99701536491528653  0.99808339853212136  0.99904759973680790  1.00000000000000000
 -0.00337250345934161  0.01336834636709390  0.02656844777113767  0.03942019029097860
  0.05162875121408175  0.06400727312004625  0.07696418553360442  0.08957395852356854
  0.10147948150838193  0.11202679204473200  0.12250342321254579  0.13230530845779853
  0.14249990653194849  0.15360874882401970  0.16532954483612800  0.17665466402634369
  0.18845898771387468  0.20007477673025828  0.21209464519644067  0.22437402561980185
  0.23720808227373119  0.24988458688662354  0.26236888161329308  0.27420128714860414
  0.28602555840512212  0.29815186080673556  0.30950875246031850  0.32027348534480465
  0.33118499632220655  0.34228171311745303  0.35359340305607817  0.36451546607663216
  0.37569791494121857  0.38723683233055506  0.39784052388707147  0.40770935556521737
  0.41791797435918832  0.42888397519089150  0.43931417549190188  0.44915128712955193
  0.45867494550551346  0.46689559316611257  0.47411395143149598  0.48108536277656444
  0.48779396739705949  0.49624059441301777  0.50350386431477401  0.51137215950019022
  0.51892062460130473  0.52762655324876750  0.53649529352133374  0.54503793162915504
  0.55433699609713649  0.56326593149544180  0.57349880583111845  0.58404189530863371
  0.59489759685132315  0.60480360521595566  0.61455919889711907  0.62436459098114616
  0.63338828885356324  0.64368210618128052  0.65426397785838297  0.66541795947614613
  0.67754868286501113  0.68910960614447114  0.69921855755216500  0.70909658605850090
  0.71898439206680809  0.72791828209595988  0.73609161887343733  0.74386692092903695
  0.75277637762748983  0.76371021578466236  0.77586935873214491  0.78781524354461396
  0.79950468766520288  0.81131982469243968  0.82316623511705422  0.83493439284302640
  0.84686449721593571  0.85865902013047579  0.86954114224079204  0.87920844701876222
  0.88844214167992130  0.89835077502910721  0.90876888138536893  0.91831453512915662
  0.92811257498787958  0.93748693128882421  0.94892436323727392  0.95974680524765854
  0.97101694980210262  0.98105300219410696  0.99067164375782468  1.00000000000000000
 -0.00223145266876462  0.00973906862406644  0.02014776730698980  0.02943645036123341
  0.03977694829056373  0.05025869472177939  0.06152648720032884  0.07357058466576373
  0.08537072570522837  0.09734341854376363  0.11084569083953857  0.12430374707913117
  0.13552117546044706  0.14578990069893583  0.15634784199536586  0.16682263374219397
  0.17677924217694924  0.18632478725792517  0.19777788262262061  0.21030301862320888
  0.22328765746710838  0.23601596058019142  0.24843981740988336  0.26032020451889021
  0.27198028756076303  0.28301206982372556  0.29375983915503506  0.30518493051721379
  0.31573209665116697  0.32438438888290666  0.33274879388460077  0.34113464776117108
  0.34999982095962462  0.35921146485272459  0.36904518988887208  0.37968506499341770
  0.39111718681851299  0.40191669997382101  0.41264384920087871  0.42359774904232067
  0.43485799629076721  0.44605574635884521  0.45769130290818244  0.46936783629951900
  0.48070456634757791  0.49226590586546626  0.50410736695293612  0.51623310348117712
  0.52812599626827628  0.54001661532865242  0.55096968725487905  0.56098613536692499
  0.57041926032098145  0.57949524376334649  0.58865412760725355  0.59772827527056716
  0.60574522893714744  0.61341915274068393  0.62125464648920248  0.62877350398859566
  0.63638750707515235  0.64495887908753025  0.65388279034242291  0.66449811402645509
  0.67574315040682009  0.68670145869834065  0.69738213072958777  0.70839835844383059
  0.71937686335097395  0.72954807782773978  0.73878659282658821  0.74816227289131654
  0.75941524833717189  0.77082859221441946  0.78281585667780318  0.79494854595846243
  0.80695759514916798  0.81780606472563999  0.82734199828168808  0.83691117545558158
  0.84595138452441254  0.85536090735984249  0.86543405298203802  0.87612112440993395
  0.88774743304554338  0.89904669121375291  0.90956268550329678  0.91994186509866172
  0.93029376220254201  0.94024636519769433  0.95002287026592047  0.95929549722694551
  0.96881917414461916  0.97829582234214729  0.98911759189880821  1.00000000000000000
  1.30242462711795102E-007  -1.0000000000000000     
 T T T T F F F F F F F F T T T T F F F F F F F F T T T T F F F F F F F F T T T T F F F F F F F F T T T T F F F F F F F F T T T T F F F F F F F F F F F F F F F F F F F F F F F F F F F F F F F F F F F F F F F F F F F F F F F F F F F F F F F F F F F F F F F F
  <DiscreteSampler_grid>
  grouped_processes
  1 # 1 for a reference and 2 for a running grid.
  10 # Attribute 'min_bin_probing_points' of the grid.
  1 # Attribute 'grid_mode' of the grid. 1=='default',2=='initialization'
  0.0000000000000000 # Attribute 'small_contrib_threshold' of the grid.
  0.5000000000000000 # Attribute 'damping_power' of the grid.
 # binID   n_entries weight   weight_sqr   abs_weight
    10   10   8.090089344326855E+004   3.113771775720024E+010   8.090089344326855E+004
  </DiscreteSampler_grid>
