  0.00030156735655461  0.00278805825601652  0.00491941662348254  0.00773068630965451
  0.01130932455338833  0.01501554847264603  0.01964890264388618  0.02368337309927469
  0.02757419321568820  0.03210713780474129  0.03660959242344466  0.04114968621765319
  0.04626555132652151  0.05130251282313267  0.05534431263608790  0.05867219277662972
  0.06199499164496437  0.06532933091115549  0.06869703456941761  0.07208118613588420
  0.07584736438262236  0.07955442472276399  0.08294421801232997  0.08647021908170559
  0.08976757979540828  0.09291098386582866  0.09609054013220940  0.09938234690213653
  0.10302373671436794  0.10677679169811936  0.11063333146223321  0.11444011472765708
  0.11812115180294883  0.12230667438142785  0.12694622038321307  0.13168362010330747
  0.13646212849482400  0.14091282208838460  0.14484133230769905  0.14838296498671927
  0.15156471868074167  0.15486531897203948  0.15853972193967916  0.16261208529116114
  0.16669478011505731  0.17084893398952766  0.17361517471017268  0.17624330423697429
  0.17874781027106976  0.18109040269903076  0.18331403181572395  0.18519270080674086
  0.18704510818487199  0.18883012751082184  0.19053609077756931  0.19222373439557577
  0.19389392839304867  0.19567473628609780  0.19748576669886786  0.19928955840772658
  0.20109905475730391  0.20293092425470072  0.20478906658125262  0.20662162533404987
  0.20842263673600128  0.21019242039024913  0.21193523128524472  0.21366581907819016
  0.21555633721520567  0.21736395096296243  0.21914336938111006  0.22091865125263305
  0.22268044305139065  0.22454137660699994  0.22644647075629221  0.22830253285286889
  0.22996381381120171  0.23159440995757249  0.23323536860239547  0.23489859144657266
  0.23649796903185547  0.23800695683191600  0.23949509211720493  0.24115882284283255
  0.24333687629240705  0.24616445606285126  0.25053567164082641  0.41654088075431439
  0.43135712082746203  0.44480428136381872  0.45950730384147609  0.47789263091338441
  0.50711312974419309  0.55393450700443303  0.65123049327799953  1.00000000000000000
 -0.00001349924024198  0.00107161758628418  0.00354601684336848  0.00706053139496970
  0.01170372507697635  0.01661153054617198  0.02108609796115122  0.02669382417145221
  0.03337121265021007  0.03882825190925063  0.04298918845019312  0.04750386381903943
  0.05238867166757103  0.05733586131329353  0.06166283755656925  0.06595130402559708
  0.07042344702002740  0.07520121278347253  0.07977242085132789  0.08490908992568832
  0.08974891483746265  0.09463297642458304  0.09960922223714684  0.10475688438740832
  0.11018647730554072  0.11584325191689275  0.12159239121454340  0.12729007418287752
  0.13210037968876615  0.13678259100868201  0.14123012557103598  0.14544901207496949
  0.14953736987784236  0.15337991603528053  0.15704275205120491  0.16062077568260424
  0.16410980316995635  0.16754603043606806  0.17090780044027237  0.17381929007391150
  0.17668937756716779  0.17958180416981617  0.18243249095318859  0.18515905818119843
  0.18762247164633500  0.19000051372018681  0.19247664283644880  0.19502523992733767
  0.19760370535963709  0.20016571397114460  0.20255743382147798  0.20484238424713880
  0.20704730955010728  0.20854880911610899  0.20997805837516126  0.21137448772300280
  0.21276117371265635  0.21413082836380615  0.21544584079318196  0.21665091001039050
  0.21787485332118364  0.21918794697137084  0.22057503266469128  0.22197000233980838
  0.22331043642793585  0.22462175326877129  0.22599491735922905  0.22742206210314456
  0.22886690214319949  0.23036000089073344  0.23177679950990601  0.23312878001426277
  0.23442565108014685  0.23568355787661810  0.23693559612458076  0.23819358726565024
  0.23946009244994793  0.24071168855655556  0.24195259154326365  0.24318310144457106
  0.24475528731535381  0.24660994610190815  0.31767630342659708  0.40971898309711541
  0.42110715124096953  0.43211190571177599  0.44202606707349662  0.45315199166972431
  0.46655970930430674  0.48178615162065069  0.49945921335880478  0.52700972908036048
  0.56767228948865145  0.62739665580584014  0.75060006635646204  1.00000000000000000
 -0.00005780110870382  0.00201971774217046  0.00569265071766584  0.01013193892798275
  0.01511336653251210  0.01945648954956638  0.02459805085328352  0.02979621390730740
  0.03392437527995864  0.03776014197853468  0.04123590377425801  0.04599610904405139
  0.05201376209143294  0.05768267228723525  0.06315013170289634  0.06851488230387265
  0.07365575603057742  0.07903583197808529  0.08433122737360434  0.08880574804421833
  0.09348190853429487  0.09847697559169064  0.10294607185212930  0.10709186532410339
  0.11102928687708735  0.11494433146773175  0.11961040811373143  0.12527981051922191
  0.13177819729411930  0.13819121321337602  0.14423853589853020  0.15063573713888542
  0.15719364650105361  0.16374708179317382  0.17020639477321650  0.17627423565624231
  0.18210392377477588  0.18789541437706336  0.19448236745560998  0.20165014594144098
  0.20920824565906751  0.21591111428208409  0.22261571277876610  0.22943477206597304
  0.23639004554161558  0.24394023091252565  0.25250679881770793  0.26020417871284102
  0.26676641241050320  0.27410930240392845  0.28145982263952857  0.28876854381263650
  0.29598330293516201  0.30406600621411178  0.31289832482689506  0.32160524054270601
  0.33063406703825438  0.33915513352930754  0.34750154494891339  0.35540002903692480
  0.36233554038533122  0.36810597934535760  0.37378850559169102  0.37966742416147620
  0.38553863761111584  0.39232871222459059  0.40089000246631351  0.40906723233728476
  0.41684512444114546  0.42459211191967167  0.43168076525135218  0.43870643583561347
  0.44587221207829525  0.45319075683255289  0.46110318788838295  0.47019082547024382
  0.48041820605636371  0.49179596923764629  0.50382695523272336  0.51580887220432770
  0.52761481646006003  0.53978181505144407  0.55337636843253590  0.56734078314321423
  0.57910159065723088  0.59131100352789168  0.60278376276850654  0.61526394922763072
  0.63061894318783107  0.64707986678915141  0.66417212819666616  0.68139850867101726
  0.70423745287551542  0.74428103053517558  0.80791128901115394  1.00000000000000000
 -0.00171969832846064  0.00756803528409980  0.01660685572520752  0.02594933247319201
  0.03530432782896201  0.04356259107271749  0.05064488790023339  0.05795029182815568
  0.06721225030704546  0.07713640723128434  0.08835048934542840  0.09953686750927776
  0.10858381914262787  0.11568066426925157  0.12235955797851274  0.12894806374898701
  0.13583412622928709  0.14282804621569906  0.14933416147849016  0.15544144370590329
  0.16134371776179057  0.16850219015952428  0.17958726726529747  0.19293626534760372
  0.20854366333750785  0.22111294379593335  0.23402720593745011  0.24592011451439330
  0.25716848159956512  0.26847928555822997  0.28051856093801103  0.29393419150128292
  0.30791911834469787  0.32220103318879328  0.33516087984003784  0.34798801201219248
  0.36057882191880586  0.37366875002677563  0.38784632256393919  0.40159646186651543
  0.41380839302150280  0.42525130809217321  0.43681706614496651  0.44807009892077443
  0.45824094971147983  0.46790303496816754  0.47729859623309673  0.48766232178644581
  0.49796880242059216  0.50673923924726116  0.51531691008149982  0.52399766584007990
  0.53265634443808330  0.54068227077207021  0.54817825939628551  0.55578979506578863
  0.56531982225449717  0.57726186328211349  0.59135235606308822  0.60641812066390033
  0.61751392815730999  0.62798303959010937  0.63941632297199347  0.65010902861698971
  0.66022708119943330  0.66924357020544789  0.67776688057494683  0.68672533960884496
  0.69386485150847932  0.70131750891435507  0.70916126905070986  0.71794958770768635
  0.72594221449162943  0.73406381832837064  0.74275518478122327  0.75227313821582154
  0.76282474861871796  0.77327055812780399  0.78411695555547090  0.79577647825320841
  0.80817543513230194  0.81999258912678363  0.83059676492567092  0.84248647551893274
  0.85605942936678014  0.86982664487742267  0.88347696766852535  0.89538600134571433
  0.90781806677720855  0.92094425743871566  0.93622643452613807  0.95723811761439193
  0.96960876090881565  0.97992363260313264  0.98998764165977637  1.00000000000000000
 -0.00215049862843041  0.01030710556214427  0.02108539146308617  0.03166136950368874
  0.04074892888795351  0.04919903687721947  0.05761227957487790  0.06551760267849803
  0.07151577846779583  0.07777560744275042  0.08465713022327204  0.09244206019015501
  0.10010641785029825  0.10770917965070141  0.11478370408477709  0.12109874552007126
  0.12727580744558523  0.13470653126242768  0.14282089526091729  0.15164368455562513
  0.16056353441719687  0.17101665521011458  0.18334885110098773  0.19497648813274243
  0.20593873613691441  0.21696047551934361  0.22741744570115546  0.23712442136000481
  0.24551138401493783  0.25443165447682486  0.26367903398841541  0.27392137823203294
  0.28592424171311870  0.29790328716284836  0.30908130434794867  0.31966907753147256
  0.33027732684478489  0.34214679266459697  0.35433374723980010  0.36486221302247468
  0.37562286472791467  0.38587773929144631  0.39666516486919473  0.41072305554738187
  0.42658108608859335  0.44393349256253972  0.46080899904423428  0.47533518183031936
  0.48485817451940927  0.49299260413167056  0.50152435895711522  0.50986985370338544
  0.51785134591617543  0.52597411271314198  0.53342878603056942  0.54147080594205454
  0.55177990598715498  0.56237927800478382  0.57412085643737787  0.58641302471181500
  0.59746528912347130  0.60923513800326579  0.62180038472510890  0.63411740645719383
  0.64485723449579690  0.65506815170098354  0.66464840809940162  0.67500621988831466
  0.68604770736215359  0.69762426729593452  0.70853653028591423  0.71881487382297915
  0.72761997515984755  0.73638903763345731  0.74592153904175151  0.75556594853521464
  0.76566653096484083  0.77608878894889521  0.78700893059390975  0.79917735273282520
  0.81141809377644625  0.82208119643977984  0.83268128766912985  0.84290887939186854
  0.85300285712082480  0.86325661059766756  0.87372000673926953  0.88496664638192135
  0.89798864936022582  0.91509785136885990  0.93002041011688741  0.94368610292779120
  0.95804837087638173  0.97210950544911390  0.98564317110316124  1.00000000000000000
 -0.00353164937890915  0.01331797625578808  0.02893531860100670  0.04911829715720722
  0.06722924894889297  0.08221715541815276  0.09704991106188138  0.11132011898086885
  0.12588428003368571  0.14004765894187704  0.15389126975672443  0.16695674595504842
  0.18165774579302271  0.19578553465817125  0.20815888952654965  0.21839774237601309
  0.22904790303237790  0.24126635260682161  0.25227006030763394  0.26186195115492755
  0.27082992569594527  0.28160935976609469  0.29314661560900007  0.30618434023572522
  0.31922638846878343  0.33193691897754474  0.34250208420294209  0.35401699212992366
  0.36624351357168622  0.37784919746980261  0.38709389069305883  0.39520700140588705
  0.40351866409939657  0.41299415931130229  0.42198158016874487  0.43027606228202642
  0.43923121179969027  0.45208681077151908  0.46685721666641650  0.48175452733707225
  0.49409985143034996  0.50608911288850833  0.51694702748510712  0.52699755738142651
  0.53693556106259621  0.54905699215028581  0.56096618726415715  0.57219793599831781
  0.58395971008370928  0.59559964560084355  0.60734056307296436  0.61841479833042023
  0.63044210024652692  0.64105515897712240  0.65030870729843393  0.66020772526056481
  0.67050878286909987  0.68150952460903591  0.69462442648750389  0.70814516087853596
  0.71728648199635270  0.72529389608844597  0.73344438925704603  0.74169425545285450
  0.75021109397636510  0.75960079260893643  0.76979546966444545  0.78145816324646511
  0.79271116477737313  0.80381323091381640  0.81511815148313915  0.82524306822309568
  0.83519664566855545  0.84495447448956162  0.85310108377038807  0.85907108588747039
  0.86425323188326764  0.87002532085979600  0.87561634041742675  0.88177178737089557
  0.88729246397435924  0.89300978543429377  0.89880815086634469  0.90452073651115938
  0.91025226213407373  0.91727295030324063  0.92609864488143101  0.93528462519905842
  0.94384268657480719  0.95223217949796080  0.96077946210037690  0.96863962700238870
  0.97630347698008157  0.98410522330381589  0.99208885375751343  1.00000000000000000
 -0.00384710178962177  0.01135417557643857  0.02535626040942152  0.03957908362562864
  0.05271079793936694  0.06485138090122539  0.07732008528701405  0.08856884565252471
  0.09889457530607723  0.10849893104820846  0.11705865817339606  0.12574580167190308
  0.13413820677142574  0.14326003158518560  0.15296801073532845  0.16305694653484296
  0.17534743134184388  0.18617143805073044  0.19328815178119768  0.19929932944002351
  0.20650724500952963  0.21413542244812001  0.22176350084628135  0.23041861473462874
  0.23890471926590948  0.24658779614201973  0.25572799428325721  0.26814500442045336
  0.28188192467781409  0.29859194486567986  0.31425054953446691  0.32792656808350951
  0.33956187064436649  0.35022852538864013  0.36098713322190940  0.37049371271437670
  0.38026305111005559  0.38927574097301088  0.40194296624271292  0.41620048052472003
  0.43067189059956590  0.44441797372941744  0.45715428283431192  0.46762598817576573
  0.47888366014786493  0.49136521806422218  0.50607259769505186  0.52201257635732445
  0.53720449460373421  0.55028940863886155  0.56238710684832394  0.57123300732804760
  0.58060479659076958  0.59121776507035617  0.60204999940546222  0.61256644022955742
  0.62272885255098809  0.63564460913052490  0.64807169520258667  0.66063996953347826
  0.67389083407449069  0.68817064207937739  0.69877150943475930  0.70910206862041025
  0.71843401734777057  0.72768005967604699  0.73663140447626019  0.74560540823781252
  0.75404133403537277  0.76199938762839625  0.77114570782158520  0.78221489478266848
  0.79337200664833851  0.80137647377833654  0.80959605680846936  0.81761845325245741
  0.82470159191174863  0.83118067621169389  0.83769144321647504  0.84459159662932815
  0.85122659620235996  0.86016836840564559  0.87098701477078777  0.88072951080988138
  0.88965207813182023  0.89905932348533701  0.90758896523958488  0.91630578949781616
  0.92587640336756616  0.93566047111134631  0.94443143665207041  0.95352542520376160
  0.96333684062526304  0.97353672003236535  0.98601317141980827  1.00000000000000000
 -0.00381015824669383  0.01186418453583589  0.02615120665192141  0.04063848989942286
  0.05532534837158702  0.06842830847854842  0.07944034307596892  0.08892733270544471
  0.09769797386294313  0.10611853739412573  0.11481170496104520  0.12452822004623693
  0.13644598847459372  0.14866001386906472  0.16098603892459004  0.17468392669967997
  0.18780371989556435  0.19755126935850151  0.20517679047052545  0.21307532707954080
  0.22189026453044519  0.23081690045250797  0.23908009217524223  0.24724372397635247
  0.25688758318221050  0.26801346468112203  0.27842313521493989  0.28834459301169246
  0.29821183968829018  0.30872458041933704  0.32064000933032166  0.33199749742900769
  0.34207449553531061  0.35250616063533752  0.36302802232051923  0.37472925260732287
  0.38684411320718332  0.39794322270652399  0.40938039191472964  0.42012395798618596
  0.43049941700534433  0.44020097017975185  0.44984875421484205  0.45992860916928896
  0.46879129103782669  0.47572754672768119  0.48573569483354445  0.49795298657478476
  0.51216249426274063  0.52815062910267541  0.54249762959710279  0.55227318550611271
  0.56026715533342430  0.56872938127813832  0.57783092848497686  0.58908002806953530
  0.60191243444833820  0.61058591001194740  0.61967276609107058  0.62838720511065771
  0.63795788498251926  0.65093270093564182  0.66326319238991560  0.67558610675319197
  0.68683290190188362  0.69424649432159335  0.70153671193528544  0.70879149106876782
  0.71585898024222527  0.72269009163555797  0.72992016215982558  0.73721599463110365
  0.74423221553695107  0.75102228296942442  0.76549049731917806  0.77826600306475369
  0.79079009478893725  0.80331544850544523  0.81429889811263045  0.82614861885694102
  0.83997912496252647  0.85377106283589055  0.86480572933609279  0.87422423112504233
  0.88427615457738262  0.89435413290798993  0.90361125729091485  0.91245698031476119
  0.92327452151998179  0.93925655155067511  0.95173537691226040  0.96132318412805362
  0.97035686868926607  0.97908538677920887  0.98713319459111148  1.00000000000000000
  1.03192472551274484E-011  -1.0000000000000000     
 T T T T F F F F F F F F T T T T F F F F F F F F T T T T F F F F F F F F T T T T F F F F F F F F T T T T F F F F F F F F T T T T F F F F F F F F F F F F F F F F F F F F F F F F F F F F F F F F F F F F F F F F F F F F F F F F F F F F F F F F F F F F F F F F
  <DiscreteSampler_grid>
  grouped_processes
  1 # 1 for a reference and 2 for a running grid.
  10 # Attribute 'min_bin_probing_points' of the grid.
  1 # Attribute 'grid_mode' of the grid. 1=='default',2=='initialization'
  0.0000000000000000 # Attribute 'small_contrib_threshold' of the grid.
  0.5000000000000000 # Attribute 'damping_power' of the grid.
 # binID   n_entries weight   weight_sqr   abs_weight
    10   10   1.398412918626687E-005   4.045866498447280E-010   1.398412918626687E-005
  </DiscreteSampler_grid>
