  0.00001661340608525  0.00001980732036890  0.00002268597773547  0.00002549923360550
  0.00002886382981371  0.00003282619541545  0.00003720793834957  0.00004202124815040
  0.00004752449651610  0.00005378803830828  0.00005891763735600  0.00006349883586847
  0.00006746885353634  0.00007174424633592  0.00007616202810830  0.00008578916282365
  0.00009554954511106  0.00010674953272814  0.00011705952641569  0.00012656270959140
  0.00013671752237124  0.00014754560484096  0.00015939199606334  0.00017350173482946
  0.00018937177718867  0.00020676940292766  0.00022612815154395  0.00024627902912416
  0.00026323483502334  0.00027627562333515  0.00029066324775654  0.00030674757018400
  0.00032740825557837  0.00036372969900199  0.00040063380251691  0.00044287834061901
  0.00048621332641318  0.00053090498137936  0.00057440471749969  0.00062824137894056
  0.00069124111432104  0.00076887744315751  0.00086323431483300  0.00097304630005119
  0.00109296270245162  0.00121760892402590  0.00134535385000353  0.00148875877409720
  0.00165341417561294  0.00184953299050045  0.00208361067281035  0.00234067366224165
  0.00264860163864666  0.00299106864948881  0.00339619796878373  0.00384847152048437
  0.00423800323269166  0.00466556134999335  0.00518361380623709  0.00584356575951935
  0.00683410741213634  0.00796964885316266  0.00927050415872925  0.01061384354585343
  0.01211242962385754  0.01380490629439679  0.01583699249921201  0.01822950758415190
  0.02102724701196048  0.02441807868403802  0.02837383334627787  0.03341190957827078
  0.03913192002975100  0.04541045357981480  0.05282476567476195  0.06296103355586478
  0.07408468400858539  0.08399165559715670  0.09473307939038907  0.10861014549649135
  0.13018876743549726  0.15998638690424177  0.19695708158394126  0.24315205728385059
  0.30197634604399509  0.37064122922329601  0.43680467450653349  0.50839620279167552
  0.58062656980239991  0.66223737508761504  0.74915975293025439  0.82273941158494390
  0.88348619596866507  0.93116392261374648  0.96744440719550207  1.00000000000000000
  0.00000020656907825  0.00000022341034157  0.00000024348662687  0.00000027801021901
  0.00000039220166506  0.00000056680366276  0.00000077909221310  0.00000093762682369
  0.00000104898197295  0.00000116250516025  0.00000128666394536  0.00000142137192207
  0.00000156219603883  0.00000169684791449  0.00000191743552901  0.00000222716106568
  0.00000260632136357  0.00000303199422025  0.00000348715135976  0.00000397471411959
  0.00000451970257951  0.00000516103807633  0.00000585147154741  0.00000650496145814
  0.00000722818394048  0.00000812451175990  0.00000924626292424  0.00001046073668128
  0.00001186417089737  0.00001352408242314  0.00001558609124025  0.00001786006090333
  0.00001957378581452  0.00002150223125145  0.00002368430451979  0.00002610472251597
  0.00003007021459824  0.00003472562245522  0.00003960790516302  0.00004508965335665
  0.00005123154607078  0.00005850118475996  0.00006761469141386  0.00007694359771878
  0.00008392689513958  0.00009104019254890  0.00009836475294801  0.00010641237491643
  0.00011988451781289  0.00013611265482810  0.00015160159564867  0.00016938477499250
  0.00018913266526051  0.00021425001692080  0.00024481094655090  0.00027959976998499
  0.00032029843847171  0.00036972813073624  0.00042946614539506  0.00050049087660028
  0.00058369316475016  0.00067183361145688  0.00076273706899210  0.00086373840526636
  0.00098025664826208  0.00114005813727885  0.00135090548573353  0.00159556051707457
  0.00186955591327510  0.00217865844449385  0.00255960002654915  0.00298727198845751
  0.00353843038876520  0.00422255378108625  0.00509863955180393  0.00606967027022211
  0.00728848419295967  0.00891040271205299  0.01113670024659453  0.01396263473904395
  0.01809685831768535  0.02374103749056167  0.03091424148031754  0.04062596452330243
  0.05513608159517212  0.07637789134090198  0.10207028456197942  0.13503812668284335
  0.18744200847266212  0.25520073848454455  0.32822192486225732  0.43322339699171791
  0.59900810515647618  0.77670770306998904  0.90041963176507422  1.00000000000000000
  0.00000026943162758  0.00000054773267311  0.00000075063371131  0.00000102168385518
  0.00000142468110486  0.00000190816892255  0.00000249447322056  0.00000325821934275
  0.00000422281601827  0.00000547421651035  0.00000713108520743  0.00000921996740996
  0.00001162989505856  0.00001452193745411  0.00001817777095748  0.00002287788363103
  0.00002881609506576  0.00003624217306253  0.00004555744866112  0.00005657507713317
  0.00006946338275615  0.00008546075013154  0.00010619660679102  0.00013184614199740
  0.00016359854882355  0.00020226909967995  0.00024989044570802  0.00030981595616553
  0.00038396836097178  0.00047199842016278  0.00058366255332213  0.00073094115720617
  0.00093157936614415  0.00118630215641290  0.00149924654698665  0.00188349097599700
  0.00235478995990512  0.00296859921192393  0.00376667370439497  0.00475920876734279
  0.00608544746292606  0.00777224539952423  0.00979338446230263  0.01236080992779436
  0.01559712552938867  0.01974130661108944  0.02487020178230281  0.03065029762926837
  0.03779626572620196  0.04789312023216301  0.06185232900365421  0.08016892634366261
  0.10440837928236002  0.13614544357349889  0.17690020054099406  0.22598387102321238
  0.27875835838402807  0.33307181062517877  0.39412898678776398  0.45588265783119142
  0.51147376533931066  0.56347100747827661  0.60557435434393558  0.64920942519331426
  0.68493662093337415  0.71758751431433587  0.74671444505341467  0.77692543622871335
  0.80657138851015397  0.83381296677818595  0.85699383863823453  0.87522256566410450
  0.88835577167521806  0.89951566510285053  0.90981573726578124  0.91890223974777763
  0.92686266862413424  0.93554603131138758  0.94393938002460187  0.95180223311971057
  0.95918033339654118  0.96505542541781275  0.97044071502774731  0.97486614432704122
  0.97800404484216719  0.98121692347117784  0.98439676639512641  0.98724430437795418
  0.98960824848259099  0.99152575777254726  0.99335236720841891  0.99477111414317321
  0.99618986107792740  0.99748957873085486  0.99874478936542743  1.00000000000000000
 -0.00158509000465559  0.00661132514679597  0.01508422721407768  0.02267659121239142
  0.03104128180385933  0.03946616368152138  0.04775870006044832  0.05497577633871141
  0.06173805730164269  0.06885256730251955  0.07699344363452712  0.08654151826909963
  0.09603302677368425  0.10530704602980878  0.11484057990197730  0.12470600071373597
  0.13558580502356224  0.14644974347753706  0.15663424779489135  0.16664636131403393
  0.17586980419237402  0.18277150229803227  0.18926275269949616  0.19549762831141715
  0.20198910055887870  0.21037768083954289  0.21962924600295627  0.22838163750128074
  0.23723058771808786  0.24638410819742226  0.25613731058662287  0.26647868459580792
  0.27685461924876975  0.28676172044867521  0.29664408134452713  0.30668142698236506
  0.31687724055362304  0.32827294161769166  0.33738367420667120  0.34634497643917111
  0.35646084859399318  0.36434721637206013  0.37324209716521400  0.38309484149856571
  0.39147830444234344  0.40214819750718434  0.41417300608069552  0.42687692665650756
  0.43958156713913837  0.45256063780897904  0.46531535906854926  0.47810811208926551
  0.49137163194582612  0.49979913701775991  0.50810980656935667  0.51632422990569793
  0.52625252310920401  0.53919137089717151  0.55349862304857367  0.56803108813336212
  0.58253514259245209  0.59759800538574737  0.61274852058276452  0.62697920609889735
  0.64005079273926446  0.65365543444760077  0.66745456929266567  0.68139903342374286
  0.69455768262452289  0.70801595690815466  0.72037064606375045  0.73263129322714549
  0.74553054602047730  0.75908832486318312  0.77307232444898843  0.78594833395873664
  0.79761043667907239  0.80924396740578175  0.82179319349697821  0.83438104618503539
  0.84608161653451985  0.85534978011982654  0.86405719653670476  0.87280476052901190
  0.88155078823142663  0.89432273218609570  0.90755814128680323  0.92042465641322879
  0.93287799546757877  0.94395111046455593  0.95354638364269173  0.96229206767255426
  0.97075907616586854  0.98007120342531118  0.98980832611296488  1.00000000000000000
 -0.00155084571138304  0.00628453276354098  0.01487359037937976  0.02395960418122678
  0.03518930774706175  0.04609416683137623  0.05586834023486816  0.06595077160407023
  0.07572646395374627  0.08687922022075396  0.09774670783727742  0.10801242025235014
  0.11861798595340384  0.12867456850880601  0.13984729579167038  0.15154885012899372
  0.16302860042486109  0.17331552846531331  0.18362611864448378  0.19474439035446242
  0.20682668980848506  0.21802970200746208  0.22881475927657557  0.23933703777622439
  0.25111282547436137  0.26431473859863425  0.27510331951091938  0.28390238080947000
  0.29254155431190365  0.29995022687170197  0.30746828065656467  0.31543414544765058
  0.32319535128654953  0.33150128456397637  0.34170206217468069  0.35049250983097774
  0.36204557775957957  0.37339324029850574  0.38446073602610303  0.39547224931845582
  0.40685739901128737  0.41782517753638110  0.42786273568437017  0.43814397079922657
  0.44964224311414941  0.46135040044229092  0.47275437518197477  0.48410933222819164
  0.49629660822131189  0.50708063531856851  0.51727007484005916  0.52701102482057194
  0.53651230915708714  0.54572950790402852  0.55448514458155862  0.56286743668795758
  0.57224536952215177  0.58211015272759981  0.59380320996766911  0.60527878236568167
  0.61541136506598826  0.62627910027165246  0.63781583334779568  0.65045867871251273
  0.66200743897587677  0.67284769574871672  0.68292499316483246  0.69388912095248501
  0.70566282652190704  0.71698876481153295  0.72750272924814452  0.73754707122772900
  0.74812494021544240  0.76058152102925713  0.77311102378006002  0.78314578106093291
  0.79245581103974783  0.80254012759384086  0.81341993775800436  0.82446817030167996
  0.83486157645807990  0.84472329603964624  0.85463185210293413  0.86514519420976688
  0.87655441998064176  0.88805328618758372  0.89721287627585511  0.90622321317043542
  0.91541019009298719  0.92695562971040746  0.93910678302740591  0.95120690913302786
  0.96349421708394456  0.97611314658540038  0.98790142108031709  1.00000000000000000
 -0.00148228772636191  0.00477039423271815  0.01086108865319638  0.01695830494786115
  0.02320387669817192  0.02956043694246985  0.03596376614052076  0.04271045573990864
  0.04928276069699453  0.05668593608121289  0.06418340307171473  0.07167117449321851
  0.07918695220633283  0.08724239772586354  0.09584986359665258  0.10424629270319173
  0.11206783427223581  0.11966357041532712  0.12707864689472878  0.13468280579166822
  0.14326922744704548  0.15150732579562981  0.16001418042383969  0.16908932002350124
  0.17929900023725159  0.18976255515872437  0.20048129083141064  0.21126081127558316
  0.22096366139808404  0.22888189412300466  0.23610558693506994  0.24337774658987515
  0.25042214340505864  0.25788243665809424  0.26582359635332597  0.27415079316753937
  0.28268038465522938  0.29099520526429856  0.29915634222411697  0.30740709788372628
  0.31764295822047994  0.33010126210299146  0.34300709137633534  0.35686530954677304
  0.37134981340515022  0.38625026137871632  0.40091416731892709  0.41442209716870532
  0.42720974578445181  0.43995368237782079  0.45325572007478487  0.46781485268763684
  0.48371449844754877  0.49866066196264791  0.51364948467000793  0.52533188778843332
  0.53651580203647575  0.54784659560570659  0.55900870333905817  0.57420574223215370
  0.58974773910477285  0.60519990290639114  0.62159065522458612  0.63772393076608758
  0.65304969992657069  0.66706906595310533  0.68080487412106616  0.69508757278935385
  0.71054578385439249  0.72618275840518443  0.74112063002305273  0.75561910383312614
  0.77049075824141211  0.78475649871629771  0.79903566109024271  0.81240696265741874
  0.82377872735933977  0.83335010974168644  0.84311162127307371  0.85270354775110435
  0.86152523424972016  0.87046110488620287  0.88058249447744708  0.89146092164083024
  0.90123897897407113  0.91024122686631947  0.91902829338206649  0.92855381234146750
  0.93782421345717304  0.94737861633457998  0.95775446876658887  0.96671948110441297
  0.97558484607010587  0.98327969133489890  0.99092856283018504  1.00000000000000000
 -0.00284481270106475  0.01206043921419450  0.01959153452627201  0.02788398017701128
  0.03551709226432231  0.04248455469920307  0.05124665638075634  0.06139028364991365
  0.07220477799403052  0.08367706041037125  0.09455945275471711  0.10487696190629434
  0.11268709158986444  0.12135224886423240  0.13059613582502047  0.13975222218805633
  0.15032882450468399  0.16158082620579253  0.17101320971889683  0.18092818043437287
  0.19187681139582519  0.20266029462263979  0.21209073586055310  0.21986407705742972
  0.22761526116923100  0.23661537390181522  0.24720037101374781  0.25882933882464099
  0.27040617730205196  0.28106578584295161  0.29094982384672186  0.30089758404630834
  0.31155126230159103  0.32399398582744554  0.33726756464627755  0.34993797335574783
  0.36215724358572970  0.37306889426454337  0.38420932265397068  0.39590431249948266
  0.40699833048367484  0.41580776887754811  0.42446082421235010  0.43236158562049232
  0.44028988088102439  0.45164498649124396  0.46263207978701271  0.47370737262283996
  0.48222612895633349  0.49097131201366684  0.49991624010981883  0.51049357952919916
  0.52173770844822487  0.53168949439745605  0.54189407425759151  0.55270150570283416
  0.56519961853595779  0.57764393915683954  0.59011840606640498  0.59934568699057877
  0.60848804002102075  0.61818161587959741  0.62840243874427981  0.63974980694061923
  0.65093744052424551  0.66149499468051953  0.67154872403003074  0.68207695673894664
  0.69309155036351289  0.70479539477369091  0.71699969662755136  0.72911525024595047
  0.74094954466783958  0.75208083878547893  0.76265218177207539  0.77350970771510152
  0.78539060917709480  0.79718045048103237  0.80890302658518465  0.82051110559080498
  0.83193673078342478  0.84235227732361373  0.85232000494331916  0.86273754104355216
  0.87447006249345216  0.88661864083326003  0.89913948176933967  0.91077161834150755
  0.92228314125456468  0.93398889853756073  0.94526297470473775  0.95616937114634359
  0.96737118209902162  0.97831466490246366  0.98933153787042549  1.00000000000000000
 -0.00231570316167752  0.01032259860717737  0.02136457178841020  0.03296843340388641
  0.04455501838236250  0.05558156602200719  0.06658888071665808  0.07688566656226317
  0.08563006732169268  0.09438354284765256  0.10343755196491346  0.11337379050587681
  0.12627071610267154  0.13901552833667841  0.15098851512357217  0.16210283138019529
  0.17341767093664071  0.18501216780166191  0.19443970679290359  0.20227674610758312
  0.21033166610551465  0.21818568396666982  0.22856486109382718  0.23921132618674182
  0.25003414952277514  0.26122081723322282  0.27314716900990066  0.28618569806887256
  0.29843235883070618  0.31049415387397655  0.32184030980384304  0.33355286423530423
  0.34565301934761489  0.35859491255499093  0.37138956351506125  0.38232547025089514
  0.39292007636463566  0.40414465917322645  0.41645646519336194  0.42813110223753675
  0.43855277880423094  0.44844850249595813  0.45835036540519175  0.46865036376837010
  0.47931054604540579  0.49029575587890345  0.50052017171571039  0.50894364292570982
  0.51728105496702981  0.52592049811083719  0.53481271850954615  0.54500455265148906
  0.55556125417385804  0.56708127657597751  0.57873000008585962  0.58957692620825264
  0.60061753596334755  0.61138034655411788  0.62136376879171007  0.63099865357261942
  0.64097721257217388  0.65169509255076008  0.66329966691492637  0.67481683533153758
  0.68646207106445956  0.69826509647520474  0.70939873424116040  0.71722260513395875
  0.72503166257251406  0.73226724244569730  0.74045067291527678  0.75008467858331385
  0.76053967986980775  0.77213041569438101  0.78383583823738634  0.79613069321448204
  0.80800262829728997  0.81849637944330722  0.82890433741789371  0.83992315242244187
  0.85196970115479009  0.86229194637026063  0.87150444256865023  0.88061569746070423
  0.88992540300607992  0.89974704439508679  0.91007675295663337  0.92085199415417562
  0.93194385816436554  0.94312674152837306  0.95411444336548867  0.96467989963879963
  0.97445007997168143  0.98336130162446600  0.99175153776006397  1.00000000000000000
  8.18034223396146753E-010  -1.0000000000000000     
 T T T T F F F F F F F F T T T T F F F F F F F F T T T T F F F F F F F F T T T T F F F F F F F F T T T T F F F F F F F F T T T T F F F F F F F F F F F F F F F F F F F F F F F F F F F F F F F F F F F F F F F F F F F F F F F F F F F F F F F F F F F F F F F F
  <DiscreteSampler_grid>
  grouped_processes
  1 # 1 for a reference and 2 for a running grid.
  10 # Attribute 'min_bin_probing_points' of the grid.
  1 # Attribute 'grid_mode' of the grid. 1=='default',2=='initialization'
  0.0000000000000000 # Attribute 'small_contrib_threshold' of the grid.
  0.5000000000000000 # Attribute 'damping_power' of the grid.
 # binID   n_entries weight   weight_sqr   abs_weight
    10   10   4.377815854315862E+002   1.767292732438605E+006   4.377815854315862E+002
  </DiscreteSampler_grid>
