  0.00001825474971013  0.00001941389894107  0.00002068986298053  0.00002159020808005
  0.00002206929962385  0.00002262898455914  0.00002315992040607  0.00002361133177975
  0.00002408799389422  0.00002464420687703  0.00002522433942923  0.00002580570729427
  0.00002638757719644  0.00002691091451845  0.00002732690474202  0.00002782727778076
  0.00002844576168916  0.00002917555979138  0.00002997241482359  0.00003053693467825
  0.00003124216002700  0.00003227421173234  0.00003379568406564  0.00003495189556706
  0.00003597923080983  0.00003738222138029  0.00003876004958283  0.00004008868931560
  0.00004159463322479  0.00004329479481612  0.00004521797505282  0.00004684552677956
  0.00004825156525570  0.00004993905334318  0.00005202156406494  0.00005352645420123
  0.00005513618720858  0.00005674450833681  0.00005869984534331  0.00006060742302979
  0.00006271674176909  0.00006526293768522  0.00006769715077949  0.00007061085144509
  0.00007473367682363  0.00008017073005578  0.00008625420969887  0.00009199408644633
  0.00009810367623094  0.00010331080845046  0.00010914052924599  0.00011582919483550
  0.00012286750842456  0.00013168196983288  0.00014388126492317  0.00015754374681952
  0.00017066253541455  0.00018475007631365  0.00020091278889373  0.00021616155882608
  0.00022984092879099  0.00024109000511033  0.00025311141837124  0.00026914344949002
  0.00028962616717716  0.00032324840471087  0.00036565583075067  0.00041013965726646
  0.00046046016202976  0.00051069750270138  0.00055072875056656  0.00059048899062423
  0.00063368542259004  0.00067467250114184  0.00076503895961407  0.00087261364065790
  0.00100154365998812  0.00114103748563143  0.00130063083484976  0.00149482859514230
  0.00174196098694068  0.00200739501623807  0.00233849744127880  0.00277452873286779
  0.00339930980718881  0.00419333812900961  0.00532744783574401  0.00692499365024058
  0.00924951517037845  0.01266856909300433  0.01765825681907322  0.02512184198721719
  0.03747941892539887  0.05767208321035375  0.12555191557223877  1.00000000000000000
  0.00006004966138442  0.00015535541766158  0.00018532376681571  0.00021721603638976
  0.00025563892641804  0.00030601936174451  0.00034814097708685  0.00039346774282643
  0.00044638260013883  0.00050886493882098  0.00055581192230053  0.00060005713319518
  0.00065262350105906  0.00071834113042467  0.00080195853514499  0.00087822350468153
  0.00093667797198949  0.00098807096121499  0.00104557874156886  0.00112233124082065
  0.00123178517181752  0.00135625928451532  0.00149975255057390  0.00164933514780802
  0.00181180402899577  0.00199251701368525  0.00222819518382471  0.00248279559156454
  0.00271617420058930  0.00292271744414863  0.00312150499724239  0.00334907952353808
  0.00363786710484672  0.00394441588487950  0.00427250058373622  0.00458909340692591
  0.00489684019210786  0.00525028355651743  0.00558533914889473  0.00595621580806599
  0.00636205441739735  0.00674312203203281  0.00716725501256340  0.00757530534070127
  0.00802030094293826  0.00851572418893515  0.00909485440378091  0.00985109858912597
  0.01069111631244826  0.01153147387672161  0.01241032961466608  0.01337006845213713
  0.01445361820012562  0.01585912736247185  0.01769303146201361  0.01974954227038844
  0.02195177703398913  0.02423914863795813  0.02645360093650215  0.02864173640612063
  0.03103998641554661  0.03343477501936299  0.03595184171164757  0.03883237065012459
  0.04304822365613927  0.04829640097846174  0.05303876784119769  0.05758656947873196
  0.06231335100839262  0.06745426665384530  0.07338031778425434  0.08237343770796787
  0.09015468132155685  0.09836867839686383  0.10698368719216236  0.11582115624098906
  0.12545828227448072  0.13368205959988910  0.14152148943575660  0.15024576970898104
  0.15949821087166485  0.17223713288276299  0.19123866744899060  0.21623904770738225
  0.24577394342220599  0.28014301941756831  0.32214740485660726  0.37404666646025680
  0.43980080949890227  0.49525839809139188  0.54100067872105506  0.58816321753159062
  0.64474269881568325  0.71197574118930218  0.82394161517427811  1.00000000000000000
 -0.00000400749199134  0.00007839923008383  0.00015209054709957  0.00024776348825759
  0.00033649487285653  0.00043917658184185  0.00057187902509808  0.00072889367849331
  0.00089592566791927  0.00106215464742405  0.00122713564043356  0.00140655766042537
  0.00160462898871175  0.00181462788880215  0.00202838356857018  0.00226193061422185
  0.00254152018225977  0.00287640023490824  0.00323238175435877  0.00355965299664660
  0.00384309227779060  0.00413454534725511  0.00447839696406156  0.00484977012803125
  0.00517462605646492  0.00549312263458421  0.00575467510063548  0.00611073776834073
  0.00647556225255966  0.00683794315519441  0.00717132141733063  0.00746506880063246
  0.00780505003492740  0.00821026128052926  0.00865023205004789  0.00906424758032263
  0.00944327951336286  0.00984610778017816  0.01035286018118967  0.01093726720895790
  0.01142525228606888  0.01173171098638613  0.01220132613220446  0.01271668010515811
  0.01323428751253184  0.01378556270600676  0.01443174908898494  0.01513816037961177
  0.01577613054246142  0.01638335942779508  0.01701843912350160  0.01765921588074600
  0.01832150238641094  0.01897188833107202  0.01956424180977878  0.02014788565909862
  0.02066796236858030  0.02115889882053539  0.02181544514781561  0.02248950275898087
  0.02311648133037307  0.02370272957881472  0.02468705748660685  0.02592874750159531
  0.02692567655886643  0.02803945200775539  0.02928131079586794  0.03089759769848666
  0.03289944463607963  0.03486783088691721  0.03703019800246471  0.04048427302803050
  0.04389663090590216  0.04755655273376984  0.05141828172893972  0.05543974337921962
  0.05984019549731567  0.06439907297132459  0.07017200878326316  0.07818918491882618
  0.08772259297980158  0.09904838592219763  0.10983893787426896  0.12028989915628885
  0.13059458634514007  0.14061944507248283  0.15303895223077643  0.16945552768723027
  0.19752502188213208  0.23623541349143695  0.27721173657432852  0.32443690205429343
  0.38185430204548176  0.49707907232811277  0.68809760072746828  1.00000000000000000
 -0.00254819875644007  0.01272503242325053  0.02550506020465309  0.03660638847654085
  0.04640270368269231  0.05500389789428159  0.06346251456926683  0.07248914196186133
  0.08227037911520654  0.09331297634530350  0.10526722254388887  0.11764464426809848
  0.12907654758363832  0.13739102262322700  0.14688912408679031  0.15670043923859353
  0.16585256506664020  0.17466359689126842  0.18373005497549763  0.19367111443390655
  0.20750171039781784  0.22075023118154630  0.23226840669123086  0.24084188054382247
  0.24910677857956942  0.25726715555959317  0.26782934613444798  0.27880432560017243
  0.28932221458564839  0.29879743538703024  0.30757265714979609  0.31622421976479609
  0.32551209310398993  0.33612956183961112  0.34595722320685507  0.35688663647845237
  0.36782394759755016  0.37766734308764327  0.38769171494171462  0.39862035633747833
  0.41223414502488487  0.42508451600522096  0.43518743284345379  0.44250040391546974
  0.45077342628240696  0.45931448040403189  0.46827493394744107  0.48114874174300182
  0.49515914070806943  0.50810757212080160  0.52154942257789172  0.53739861854181248
  0.55344682339437012  0.56671395328950513  0.57737152618427368  0.58790171630022658
  0.59977371613113450  0.61292621806394820  0.62452049331887216  0.63259370174918084
  0.64055409790897233  0.64905774762363899  0.65682375434876517  0.66228783104167666
  0.66812999721778876  0.67412690462236269  0.68105850009730273  0.68507584945820288
  0.68914596124756100  0.69704618709841393  0.70416109693027940  0.70975726124310023
  0.71487758234362386  0.72205765871771577  0.73411960809449106  0.74535541786350690
  0.75564003213344355  0.76626510827394512  0.77828356580308444  0.79200329251669832
  0.80533107128650805  0.81966101938683467  0.83166586196007308  0.84259033409528250
  0.85250023809050657  0.86366180937535852  0.87528343318105495  0.88575761124321917
  0.89631194974908968  0.90855894263016856  0.92296761992935838  0.93910299954130572
  0.95411130689943568  0.96884023603285518  0.98353363119704618  1.00000000000000000
 -0.00261588762317517  0.00820793604052389  0.01830002874858509  0.02693811195856848
  0.03388062282970212  0.04094909849882788  0.04819515915751749  0.05564758091887766
  0.06230847258890317  0.07129531693223309  0.08384748059186339  0.09910198069345827
  0.11564284271414639  0.13117755188715588  0.14717651654278929  0.16449362109071719
  0.18092508691704828  0.19649679104803250  0.21211545392937714  0.22696530418146119
  0.24109908158720750  0.25313939723310175  0.26369775704334081  0.27384707751570159
  0.28339949009750198  0.29397156416084846  0.30527920738647851  0.31861458547650806
  0.33343220064922846  0.34549406375655400  0.35604869476559148  0.36656447703108702
  0.37980739999377139  0.39471092937701335  0.40749896040515887  0.41581017139380905
  0.42398915239238838  0.43202809259601854  0.43988818995967216  0.44817759394906242
  0.45680570051794828  0.46226627384860336  0.46660358788897544  0.47121860559719519
  0.47614371962016516  0.48319945541734638  0.49339794824504007  0.50056632537336987
  0.50558426486675667  0.51058262694954304  0.51645773255766780  0.52633276961049835
  0.53954244580086630  0.55142420139265047  0.56517215838728707  0.58020509521300445
  0.58771165318051777  0.59396340475717979  0.60028574547702984  0.60768303138806123
  0.61558611586187806  0.62230731754584079  0.62817176439222133  0.63386853861697490
  0.63952079384309413  0.64658343652268513  0.65799453827182586  0.66961720695685567
  0.68061496274399180  0.69064326474483284  0.69966518197154692  0.70992309624454031
  0.71950586362938707  0.72850769327009768  0.73711083820440759  0.74626813210163090
  0.75794910174278840  0.77277562047223569  0.78669734617672216  0.79826758561599609
  0.80795825028579382  0.81664884723485465  0.82514005047940753  0.83393074455751626
  0.84382015652626441  0.85507206735161290  0.86981539254581386  0.88425474470200138
  0.89999121424975892  0.91181436042777830  0.92262981309182246  0.93318247968353840
  0.94381552956933135  0.95885140898357435  0.97799634879107367  1.00000000000000000
 -0.00059868130808638  0.00098186442358614  0.00256695855189478  0.00416951845474560
  0.00596388729374729  0.00786625417061393  0.00949038161490036  0.01106755926157855
  0.01235471946117254  0.01354946649279839  0.01481041085130145  0.01634813481349990
  0.01811404192551411  0.02047814033205865  0.02351831672159449  0.02673167714341474
  0.03090221586687602  0.03482918602120457  0.03922948728789331  0.04537536699233335
  0.05413753211922533  0.06475156783209880  0.07455260172388156  0.08377928074717218
  0.09343495898732090  0.10422541637368121  0.11492067492001025  0.12505360247831257
  0.13598881313670191  0.14865866262622340  0.16220540543354986  0.17704394637304421
  0.18830128784819805  0.19854554189810789  0.20736924352536770  0.21738544732138559
  0.22958012536601902  0.24630451374429380  0.26453470638704180  0.28204743784520869
  0.29616939441560963  0.30968539734098244  0.32189549413063889  0.33325339952516136
  0.34503322845730228  0.35605800347182365  0.36635247320664327  0.37807923665453147
  0.38946585868372480  0.40103898204068011  0.41365348786468870  0.42503607862161530
  0.43767953180163544  0.45024900782655813  0.46332103400728353  0.47849277799929563
  0.49499916882281780  0.51406619786225050  0.53373194640099852  0.55255393811797826
  0.56967121309622082  0.58528305939070147  0.60104872047677815  0.61447736049398083
  0.62710455887593608  0.63769498193292384  0.64620975153464943  0.65506363873997897
  0.66528914877802625  0.67788851774023851  0.68982876959908868  0.70226636780954221
  0.71419303729463457  0.72664925820810755  0.73827991908430879  0.75007325846426298
  0.76352154362047397  0.77590560410672460  0.78826608273479626  0.80333646396035341
  0.81833545947432185  0.83205085797025169  0.84541791513079667  0.85799041272286936
  0.87020921242559746  0.88194412495011287  0.89326392627820705  0.90466954535521349
  0.91543911627307817  0.92635046820963629  0.93806998602190750  0.95109786589209344
  0.96468098024121651  0.97702134118487627  0.98921466072699804  1.00000000000000000
 -0.00219489154540945  0.00916066540782046  0.02071362160219489  0.03143242430633565
  0.04222251825333194  0.05431860642849661  0.06727627474673915  0.08138045500774130
  0.09747208626923155  0.11139199874356069  0.12280373223543523  0.13366566792104032
  0.14487812916310952  0.15695158286894878  0.16836365919444748  0.17812976633145902
  0.18784978748237208  0.19699407031417182  0.20849890393639139  0.21812268727636080
  0.22631616533659923  0.23195795977941988  0.23619091423131033  0.24081685463050970
  0.24534963389327552  0.25080719292314108  0.25898791304356683  0.26984923433509989
  0.28374174813271907  0.29280448664013575  0.30252749386960398  0.30977549337175431
  0.31622596291719962  0.32241975434930648  0.33053344767826087  0.34225599637500320
  0.35546929920879172  0.36980646436365949  0.38507246855026805  0.39919141363195854
  0.41178070775798614  0.42416476446042467  0.43567570724107002  0.44560355530046630
  0.45256994410687129  0.45820007326821094  0.46392781500750158  0.47052479393259083
  0.47809370455849254  0.49075148335538299  0.50375067421280917  0.51565472537653911
  0.52508595486592025  0.53362973999361285  0.54187081994363484  0.55136697594025241
  0.56163085710713956  0.57276733834272964  0.58339217890667039  0.59157667002751413
  0.59987852297671451  0.60802428640914219  0.61407922339067655  0.62027332904046073
  0.62658958290541678  0.63354436255614732  0.64087808173076899  0.65089479813377593
  0.66247716366409437  0.67365167155502181  0.68407615422330270  0.69485163679226802
  0.70861949245166789  0.72336699136660876  0.74074691309322438  0.75659728965364370
  0.77095595120961535  0.78542292367853506  0.79981457502480058  0.81540397063210057
  0.82932886787656734  0.84162085951591659  0.85221107875077651  0.86284458522198626
  0.87302094838503497  0.88658900829355336  0.89781988460204987  0.90669784666627662
  0.91627728157385813  0.92650840975460791  0.93529134701202432  0.94363764004789807
  0.95237714015145913  0.96422605371693648  0.98059900063926975  1.00000000000000000
 -0.00171145569686230  0.01160360950463821  0.02215311819217107  0.03171081645935537
  0.04193559802704680  0.05538389356750711  0.06883903039457021  0.08287646814694020
  0.09544797526904272  0.10593861880592662  0.11646994290779940  0.12532776467026399
  0.13245091723541372  0.14012891448508635  0.14796570600646267  0.15583480977729203
  0.16329703489630504  0.17032056492206382  0.17733578802034328  0.18568456486182860
  0.19772536630692886  0.20969410385996309  0.22161632619648000  0.23271203491192308
  0.24482042157772776  0.25689301722882601  0.26898234752869271  0.28276662525415197
  0.29962552039573526  0.31623233322922195  0.33153892262135054  0.34484267853727707
  0.35771795907093268  0.37166918163067186  0.38783897691244007  0.40547173017110971
  0.41927914454185927  0.42844425441092554  0.43671956003291640  0.44414017638936276
  0.45179580284824977  0.46054323070497477  0.47039330543300717  0.47926097483749441
  0.48831727590344731  0.49787357807173299  0.50758359984310275  0.51884938600483810
  0.53495192245063394  0.55113370807501738  0.56473066474794453  0.57734882383262331
  0.58925656622797040  0.60020451854888524  0.60998634719443956  0.61896206993737668
  0.62847173082988794  0.63960201238733616  0.65349468438410474  0.66702581560332685
  0.67873037461315988  0.68915627039089422  0.69910586768226168  0.70867874324632396
  0.71789822506357015  0.72634099635552596  0.73391212250441551  0.74160543630148323
  0.74882538424862433  0.75525047110345789  0.76237806551455489  0.76990637975241694
  0.77598706866726974  0.78438778270956999  0.79488235684682662  0.80764763879863211
  0.81732837855885554  0.82463331287745678  0.83278313754464250  0.84031426338164106
  0.84744505323054475  0.85455530554139814  0.86740363075541937  0.88032276799067100
  0.89199680004781023  0.90422991500050076  0.91720897837744919  0.92625757919575336
  0.93431101204653999  0.94268640001456794  0.95118420523008118  0.95977085284030461
  0.97099467078334878  0.98107469965682514  0.98998152994352551  1.00000000000000000
  2.38754763143782031E-009  -1.0000000000000000     
 T T T T F F F F F F F F T T T T F F F F F F F F T T T T F F F F F F F F T T T T F F F F F F F F T T T T F F F F F F F F T T T T F F F F F F F F F F F F F F F F F F F F F F F F F F F F F F F F F F F F F F F F F F F F F F F F F F F F F F F F F F F F F F F F
  <DiscreteSampler_grid>
  grouped_processes
  1 # 1 for a reference and 2 for a running grid.
  10 # Attribute 'min_bin_probing_points' of the grid.
  1 # Attribute 'grid_mode' of the grid. 1=='default',2=='initialization'
  0.0000000000000000 # Attribute 'small_contrib_threshold' of the grid.
  0.5000000000000000 # Attribute 'damping_power' of the grid.
 # binID   n_entries weight   weight_sqr   abs_weight
    10   10   7.054621371594818E+001   2.236100832796840E+004   7.054621371594818E+001
  </DiscreteSampler_grid>
