  0.00001226393021850  0.00001462530197456  0.00001614008421019  0.00001748774830918
  0.00001879045015243  0.00002012603075555  0.00002141490717254  0.00002275598256133
  0.00002411317589120  0.00002548832928484  0.00002684369433850  0.00002820624000362
  0.00002961397530002  0.00003105717103258  0.00003251080685417  0.00003401044685267
  0.00003555986061883  0.00003695725529598  0.00003822482958785  0.00003948233660202
  0.00004079730473514  0.00004239502572405  0.00004426269612183  0.00004616919776251
  0.00004807338975583  0.00004999462469589  0.00005194540467706  0.00005397108729216
  0.00005606988285387  0.00005822977424347  0.00006040591350570  0.00006257018971656
  0.00006472634948401  0.00006703567332402  0.00006961148486382  0.00007231807648598
  0.00007520929923621  0.00007836823553366  0.00008166277873365  0.00008497944286014
  0.00008834652584191  0.00009175947342395  0.00009543948383289  0.00009924471991760
  0.00010322570384131  0.00010736962126534  0.00011163113602196  0.00011608753469726
  0.00012063214552568  0.00012537383803916  0.00013034664699110  0.00013539407252783
  0.00014045778541560  0.00014563864765988  0.00015136798088501  0.00015736488813611
  0.00016395053285438  0.00017112699904829  0.00017871337552199  0.00018655773507653
  0.00019458705033103  0.00020256369767463  0.00021068669526083  0.00021946035564417
  0.00022900137051716  0.00023945910893176  0.00025139935275603  0.00026442442685256
  0.00027834482066818  0.00029366129217543  0.00031041012204179  0.00032893984357990
  0.00034916328745716  0.00037104520659787  0.00039535900765313  0.00042223775116986
  0.00045103127593420  0.00048115211418748  0.00051526567193143  0.00055438541306759
  0.00059662137561260  0.00064207284196837  0.00069283618627570  0.00075220004757085
  0.00082577061234606  0.00091599625394999  0.00102886911634111  0.00116783517462508
  0.00134291454457934  0.00156736489409399  0.00186252592814355  0.00229527978959611
  0.00301689692537662  0.00463236980642305  0.01464428266832576  1.00000000000000000
  0.00000162345143289  0.00000261318528333  0.00000326195182539  0.00000383297452115
  0.00000434609648683  0.00000486678591033  0.00000545032929448  0.00000607151165644
  0.00000669632722129  0.00000733627255315  0.00000804189814197  0.00000886236385282
  0.00000973801138392  0.00001067918931336  0.00001170551357935  0.00001287687741669
  0.00001424602521198  0.00001565934226424  0.00001711931490123  0.00001879532426548
  0.00002063927337185  0.00002270937636320  0.00002502151592533  0.00002758846400512
  0.00003039436852382  0.00003349176344562  0.00003702858541387  0.00004112177286028
  0.00004594338203530  0.00005158887656511  0.00005832970856346  0.00006648442434054
  0.00007641939594768  0.00008920521508435  0.00010580859301108  0.00012823690717508
  0.00015907471404695  0.00020221434724041  0.00027050927893662  0.00038890108200299
  0.00060264363796660  0.00101458289505826  0.00206899774840742  0.00449561717350823
  0.01026511884933116  0.02540987496145204  0.05114022078753823  0.08606112948101231
  0.12426303756906100  0.16085911194074587  0.19629205450215437  0.23264154048254107
  0.26789181477891127  0.30031610320972429  0.32980874627188694  0.35931781627179094
  0.38749834218203755  0.41597768334547491  0.44443643753719825  0.47330164326729807
  0.50156490095465922  0.52760825666751088  0.55219708982437976  0.57530137861364550
  0.59732088991123866  0.62042554655194149  0.64513544964227909  0.67116249675900730
  0.69696825052495071  0.72070287934420185  0.74123997800139574  0.75774515082736837
  0.77315730111393677  0.79045331308602573  0.80601744680355047  0.81689950636853315
  0.82603707204111854  0.83450432134789365  0.84239918530477942  0.84969426104998036
  0.85864122721688718  0.86907946487660981  0.87977419730167483  0.88914579495648183
  0.89927504732033836  0.90997232767041958  0.92055027963512703  0.93078788223547482
  0.93929412479157570  0.94752901976799675  0.95568149236554290  0.96305101169902352
  0.96964164175905576  0.97870502111569369  0.98903343270168698  1.00000000000000000
  0.00000344418716404  0.00000425574634591  0.00000502106095417  0.00000558601394687
  0.00000608999577697  0.00000663204999808  0.00000719028067644  0.00000775431333093
  0.00000832437609754  0.00000899139337155  0.00000985995303448  0.00001082392794867
  0.00001174317659109  0.00001258940581599  0.00001398144552785  0.00001548642048528
  0.00001714377149092  0.00001865149861292  0.00002008408501015  0.00002146984072551
  0.00002277998233864  0.00002414018820114  0.00002564528836692  0.00002688530999393
  0.00002774018902190  0.00002854720022368  0.00002918025943264  0.00002985892904968
  0.00003055974494693  0.00003126917052314  0.00003201389487542  0.00003314795330006
  0.00003417264845836  0.00003508559268121  0.00003607319777995  0.00003713361419535
  0.00003813132025912  0.00003906778193989  0.00003995291631816  0.00004078489702688
  0.00004154673935588  0.00004256435154303  0.00004362946965871  0.00004470124126979
  0.00004595997254570  0.00004732655498480  0.00004865223839105  0.00005002778170416
  0.00005149028185634  0.00005299615180403  0.00005460555532003  0.00005634771718735
  0.00005825056731132  0.00006023486350579  0.00006229145320239  0.00006444363661330
  0.00006660846260856  0.00006877033404145  0.00007112017265475  0.00007367673088610
  0.00007645652080213  0.00007933107095342  0.00008241811195446  0.00008584593094564
  0.00008959357311005  0.00009360672930081  0.00009791151096475  0.00010259240266391
  0.00010764545586052  0.00011302857088003  0.00011854513306817  0.00012465146432350
  0.00013210756641257  0.00014001469825354  0.00014820346849347  0.00015763238432693
  0.00016859021699534  0.00018101323908677  0.00019508833945467  0.00021137373906518
  0.00023058782610974  0.00025304291586662  0.00027829443925940  0.00030866918788517
  0.00034739022888411  0.00039703738511193  0.00045817662758955  0.00053612078765862
  0.00063958081721964  0.00077326846849415  0.00095832654670164  0.00127572296148275
  0.00193357547000579  0.00383555807477180  0.01873248736062219  1.00000000000000000
 -0.00156905042202538  0.00621370488109121  0.01375078541635700  0.02191760738280553
  0.03021677341324254  0.03852352067328329  0.04698259715158956  0.05544757560939897
  0.06425897505556528  0.07307754563379507  0.08199786822430344  0.09046851265078495
  0.09902214226102103  0.10762955144311753  0.11651480824290356  0.12491648074346032
  0.13375035957952239  0.14365661041477681  0.15405938781374928  0.16451604830377209
  0.17455881190734421  0.18502845341705498  0.19502501951992815  0.20531600470138120
  0.21547259873488456  0.22611080376718570  0.23646721454950381  0.24661900012141974
  0.25657104457539809  0.26688657073613836  0.27777671783492319  0.28882211851292416
  0.30015577896713180  0.31192785068112949  0.32363615226143655  0.33456132357113655
  0.34449862501354206  0.35380143023188448  0.36340049238742039  0.37370488075637831
  0.38450209869315116  0.39573512846166115  0.40752251116450616  0.41972760081238081
  0.43152588965283539  0.44264721719219241  0.45371641527512052  0.46406948662268488
  0.47512384219768244  0.48655209286800466  0.49838755070993085  0.50974359487629839
  0.52105707686695590  0.53242834672015482  0.54396616629963024  0.55609454157294202
  0.56786573032152754  0.57995145320555852  0.59173839411246976  0.60326686040327260
  0.61512679221077327  0.62761850250460816  0.64045788756020605  0.65321448018978057
  0.66553505559142245  0.67726819957127371  0.68888833736165112  0.70039674304875565
  0.71153391401638211  0.72221450522976194  0.73249541279423214  0.74372120898351779
  0.75523296670112816  0.76708232153800948  0.77867502917229081  0.79054651756243322
  0.80228957784818355  0.81399857913116402  0.82563104555542577  0.83720244961007351
  0.84859766127210945  0.85947647225748480  0.86961249863002033  0.87967003411803169
  0.88963920928380669  0.89999682677528980  0.91017613958468724  0.91927175238701897
  0.92855859998406676  0.93759175946287876  0.94797865815378923  0.95845239261636672
  0.96903978050091588  0.97966869415393876  0.98996201438338649  1.00000000000000000
 -0.00218985674103267  0.00846242967408112  0.01876727616078353  0.02957296998198377
  0.04086346962367301  0.05251285697976857  0.06400477137609843  0.07519283095947280
  0.08593175572531866  0.09605936011438261  0.10572127933898498  0.11555213669755772
  0.12623147908828941  0.13748831394450767  0.14892641382499761  0.16022515462049672
  0.17113615449009742  0.18164493671526302  0.19191369672098685  0.20267220760286309
  0.21381479286451971  0.22478126148725119  0.23577545433114591  0.24694068412416090
  0.25852455284198378  0.27018803888585935  0.28144731580186094  0.29248237200063404
  0.30294354275991386  0.31205758226964470  0.32115859669681623  0.33054792910007308
  0.34074872824717550  0.35128542136695107  0.36175319565697545  0.37205789530670030
  0.38256644007297402  0.39290133471675448  0.40345804502847693  0.41410699211415158
  0.42493798720486164  0.43569284254171164  0.44610525366378256  0.45604228622892745
  0.46566441843088818  0.47560782779740796  0.48579053573381636  0.49591372562755176
  0.50596413910651195  0.51597375890543917  0.52645382910548066  0.53679552350864190
  0.54709344905886237  0.55771288774310546  0.56898047537753516  0.58042948905253000
  0.59174493359212099  0.60252610603767720  0.61297969938480634  0.62323702924944036
  0.63382515986252852  0.64442659260948820  0.65534328982017254  0.66622443681816212
  0.67719340286986340  0.68804940044330809  0.69862094967720612  0.70921316643054899
  0.72016124717677210  0.73142250257725561  0.74279825276508171  0.75354305552304468
  0.76379197247198871  0.77382201448847210  0.78409295235468934  0.79491364948793275
  0.80599034580911766  0.81652700558504110  0.82641490032509779  0.83599790896976356
  0.84601922855495693  0.85691871581303625  0.86781573075489771  0.87844341746120425
  0.88883143109907869  0.89982885201760499  0.91071731341097317  0.92073020283316642
  0.93072621078395579  0.94083913146983023  0.95078131799729304  0.96040589794357267
  0.97068352650193690  0.98045429481140178  0.99061243124928544  1.00000000000000000
 -0.00237681799177049  0.00961566766995221  0.01922094307387446  0.03001724031419861
  0.04097619313757464  0.05244415655738494  0.06367946763594767  0.07518405921763970
  0.08653507156607086  0.09726006214299820  0.10774244450428178  0.11821309240050293
  0.12932886997071619  0.14027840681273349  0.15111922074092374  0.16182856448240321
  0.17251814413540295  0.18225329691566072  0.19230115168029133  0.20247962121006474
  0.21285841385505541  0.22279054018490518  0.23242777790835653  0.24239710753832780
  0.25234965477412319  0.26219125406034605  0.27211663606961811  0.28134232100721035
  0.29140161242251356  0.30145837456160984  0.31189355177080297  0.32235398730407688
  0.33261813654518324  0.34288049830957779  0.35320196394457537  0.36332950200445180
  0.37342450309345737  0.38375609668360583  0.39419177267870775  0.40418766170116199
  0.41398954989499370  0.42406538365021013  0.43471995830447252  0.44535779763226563
  0.45592501561047422  0.46602312772235072  0.47621359859394569  0.48630105024698062
  0.49616635031315087  0.50597548702904294  0.51578121387805265  0.52558511127846541
  0.53561046202490348  0.54618550727421500  0.55800459263201319  0.56907030892895427
  0.57933130961616552  0.58964670890753490  0.60028056341243174  0.61111249042446336
  0.62215509749894216  0.63339878597681176  0.64497145980140036  0.65659491491168087
  0.66811712820461044  0.67936987379329605  0.69040479097966778  0.70166828490328026
  0.71292895587385974  0.72404729950130753  0.73509821319365443  0.74628065332058480
  0.75737393696470523  0.76806381140527524  0.77882529967363967  0.78993796557290674
  0.80146953214073169  0.81279446137979849  0.82395422704670229  0.83485127001986659
  0.84595018073363260  0.85713793338417898  0.86845161163439522  0.87962734981722845
  0.89038890899272871  0.90102522651812267  0.91154957558861716  0.92180225903351121
  0.93169557913142509  0.94139809239280248  0.95041258609656176  0.95976822199129841
  0.96826648716680763  0.97760015315526605  0.98827307986880675  1.00000000000000000
 -0.00391915755899578  0.01493141641006806  0.03200166309125336  0.04820152821745379
  0.06434569943951951  0.08046871953556720  0.09714172788041261  0.11404014977440970
  0.13016232869691319  0.14525121487531009  0.15990483189912985  0.17466392615714510
  0.18995114405746455  0.20617531918395374  0.22297593167271501  0.24053213641437146
  0.25829459345684036  0.27613400399293730  0.29402186360796950  0.31230452300766770
  0.33053078021182719  0.34889032297436329  0.36683160771803397  0.38399797141881875
  0.40097229982782384  0.41724936379502531  0.43301137619487312  0.44817982844434112
  0.46256317528969854  0.47699826877623541  0.49212601520067767  0.50787989494556973
  0.52448364458557828  0.54089147982609143  0.55579036302524643  0.56978003875727112
  0.58341605525493534  0.59662957214764412  0.60932125709829221  0.62122779899958291
  0.63277102608496838  0.64397558210379990  0.65540398082799900  0.66708996958486833
  0.67931229790518433  0.69233040599025042  0.70465499012435695  0.71649024174875997
  0.72803895627998494  0.73954561614933700  0.75003141276176510  0.75942828640250082
  0.76840707780550077  0.77736531818414623  0.78642231340213031  0.79570258777656167
  0.80457848863855719  0.81290819584474872  0.82073159734071344  0.82832859868657627
  0.83531043069225441  0.84183501993084453  0.84827207235415669  0.85476649514150416
  0.86116233942916287  0.86715029746268779  0.87286666439221872  0.87836873414179995
  0.88389310995952508  0.88932162504920920  0.89453121903185551  0.89949078067361177
  0.90429042177919094  0.90886809511617273  0.91322497391253188  0.91740259725613571
  0.92140279942749903  0.92521517207167359  0.92884353773487516  0.93227979028703911
  0.93557613513116322  0.93877792235462520  0.94189654676867884  0.94495244927729449
  0.94795101156753059  0.95088735088024334  0.95376799733454298  0.95661910630125169
  0.95945861229216700  0.96231553088540023  0.96525008154331726  0.96838484509001810
  0.97180347299029546  0.97598236768643198  0.98382581069424768  1.00000000000000000
 -0.00678156077500071  0.02694589983322969  0.05204114562965316  0.07605892363652353
  0.09720719362159552  0.11950695398057556  0.14059260402268700  0.16043691720479231
  0.17764027066591803  0.19487511350817932  0.21133474225740628  0.22603530229276469
  0.24040447010615071  0.25352602952551201  0.26598354992478629  0.27696104077547268
  0.28688559084327686  0.29586132443798729  0.30438729104593648  0.31271988310290250
  0.32068903595735415  0.32801419980534841  0.33487240639066346  0.34163117276533683
  0.34882649918113312  0.35627497496367505  0.36291321040954855  0.36905329220460931
  0.37503436110376909  0.38108761321794637  0.38718700967801711  0.39326462234882453
  0.39925496534514188  0.40534102628899366  0.41158861882342496  0.41780960461044375
  0.42392147031053595  0.43003469504478792  0.43615642223473444  0.44222311482978716
  0.44832751942444365  0.45459065707278073  0.46104432843192472  0.46772153960067103
  0.47456203376085904  0.48161181025291611  0.48880600570673710  0.49611185564447874
  0.50333605400280468  0.51041745397380422  0.51733325832118426  0.52389810620221233
  0.53045103755519396  0.53697884489574987  0.54364828514924768  0.55020285334973151
  0.55670932367006443  0.56303131906760218  0.56888245676870397  0.57456222431455395
  0.58033479331996563  0.58637472391284440  0.59266438437848568  0.59882037127831145
  0.60501020687334395  0.61117521839283262  0.61745713073758468  0.62364674500170947
  0.62990441215047632  0.63634392396341943  0.64304643308827125  0.64975526349779111
  0.65638965745650790  0.66343009970315703  0.67071282311393576  0.67840613932926830
  0.68639758094187331  0.69510593926071595  0.70515977818823117  0.71595254826009025
  0.72753581403330736  0.73976954384153060  0.75165066910371692  0.76345584248960519
  0.77599882187942337  0.79041842539315832  0.80667214080269878  0.82444114230374343
  0.84321095726073503  0.86210296060264524  0.88129678724324778  0.90130003563312322
  0.92289444138578114  0.94865857741016502  0.97392739967650821  1.00000000000000000
  5.57845300583254400E-009  -1.0000000000000000     
 T T T T F F F F F F F F T T T T F F F F F F F F T T T T F F F F F F F F T T T T F F F F F F F F T T T T F F F F F F F F T T T T F F F F F F F F F F F F F F F F F F F F F F F F F F F F F F F F F F F F F F F F F F F F F F F F F F F F F F F F F F F F F F F F
  <DiscreteSampler_grid>
  grouped_processes
  1 # 1 for a reference and 2 for a running grid.
  10 # Attribute 'min_bin_probing_points' of the grid.
  1 # Attribute 'grid_mode' of the grid. 1=='default',2=='initialization'
  0.0000000000000000 # Attribute 'small_contrib_threshold' of the grid.
  0.5000000000000000 # Attribute 'damping_power' of the grid.
 # binID   n_entries weight   weight_sqr   abs_weight
    10   10   9.196968500587099E+005   8.401174804230604E+012   9.196968500587099E+005
  </DiscreteSampler_grid>
