  0.00148311452495787  0.00249479883539735  0.00347040094413168  0.00465883943231223
  0.00584981808403025  0.00717233135950305  0.00847132206126422  0.00990234717257883
  0.01167459380407249  0.01337186961391715  0.01519430143402580  0.01717405060311861
  0.01910145052264794  0.02099356380950801  0.02318596070301094  0.02556300557511058
  0.02807275443553270  0.03073419779057541  0.03365685690326305  0.03680228009012009
  0.04020310590251514  0.04375656822306369  0.04722497031248385  0.05053090866327232
  0.05376256878366534  0.05707298042885207  0.06029690190905759  0.06376651608355953
  0.06756280234622467  0.07157540708653330  0.07562506496780243  0.07967531165133021
  0.08376836353190727  0.08783026187820235  0.09162967299505669  0.09516305902941136
  0.09892619891464628  0.10313935111067431  0.10752456127206141  0.11228024803592331
  0.11746853656832534  0.12287696420822734  0.12824186391341064  0.13369460730704327
  0.13962613503705423  0.14575074594916368  0.15178741694760339  0.15720781542622217
  0.16278140635338190  0.16888222964213478  0.17580688006459180  0.18380954192042134
  0.19219429785702433  0.20039331110111572  0.20840383859214121  0.21639535226820417
  0.22464599069071123  0.23371357963390288  0.24318705473016250  0.25365761287368349
  0.26475196917872951  0.27576358210219049  0.28631379664274786  0.29662723004483482
  0.30755241631033298  0.31802972274469599  0.32878051755281840  0.33933322856810932
  0.35027618395992538  0.36168308481441569  0.37326081026777452  0.38479409913259027
  0.39541014644381139  0.40689243555312798  0.41866181081515896  0.43157595102627055
  0.44620274746129557  0.46222804085027414  0.47907628991908141  0.49587804645194106
  0.51312147300283051  0.53061807757543522  0.54886812346227776  0.56822117159582364
  0.58796002490947175  0.60807629029322963  0.62931457422755377  0.64933092518193625
  0.66895846671674131  0.68714027613284712  0.70322666104275222  0.71825426089075750
  0.73437104957103472  0.74496974771727786  0.75076517792327613  1.00000000000000000
  0.00344699967845109  0.00783567526535665  0.01044300864457055  0.01273904000825621
  0.01516068958417161  0.01782777149669104  0.02047297247554374  0.02364632507294787
  0.02772094853076183  0.03149080246230578  0.03580032663305564  0.04063473990048034
  0.04523778447841244  0.04997327615501623  0.05419984730656870  0.05845306799209104
  0.06305494070195861  0.06812153270593119  0.07357832060743763  0.07931886084980680
  0.08541658180506954  0.09162791988323520  0.09767185508474127  0.10367153528782612
  0.11058872209684320  0.11763304973010646  0.12477176935258423  0.13208071235563018
  0.13913220808065246  0.14654761139422412  0.15400307247724335  0.16183083199521023
  0.17004320540892451  0.17838824954889185  0.18657783832998392  0.19392295971306484
  0.20067891786137232  0.20753954891998816  0.21403559680449452  0.22086819927267529
  0.22863944947117529  0.23753357473667266  0.24770878712263758  0.25770961582154067
  0.26718079634995284  0.27644064472878888  0.28600330022244952  0.29632059344041217
  0.30698480769610098  0.31769867823086911  0.32844435070955674  0.33960483526991647
  0.35062896270350763  0.36212989809465856  0.37274273676735009  0.38504862413068358
  0.39660195819884597  0.40780545210093966  0.42108693297964733  0.43536897295812982
  0.45067882403416865  0.46698039282522963  0.48105292676648886  0.49645940362549418
  0.51079097683553687  0.52450443441305461  0.53831735073238440  0.55202092395822089
  0.56557917069665897  0.57960465131872707  0.59539205527172956  0.61324979698396709
  0.63171974290452704  0.65049644787615746  0.66936734002573317  0.68766045451947888
  0.70592327597886018  0.72405537453431668  0.74199766477166007  0.76006879697534058
  0.77804453764593973  0.79543831819077648  0.81057797380999974  0.82520117510504765
  0.83962297919344886  0.85368561518676067  0.86743472855161718  0.88101072410807890
  0.89450603244056504  0.90789800710144553  0.92167008054970423  0.93566906009005801
  0.94970335064349543  0.96472039292603706  0.98210632485109228  1.00000000000000000
  0.00004043016197149  0.00004683555665189  0.00005113473132123  0.00005539396702785
  0.00006040903673743  0.00006572778592508  0.00007098197057753  0.00007628534914114
  0.00008158435725686  0.00008829653199348  0.00009645705884696  0.00010594986035491
  0.00011567461321546  0.00012551451163129  0.00013595676365133  0.00014667230162823
  0.00015766702765743  0.00017004054279138  0.00018387007286570  0.00019865836321586
  0.00021442023192780  0.00023080716280811  0.00024826175840400  0.00026870049714940
  0.00029201873724224  0.00031756475295729  0.00034383384079556  0.00037036817111627
  0.00039498207737910  0.00041903227342255  0.00044460351904351  0.00047242129821060
  0.00050127126115760  0.00053115176535052  0.00056309896048255  0.00060120076393041
  0.00064509893086973  0.00069480601047810  0.00074739497088327  0.00079903057875914
  0.00084952053203019  0.00090144821233549  0.00095922503555780  0.00102746297708573
  0.00110534035660460  0.00118415237923695  0.00126270992462886  0.00134706231620475
  0.00142835389601732  0.00151034809332134  0.00159206300636627  0.00167849256696547
  0.00177326158810927  0.00187438671752270  0.00198341509431566  0.00210393879921209
  0.00225221638302453  0.00243576491858128  0.00263442802866573  0.00286527886653673
  0.00314239842497560  0.00343306317341869  0.00372806341865185  0.00403971627886040
  0.00437994825594462  0.00474899181478163  0.00516615228614759  0.00558130240150414
  0.00606530108777843  0.00658147719835308  0.00714420322112371  0.00775480117241429
  0.00841432325972396  0.00919134917766992  0.01009357070734906  0.01112015461963051
  0.01222119072202093  0.01352570775993021  0.01520239201997431  0.01731452785803333
  0.01950676404748054  0.02187622138987273  0.02459325475336885  0.02788556433586817
  0.03190989981338548  0.03689984847819976  0.04343540882885007  0.05187482214120342
  0.06259739059395959  0.07758651879648105  0.09818845361824438  0.12363545336678955
  0.16682326031219219  0.24389139547779706  0.41592612384433175  1.00000000000000000
 -0.00068065274706905  0.00152765818330174  0.00427432754888128  0.00701140364463781
  0.00994414263976530  0.01317829673153897  0.01660605751904836  0.02032327797418013
  0.02453429287549195  0.02898698882244873  0.03344318179538758  0.03809203515613167
  0.04356631210397046  0.05066749313102327  0.05819800398950294  0.06530998807594673
  0.07195425750027909  0.07844175502594507  0.08554575472448792  0.09331645438961952
  0.10136286250392330  0.10936952115595779  0.11723780686161696  0.12550017014941053
  0.13531112952187294  0.14522987851313759  0.15382061181753809  0.16207756645269181
  0.17049190508300383  0.17967705123610830  0.18980625370554402  0.20063046911566226
  0.21244881386588610  0.22510084516593865  0.23814359391425260  0.25186611702318135
  0.26679937315065450  0.28225235565941048  0.29829344596105806  0.31325502169264935
  0.32811717263175616  0.34168809090065511  0.35418604126724573  0.36650777146608798
  0.38040283269990516  0.39639991394016261  0.41374008814580759  0.43122951504882689
  0.44831905431874952  0.46463998246168492  0.47912873876989998  0.49319777194716219
  0.50817446839949720  0.52336503004821655  0.53770303205105774  0.55188533197762357
  0.56638416768762523  0.58100711510669800  0.59559579252863382  0.61001430567273773
  0.62376113810918210  0.63663320747821406  0.64984149301121430  0.66324882573859822
  0.67694975157085291  0.68975930113158479  0.70197169476526911  0.71403110317201346
  0.72771443547208770  0.74133028580164817  0.75595284495816883  0.77070066756102329
  0.78318767694819047  0.79420214547198520  0.80506855003505418  0.81692804256213003
  0.82929910883603219  0.84123176183380988  0.85132944306575009  0.86064138787409494
  0.86945692471599390  0.87863440261700054  0.88831282557729596  0.89819671072143914
  0.90806922851187044  0.91759591877031998  0.92700783455315361  0.93678243777392656
  0.94682519244707120  0.95643582060021126  0.96458139891554862  0.97224292922675093
  0.97968996658730101  0.98678345259259470  0.99352085938089529  1.00000000000000000
 -0.00252847024119147  0.01130303039971136  0.02202630130766046  0.03334670536403914
  0.04425223286840842  0.05567057886033546  0.06726338167797098  0.07830185822715766
  0.08969906290466141  0.10056059523690999  0.11134336970198848  0.12140034942492629
  0.13069898922936216  0.13983714939646011  0.14862258826557903  0.15735401449844755
  0.16695633902234322  0.17739970983926856  0.18931296515898546  0.20281079558941062
  0.21550264727362395  0.22717960095356879  0.23788080029272521  0.24851391838892434
  0.26026830894285019  0.27259863372441723  0.28418734052614580  0.29545053208847966
  0.30693529175720902  0.31797595140671175  0.32905358581901467  0.34021807309965924
  0.35157817079953013  0.36291610680968261  0.37430973599726780  0.38574343105089071
  0.39666397529634090  0.40646691617811620  0.41635523083125531  0.42501082819313313
  0.43344467653893975  0.44233251222817771  0.45158485905191503  0.46124728260533182
  0.47067389687400291  0.47990751479726246  0.48967591522393056  0.50007959328336649
  0.51054923695998000  0.52048280283796844  0.52957718590032810  0.53842082691705562
  0.54763705112913974  0.55724579999800361  0.56727097214452926  0.57726352678999560
  0.58756519889705727  0.59822300858653632  0.60719909457891652  0.61466984411817704
  0.62261335487849112  0.63120741085174403  0.64017434811383311  0.64958770642755226
  0.65865218911509094  0.66708044372045783  0.67620125996531355  0.68553104998756731
  0.69613313759238105  0.70825985908817368  0.72024766214311675  0.73210463721235408
  0.74381987564239738  0.75540752741395079  0.76657735940399041  0.77736086252213299
  0.78832486372331179  0.79983298239419454  0.81155788385133643  0.82272621435369997
  0.83331319427895278  0.84395283860759285  0.85424893184083039  0.86378493777258303
  0.87349894307775544  0.88270283588693743  0.89287405128156194  0.90316656821804131
  0.91429263214407919  0.92612826358947808  0.93767832836212561  0.94891385233306780
  0.96069180580422064  0.97331320223117623  0.98678071158888003  1.00000000000000000
 -0.00280078763663320  0.01201898650752638  0.02355112135229659  0.03313368556943448
  0.04248859877558887  0.05178283861360163  0.06250223575195252  0.07308364420132564
  0.08233326345086069  0.09190881958891430  0.10142546396634512  0.11140143581280990
  0.12194656212231242  0.13346676137753674  0.14468653995983805  0.15480014620571295
  0.16475963891338610  0.17375264055769954  0.18206342868490574  0.19073694923026913
  0.19992998487422597  0.20960754952045282  0.22068865951137481  0.23188805061225221
  0.24233516360669063  0.25264968107316527  0.26355430775139954  0.27584826935721940
  0.28795480068047724  0.29934496394379168  0.30986795398686934  0.31983994789763948
  0.33021371042514325  0.34144594498816816  0.35155719478554298  0.36146288404976173
  0.37110512048074717  0.38168275494147619  0.39295863342044507  0.40467387664827209
  0.41723422438044805  0.43033564405046509  0.44338014153875777  0.45598163815421383
  0.46929077118115303  0.48335543077482568  0.49716669433713317  0.51148173016761445
  0.52566758623795828  0.53994631127726578  0.55261552368219347  0.56427533364860183
  0.57531207091283310  0.58609238406500341  0.59771972418175445  0.60997423438792286
  0.62295461946208608  0.63685076192510481  0.65086672145046365  0.66396591699070173
  0.67663079391161851  0.68975220851648167  0.70238210515300448  0.71333790099168770
  0.72409714595482000  0.73457601095501734  0.74540101424127603  0.75732384632578154
  0.77010465043452203  0.78153288425145462  0.79172918946402360  0.80187879452290456
  0.81182740859114588  0.82178734009064947  0.83173503180255659  0.84223846057665475
  0.85306428227406284  0.86467215786953733  0.87595746611801895  0.88561994270454747
  0.89444858223300439  0.90215035259166521  0.90963436683144450  0.91705152921347100
  0.92448888454695910  0.93186608550687045  0.93993977071952883  0.94937044265461457
  0.95867594021174318  0.96667349530361169  0.97356610323885784  0.98004415562092828
  0.98583646210965115  0.99080934416391253  0.99549030836017105  1.00000000000000000
 -0.00329657992553507  0.01118419743209631  0.02323598451484452  0.03502943330987433
  0.04643887727672676  0.05764696075471928  0.06861626956144298  0.07938685110003016
  0.08976134027577531  0.09952321483277331  0.10971078647555838  0.12012515183585779
  0.13072079417065943  0.14044028493780653  0.15028243222795498  0.16061817633033332
  0.17144559030805950  0.18227803964383746  0.19219655788663062  0.20182043231222974
  0.21148786323159713  0.22157909368959181  0.23209921726178592  0.24266248594585590
  0.25314311356569030  0.26332243334090671  0.27424319326027985  0.28541094352481944
  0.29711363918525002  0.30858181817588021  0.32064926445005926  0.33283409910162859
  0.34445588474295585  0.35540978979629440  0.36608327894408949  0.37694621844817916
  0.38787864753596407  0.39900042619707027  0.41047163937049741  0.42049921226910320
  0.42875402368448273  0.43711369257586524  0.44545959871766111  0.45437816681473381
  0.46254215718761893  0.47049083900651967  0.47899913022569374  0.48990135317400901
  0.50113290358924734  0.51218991747556109  0.52313640058106892  0.53278636085903364
  0.54321284772450351  0.55418205345827820  0.56635904470751131  0.57849915968451726
  0.59068776826274361  0.60233853095522050  0.61336388565288802  0.62382959145851535
  0.63510618769873528  0.64628152986413834  0.65776198376653428  0.66956311628708265
  0.68188610795824356  0.69306594830597601  0.70257426151348645  0.71155922993230003
  0.72114446364879037  0.73102134673927976  0.74084278246270951  0.75020828803049433
  0.75954524226328946  0.76860917776120830  0.77778592629945731  0.78726671839664975
  0.79768084902564540  0.80815708864603497  0.81889212703344982  0.83022354589485459
  0.84240925331344629  0.85528330461530322  0.86812266567004803  0.88007371270037316
  0.89125793732627856  0.90286067226696753  0.91394985591586408  0.92443180204040687
  0.93389980208878864  0.94295502087197236  0.95263595643251819  0.96179062949956318
  0.97070753609272309  0.98014835352205698  0.98931499186783856  1.00000000000000000
 -0.00253903465515183  0.00950781095598614  0.02038412234880435  0.02963071228338781
  0.03924705453814711  0.04818082187863448  0.05785119709146878  0.06804523462950995
  0.07835025185383016  0.08868611351298898  0.09937176380300355  0.11014051960441203
  0.12102406874878029  0.13369885687856442  0.14560531275478839  0.15705568160343245
  0.16728051051300200  0.17753319669739626  0.18710881260199719  0.19736686893139244
  0.20790388171531185  0.21769753896422189  0.22717742292187160  0.23655394870878627
  0.24633050696838585  0.25765096415261651  0.26868212716310447  0.27946989527555649
  0.29061674666367926  0.30211762161953187  0.31300762739408117  0.32293249001316698
  0.33282715718680994  0.34309369502861065  0.35384801691024081  0.36503559042481026
  0.37716275614666633  0.38992768886369183  0.40189349712081424  0.41334228857402538
  0.42480966600053360  0.43595416246326940  0.44683545343676917  0.45770632198410288
  0.46877404482499863  0.48001372057622355  0.49146229382785839  0.50261256862196380
  0.51307749687785387  0.52325493911885923  0.53349829185595277  0.54423269352314918
  0.55610093168798280  0.56825901445882654  0.58041454626279498  0.59155292193123910
  0.60229367498718134  0.61291045343790285  0.62346810392820884  0.63404991977447400
  0.64488041146700636  0.65553938434864645  0.66616883096668800  0.67619991833016124
  0.68564382011712144  0.69504459924951545  0.70506204975445874  0.71562588661967941
  0.72587536860077151  0.73639619078332963  0.74757879705873664  0.75953925299019343
  0.77194674599624247  0.78350132425054830  0.79590438795869489  0.80781663727844921
  0.81822313406838776  0.82708816615256142  0.83557184025765352  0.84382253027824472
  0.85251138902848678  0.86176197959584178  0.87089316846546427  0.88008038407648281
  0.88959888367743634  0.89894596698382667  0.90823619030108604  0.91784658809647568
  0.92763959474583557  0.93763498801582346  0.94811228496996447  0.95877381978076415
  0.96975914517358497  0.98037200310981654  0.99073072848419919  1.00000000000000000
  6.13072506201623692E-010  -1.0000000000000000     
 T T T T F F F F F F F F T T T T F F F F F F F F T T T T F F F F F F F F T T T T F F F F F F F F T T T T F F F F F F F F T T T T F F F F F F F F F F F F F F F F F F F F F F F F F F F F F F F F F F F F F F F F F F F F F F F F F F F F F F F F F F F F F F F F
  <DiscreteSampler_grid>
  grouped_processes
  1 # 1 for a reference and 2 for a running grid.
  10 # Attribute 'min_bin_probing_points' of the grid.
  1 # Attribute 'grid_mode' of the grid. 1=='default',2=='initialization'
  0.0000000000000000 # Attribute 'small_contrib_threshold' of the grid.
  0.5000000000000000 # Attribute 'damping_power' of the grid.
 # binID   n_entries weight   weight_sqr   abs_weight
    10   10   2.731196443422176E+001   7.331347524484464E+003   2.731196443422176E+001
  </DiscreteSampler_grid>
