  0.00001257725777379  0.00001541408849592  0.00001697118892021  0.00001843874339408
  0.00001971864082274  0.00002077097338409  0.00002171140511605  0.00002272549093732
  0.00002363620407874  0.00002477399121413  0.00002604060009438  0.00002725504854828
  0.00002810121867047  0.00002894413915779  0.00002972517959040  0.00003050622002300
  0.00003131786131807  0.00003213545132696  0.00003331150201941  0.00003454466664826
  0.00003542348963310  0.00003606984954209  0.00003686984884884  0.00003786565455933
  0.00003873270613187  0.00003949282372133  0.00004040484924987  0.00004164624201529
  0.00004286862442337  0.00004440216096816  0.00004701971968285  0.00005001579299830
  0.00005286760469813  0.00005565008545435  0.00005850406830554  0.00006135765473112
  0.00006453001387157  0.00006704284766057  0.00006945206734104  0.00007218038367721
  0.00007518431736420  0.00007915416783618  0.00008349275965535  0.00008811979484525
  0.00009326223647087  0.00009846255921049  0.00010486261397124  0.00011129499032730
  0.00011786745834560  0.00012442012314703  0.00013132789501058  0.00013839090032329
  0.00014522584851943  0.00015233748180315  0.00016027122739291  0.00016874639154062
  0.00017729616312958  0.00018629961496419  0.00019608366294004  0.00020706382235205
  0.00021972408872992  0.00023337239862112  0.00024723450850187  0.00026021894750069
  0.00027352905446198  0.00028788434823700  0.00030423080185226  0.00032502601114528
  0.00034453243676151  0.00036178170331324  0.00037975505304205  0.00039985160619408
  0.00042459128477749  0.00045612386910536  0.00049081702818122  0.00052728781464280
  0.00056568767129703  0.00060748750144246  0.00065220102308207  0.00071145942722950
  0.00077624176191668  0.00084613359811333  0.00092398164688107  0.00102362833420534
  0.00114071508376506  0.00126633930470869  0.00141147829116945  0.00161070172489689
  0.00190182927783435  0.00238011121106343  0.00304228851648393  0.00388727823611591
  0.00516169852798578  0.00885415450386830  0.03082192910574258  1.00000000000000000
  0.00001843145794682  0.00002208237137603  0.00002492335942764  0.00002697044227732
  0.00002840529823737  0.00002972292109614  0.00003116888741425  0.00003273638283127
  0.00003433093172006  0.00003625698252021  0.00003848481512093  0.00004091357439241
  0.00004356992585963  0.00004637821811070  0.00004901041416854  0.00005143992983830
  0.00005387646399926  0.00005656329394616  0.00005971609289187  0.00006317743254327
  0.00006669510834029  0.00007024791012182  0.00007414961035490  0.00007833257954486
  0.00008240180489444  0.00008673598557481  0.00009157492971741  0.00009693180217871
  0.00010268419115497  0.00010933976129251  0.00011659829724680  0.00012455697895125
  0.00013379573116921  0.00014509374091360  0.00015865288309551  0.00017317724032755
  0.00018989796687722  0.00020904187932821  0.00023553344033986  0.00026335689795954
  0.00029405186218615  0.00032887783284929  0.00037202842173399  0.00042601035676299
  0.00048843721409077  0.00057774079863328  0.00069844937190421  0.00083481397617485
  0.00100593010981352  0.00121526946074229  0.00147929470698417  0.00182546496373005
  0.00226492583178850  0.00279197484633160  0.00343554621153422  0.00425516723303751
  0.00529855781054525  0.00669240714914996  0.00856365924072195  0.01097689149774017
  0.01362176015624808  0.01683755238231532  0.02201895107257565  0.03052817711297021
  0.03900832593655103  0.04925377742408021  0.06106126578457283  0.07501891589270274
  0.09072529690810170  0.10671233765101595  0.11923589854289017  0.14007849466299618
  0.15730483956707456  0.17213349425624599  0.18704440295591743  0.20363639886062823
  0.21904678537515448  0.23053585810568727  0.23751492471116387  0.24452199768689653
  0.25378457953485400  0.26304716138281142  0.27447910264922526  0.28650040653716191
  0.34018563961493620  0.42135558701066156  0.51289159623628389  0.58407331578136867
  0.63248788571124104  0.67865949145368143  0.72283495940796638  0.76482889386374087
  0.81073760150954721  0.87257865908628640  0.94272229780551486  1.00000000000000000
 -0.00000001090095350  0.00001714425637965  0.00002548561700253  0.00002898368222547
  0.00003253439220708  0.00003586533751460  0.00003835609281724  0.00004006666710242
  0.00004160078455663  0.00004283828696649  0.00004298540138802  0.00004319415067236
  0.00004378658676439  0.00004472552798509  0.00004543329628633  0.00004612441057219
  0.00004677703889592  0.00004741090860689  0.00004812279313299  0.00004893493375253
  0.00005025099464492  0.00005167920507760  0.00005302793833385  0.00005422208628655
  0.00005535633685631  0.00005629714461307  0.00005727414275699  0.00005828018043038
  0.00005936823625916  0.00006070122487094  0.00006215371885814  0.00006369647252891
  0.00006527683810149  0.00006684132214715  0.00006851556658011  0.00007017817885100
  0.00007179123360482  0.00007346607076042  0.00007516244859774  0.00007682041872086
  0.00007840354251037  0.00008004328865998  0.00008176605271425  0.00008370043913564
  0.00008573807335328  0.00008756687647785  0.00008969011283539  0.00009179899199343
  0.00009430278658884  0.00009735900754058  0.00010028829343387  0.00010350973123756
  0.00010695742296774  0.00011085919222813  0.00011547659278124  0.00012021835481621
  0.00012506805987824  0.00012930308239232  0.00013421478722771  0.00013959246810200
  0.00014603247845383  0.00015414717701917  0.00016245236064448  0.00017062774453758
  0.00017926673925964  0.00018902279691204  0.00019994453660297  0.00021276608581161
  0.00022747825345466  0.00024317004383033  0.00026074267807862  0.00028057453286722
  0.00030331502975075  0.00032605521983527  0.00035024575330814  0.00037750033518133
  0.00040931782662615  0.00044725963548001  0.00047889242536436  0.00050608868786674
  0.00053457998501466  0.00056622905671867  0.00060374061079727  0.00067913495662647
  0.00077061680589596  0.00089507379269935  0.00105480098106880  0.00126601754311114
  0.00159086728648011  0.00205206182946869  0.00271765748761863  0.00405402902913881
  0.00653217610696771  0.01208450075651592  0.04644999223757294  1.00000000000000000
 -0.00135409278253238  0.00569639205764446  0.01302809876661092  0.02068115054984963
  0.02922630975495215  0.03725722323070599  0.04557756287968624  0.05386702083718097
  0.06164336517444066  0.06897049338500842  0.07592412646537465  0.08382207297351058
  0.09200867265451496  0.10191134878029787  0.11307429294625751  0.12368521195727689
  0.13405701807977463  0.14500504177243234  0.15681896839696377  0.16888698230396618
  0.18062357167774118  0.19256504011060246  0.20500276915137516  0.21633010836838590
  0.22702910195372780  0.23872747520383997  0.25150677734900484  0.26530211251825192
  0.27920199782377936  0.29263617098168354  0.30664501414351214  0.32030230892365846
  0.33425650850041638  0.34645378668579785  0.35942458879043798  0.37045944197537028
  0.38070731352236870  0.39246481645340242  0.40400124807180543  0.41618153111666628
  0.42657739407966305  0.43491304605628772  0.44284710792331938  0.45181603221571398
  0.46336078795426822  0.47050457876559371  0.47890784948052506  0.48882357118049635
  0.49878234088431356  0.50875978274307065  0.52191811466069638  0.53569285704676572
  0.54611242370490987  0.55891546193704789  0.57114802552909472  0.58274494097497542
  0.59439080053358595  0.60504265696224058  0.61601473712881005  0.62966858245385149
  0.64360876058113758  0.65898460475520615  0.67343295382383617  0.68715281197061395
  0.70043905742831003  0.71461052325365837  0.72525474199690787  0.73199218476299166
  0.73886317908766841  0.74612599305024840  0.75372417682091519  0.76254266910222368
  0.77578893154950390  0.78910965217820850  0.80189566199446682  0.81406770386734673
  0.82550669448465841  0.83661982824442727  0.84823666489097338  0.86089005480536107
  0.87315590179517699  0.88332308493851652  0.89168144076347489  0.89887374705507606
  0.90534289043327532  0.91264987050318169  0.91897160366135444  0.92850912417720166
  0.93856197466151181  0.94794278579383573  0.95685886255427488  0.96563872511328952
  0.97433163949690860  0.98245608822527020  0.99103691671225891  1.00000000000000000
 -0.00228861916581085  0.00885686320529326  0.02011456844084629  0.03192037328589362
  0.04317586186322055  0.05430141056326723  0.06629888432692721  0.07853255297621103
  0.08981813760458132  0.10028296378710590  0.11046309142834028  0.12105461227713434
  0.13239163071854862  0.14302930728300284  0.15320184545857307  0.16345320172599162
  0.17419002239875897  0.18686371909870558  0.19884794687599883  0.21015655688082896
  0.22118532874950317  0.23357136966552239  0.24680155378855881  0.26125658167063759
  0.27353712867441199  0.28423412198654957  0.29502061886966141  0.30568728528921507
  0.31621653264648125  0.32611921556779616  0.33021895880889529  0.33421581508217429
  0.33803398549099306  0.34228909509908789  0.34698623291451364  0.35561641621158641
  0.36425985537456301  0.37230958443406748  0.38133274615490548  0.39165703705786081
  0.40023060448707054  0.40858137413809548  0.41773707473055216  0.43085412388766503
  0.44302408030775925  0.45536078417877540  0.46635053849606700  0.47835549895340562
  0.48920316032872468  0.49945709604930616  0.50751876546066765  0.51576987410222452
  0.52525328017682527  0.53735055997951964  0.54900240544789514  0.55872121400082508
  0.56830133507519642  0.57745635593373634  0.58837302496570909  0.59901110330391683
  0.60898625344302726  0.61899443379926888  0.62925593483768449  0.63835188206638760
  0.64670207249654033  0.65508338186598958  0.66490003688580213  0.67793283384882275
  0.68920124392903370  0.70025239225618618  0.71122594796025740  0.72254105184519524
  0.73225842684604991  0.74101004531434411  0.75069193072192097  0.76124166875340549
  0.77413472192834654  0.78461032214292048  0.79691392017713480  0.80883685367452252
  0.81851987469530330  0.83017161983113996  0.84099126677347313  0.85170661337536813
  0.86339106405268717  0.87525989738327536  0.88803567816516671  0.90108810884147417
  0.91426554243382174  0.92796118880042300  0.94134172760959156  0.95301445911590554
  0.96351569461969777  0.97407590836629421  0.98477405189023881  1.00000000000000000
 -0.00350146975972194  0.01148241825779320  0.02255203671858324  0.03415595755327894
  0.04653732665066852  0.05896510543459051  0.07054072745382492  0.08115347911266940
  0.09205038202622633  0.10294558465935395  0.11324845881016940  0.12392168594383678
  0.13530268081354033  0.14476426238401202  0.15401873776334096  0.16455378333038587
  0.17559784363112174  0.18686327319368035  0.19864098860466955  0.21136583451740668
  0.22349912587364926  0.23457594138687241  0.24619053824776715  0.25722128652306037
  0.26818749625971833  0.27994496149162296  0.29259620585086193  0.30419155617866034
  0.31617472176021061  0.32857452078950761  0.34038784168794156  0.35373062596593324
  0.36594598556757624  0.37585408114800667  0.38506662084605503  0.39466279913389468
  0.40480563591771723  0.41448430522819157  0.42409731585843413  0.43493189260410875
  0.44711717350151731  0.45950981515386802  0.47190348562744827  0.48382822207570680
  0.49512086017460544  0.50663449387172943  0.51840026347588264  0.52997177116218219
  0.54194291282726037  0.55608170783461142  0.57056237847825653  0.57777632864697637
  0.58412151706037152  0.59041841505541037  0.59641079840690725  0.60088487651616584
  0.60570791662453527  0.61543694625381840  0.62785087557687724  0.63999667633557134
  0.64989570485156045  0.65792008403941316  0.66829038135761309  0.67921712019482217
  0.68990512603758292  0.69843388521069449  0.70559538590590964  0.71327355407889137
  0.72286628085634896  0.73284550228243606  0.74350969562313007  0.75591695034297535
  0.76995341226034020  0.78467828283698826  0.79914261154281896  0.81249919108156310
  0.82457290000260042  0.83557821385301045  0.84625066099910085  0.85786604989282544
  0.86999292739574663  0.88019225540581270  0.88876263751981366  0.89729618051669402
  0.90351636146795811  0.90969816102020273  0.91636958823458492  0.92311499396097951
  0.92997370292592640  0.93857051264107438  0.94865163074383574  0.95976024378700886
  0.97059714388051166  0.98084718917666291  0.99093006849024712  1.00000000000000000
 -0.00468704551543131  0.01917407939001469  0.03884421223744808  0.06229022790582912
  0.08639001579965550  0.10635720249276903  0.12657497816610958  0.14880236846524889
  0.17146644645490425  0.19417121828464010  0.21660740254988459  0.23610309026226367
  0.25501709328486982  0.27338462278833353  0.29583185212355950  0.31857861655084996
  0.34006687614203773  0.36201813850690395  0.38444656089845552  0.40704788387466290
  0.42742973648870064  0.44950256737363620  0.47200815862703960  0.49516025172924788
  0.51618775503478864  0.53474828007752695  0.55314490055171606  0.57119765625365870
  0.58951656736743985  0.60750721669546848  0.62596033488308356  0.64413878184535223
  0.66395185603670526  0.67796295224416281  0.68918348474449542  0.70002147814057336
  0.71120640893525311  0.72472444507758804  0.73710888972808919  0.74298692643044606
  0.74836273475027737  0.75291944141461442  0.75677447969092959  0.76020566020996083
  0.76560707774401493  0.77315074345404178  0.78170867099013752  0.78828261148576073
  0.79277794426944759  0.79780830920797285  0.80254703878198619  0.80714608882667449
  0.81133233706805652  0.81779700269024613  0.82653216888207071  0.83339049972075729
  0.83821643390261014  0.84228641275364546  0.84638331941833711  0.85044670221753127
  0.85552590310773535  0.86085771862329308  0.86530714039679435  0.86938499808856728
  0.87323561194277977  0.87742705176963443  0.88165720545765580  0.88582092652695565
  0.89001577559280876  0.89420088196006930  0.89824261281265827  0.90261700120724120
  0.90618575713247018  0.90974913860545126  0.91317602236171158  0.91679612631803575
  0.92028554777525051  0.92354910228812570  0.92679130403271281  0.93013139452803972
  0.93335141757833728  0.93635606562523632  0.93943138918276514  0.94272454374246373
  0.94572969269564611  0.94874997875331302  0.95158364491300129  0.95461541809653483
  0.95773525338457810  0.96078505989173102  0.96392373415118404  0.96723082891277479
  0.97083588683520328  0.97572204964258769  0.98158220025291554  1.00000000000000000
 -0.00774503006079439  0.03363620298824183  0.06079058112569397  0.08576197545209423
  0.10775110261366758  0.12797028830277338  0.14702035808209207  0.16318584207070072
  0.17999210102782659  0.19242155225093430  0.20232199003425608  0.21162466081992476
  0.22086212910937833  0.22996883706832708  0.24280256287833546  0.25616652215071795
  0.26755744627308187  0.27680338039206587  0.28732246412696166  0.29739767241938331
  0.30684361260185866  0.31585233552047065  0.32562876196759116  0.33466554513716085
  0.34308244079117034  0.35136242334783607  0.35883409694966945  0.36762130047777641
  0.37673647994651366  0.38467487307599957  0.39160708083503154  0.39814749269674660
  0.40425875069624151  0.41017661653450516  0.41662528486926315  0.42372317338223914
  0.43224200424356446  0.44043759015602280  0.44623179147129471  0.45227771372742570
  0.45806011391114848  0.46399597412226146  0.47009017142922804  0.47602412617918483
  0.48202082680364228  0.48626226145537238  0.48908835016943858  0.49270737877928000
  0.49626646941687691  0.50040687670887940  0.50732830053716516  0.51522546920689549
  0.52360062335362823  0.53248677103704667  0.54055730283724646  0.54729645202590593
  0.55317355584726002  0.55861363052909274  0.56388346020525437  0.56966280728852248
  0.57641555975112524  0.58329894556742568  0.59049728692697567  0.59747452617641672
  0.60502232837786996  0.61282871919155424  0.62012549589570076  0.62681753438447230
  0.63320905620851697  0.63968009111221313  0.64665264158247826  0.65485698518152713
  0.66301020635804009  0.67024760755983159  0.67743842975736601  0.68544218776768018
  0.69413168048876006  0.70334196640378166  0.71228431067056330  0.72179323724830113
  0.73332835530584095  0.74604931946052289  0.75686109559599513  0.76524256540602809
  0.77194715201167041  0.78055195874419459  0.79421206551681600  0.81249447126227403
  0.83496295615259486  0.85898501025136986  0.88429273108078710  0.90773056840237520
  0.92961114228117059  0.95207287603576218  0.97530625351645039  1.00000000000000000
  4.18942672414849179E-007  -1.0000000000000000     
 T T T T F F F F F F F F T T T T F F F F F F F F T T T T F F F F F F F F T T T T F F F F F F F F T T T T F F F F F F F F T T T T F F F F F F F F F F F F F F F F F F F F F F F F F F F F F F F F F F F F F F F F F F F F F F F F F F F F F F F F F F F F F F F F
  <DiscreteSampler_grid>
  grouped_processes
  1 # 1 for a reference and 2 for a running grid.
  10 # Attribute 'min_bin_probing_points' of the grid.
  1 # Attribute 'grid_mode' of the grid. 1=='default',2=='initialization'
  0.0000000000000000 # Attribute 'small_contrib_threshold' of the grid.
  0.5000000000000000 # Attribute 'damping_power' of the grid.
 # binID   n_entries weight   weight_sqr   abs_weight
    10   10   7.427206032983214E+001   4.280347450631189E+004   7.427206032983214E+001
  </DiscreteSampler_grid>
