  0.00009763889381099  0.00010194477599227  0.00010524433971781  0.00010847795011920
  0.00011192176231958  0.00011583626686541  0.00011998555936225  0.00012382978472489
  0.00012740486341557  0.00013155567179283  0.00013719336072928  0.00014290714994151
  0.00014793970660418  0.00015225384627039  0.00015633419743045  0.00016086275492435
  0.00016591524191455  0.00017083339972265  0.00017580713675914  0.00018118683783891
  0.00018674467733104  0.00019289701110757  0.00019777089258580  0.00020466082442983
  0.00021311277386420  0.00022160116892640  0.00023090798667568  0.00023898496704338
  0.00024711524218455  0.00025551139475016  0.00026431117636307  0.00027386394664699
  0.00028347787974191  0.00029273033520576  0.00030359156106684  0.00031254465811407
  0.00032351350743771  0.00033382733690227  0.00034641297234331  0.00035881713175357
  0.00037060076450836  0.00038347918502643  0.00039920830745174  0.00041707740046442
  0.00043736294076550  0.00045828689873906  0.00047793847292640  0.00049753022162152
  0.00052070520881519  0.00054674728832369  0.00057322231234045  0.00060122151544503
  0.00064177432546962  0.00067836181056720  0.00071676083390119  0.00075723289682203
  0.00079771475187397  0.00083869047407980  0.00088700530943517  0.00093261077400886
  0.00097692788477885  0.00102354376474256  0.00108134960667728  0.00114887533904078
  0.00122033424877554  0.00128540991266692  0.00135631202344108  0.00142358629151908
  0.00148848953115892  0.00157302806228686  0.00167200858089075  0.00180031259373308
  0.00195298985151638  0.00209695783240465  0.00223720454480038  0.00236970133212737
  0.00251069895695402  0.00265593125736255  0.00286539653962317  0.00314028804055376
  0.00346676333093178  0.00389206202592655  0.00453155316425613  0.00526301390287530
  0.00591624029469337  0.00669273821168224  0.00744793232170683  0.00865527071081599
  0.01045627332794663  0.01302123268219336  0.01648173210937070  0.02147885610440140
  0.03009114689551910  0.04783819843585646  0.11555124499182690  1.00000000000000000
  0.00000124896843394  0.00002415997721674  0.00002567139514163  0.00003356815929625
  0.00004636316090498  0.00006221974719743  0.00006646127147194  0.00006810763234314
  0.00007056836616026  0.00007426419260023  0.00007815663556932  0.00008252522014068
  0.00008754239204806  0.00009284947829462  0.00009749715220627  0.00010092968647639
  0.00010643265710068  0.00011234320988338  0.00011845407099204  0.00012465007741297
  0.00013381919534231  0.00014703254678384  0.00015974106532282  0.00017310201124368
  0.00018690976223496  0.00020298907735590  0.00021880547096884  0.00023431807369457
  0.00024992122203989  0.00026673149453449  0.00028583865938123  0.00030768761923921
  0.00033275282186517  0.00035545208418247  0.00038154524132315  0.00041293476715718
  0.00045403478352342  0.00049958068457462  0.00054770935232321  0.00060401403285199
  0.00066618617725167  0.00074187818668691  0.00082358704408596  0.00091766237289185
  0.00102723770787113  0.00113571323710487  0.00126709558803771  0.00141213707680055
  0.00159157698766840  0.00179229840610221  0.00201697935154081  0.00232609288579084
  0.00266856906936575  0.00301881669826482  0.00331566389373224  0.00359627883779629
  0.00389995813766042  0.00424912627380924  0.00469715751354930  0.00525018377546772
  0.00586620941450291  0.00651599079188101  0.00725676464852171  0.00817281107090087
  0.00922027333077299  0.01028036525802941  0.01166424445642942  0.01340884439599798
  0.01572735206508243  0.01837032496730069  0.02135059268186538  0.02584619548433525
  0.03215328317825668  0.04028576463987377  0.05002567804536246  0.06431351860223217
  0.08063542741515609  0.09873349360739848  0.11270944357743984  0.12890227309198921
  0.14496614087997667  0.16715167181977253  0.19944705074396527  0.23457553075687856
  0.27266529613427387  0.31483355424855081  0.36934206022500071  0.44074081276244492
  0.53700156077621075  0.58806604964380615  0.65513475259509546  0.74150477161236916
  0.79812038127953877  0.81529714039289858  0.83247389950625728  1.00000000000000000
  0.00001404162124768  0.00002544893368227  0.00003133559964907  0.00003776545818224
  0.00003982522601523  0.00004122904825014  0.00004233643439517  0.00004343465947938
  0.00004444114951565  0.00004586006574002  0.00004742660532528  0.00004897588560162
  0.00005055515032744  0.00005209186734120  0.00005371000730116  0.00005524386347591
  0.00005689941411042  0.00005869207862454  0.00006072539245911  0.00006310924940265
  0.00006576988919152  0.00006828894004272  0.00007063886766736  0.00007285635156478
  0.00007505374797907  0.00007745135700500  0.00008004540846100  0.00008316811357367
  0.00008649784196304  0.00009023938167676  0.00009384125264584  0.00009679886334897
  0.00009960098531756  0.00010271910414750  0.00010608558151032  0.00010975937776312
  0.00011399706208251  0.00011827683348624  0.00012261049672511  0.00012706983538770
  0.00013163559478424  0.00013664938637326  0.00014197320276233  0.00014737669242172
  0.00015219584418593  0.00015626607283948  0.00016081973035527  0.00016554508741047
  0.00017017141218387  0.00017532469844657  0.00018130680115510  0.00018725387724024
  0.00019236734409083  0.00019943715802303  0.00020730887172438  0.00021613003651895
  0.00022743597698533  0.00024024557308762  0.00025259311566888  0.00026791029793942
  0.00028291898272492  0.00029755260785676  0.00031210303665130  0.00032710041006532
  0.00034405489034112  0.00036376307044224  0.00038822553948157  0.00041611484547019
  0.00044930678635735  0.00048928839913904  0.00053297214861012  0.00058087933850194
  0.00063468961026126  0.00069538251225814  0.00076202572953291  0.00083099165169625
  0.00091228498549820  0.00101694039700040  0.00115177043219869  0.00130416014909333
  0.00148326729019676  0.00168881636147380  0.00193708846884887  0.00227778332922371
  0.00279240687847057  0.00348400264654010  0.00437500943850820  0.00563406126779221
  0.00763074036558767  0.01051582263579129  0.01480619823921073  0.02314514541399029
  0.04018843312897186  0.08374927072225653  0.20390811272957529  1.00000000000000000
 -0.00246744933979342  0.00906928589120168  0.01909205731065819  0.03041799913213902
  0.04122133170113337  0.05025652718814788  0.05780736163058497  0.06542934479026484
  0.07377039799064332  0.08282278869796669  0.09251077535958988  0.10036612840990365
  0.10999900663855880  0.12350371715042875  0.13685454063759370  0.14864497151594061
  0.15626116287643743  0.16477925246377326  0.17340852938613993  0.18143114449117642
  0.18721233791856082  0.19332226606380615  0.19997302641438935  0.20769739617021962
  0.21764909104891589  0.22805738217857507  0.23749790148901481  0.24691933619933554
  0.25497053136813630  0.26500389748655517  0.27614510758564731  0.28182872107398027
  0.28703249058736913  0.29205512778339399  0.29723305645161069  0.30519710938900046
  0.31655360920866177  0.32682400078538076  0.33827118309874293  0.34979716344938439
  0.36127380422307354  0.37510862143652812  0.39052588857694315  0.40606569176015517
  0.41415795626345814  0.42255967333603461  0.43019180631199228  0.43877102999959960
  0.45035418935175237  0.46242386858534196  0.47428062467418408  0.48716034477615405
  0.50006873510731953  0.51225566348074025  0.52437860910125278  0.53832586436911012
  0.55602688602339578  0.57359820534920214  0.58700567061699993  0.59746223371813334
  0.60729982493678492  0.61754891054115846  0.62931830534095357  0.64415216488906935
  0.65617650508713832  0.66619434613078865  0.67456820746569657  0.68379394360401657
  0.69629861736721455  0.71046506026629752  0.72352681026752030  0.73211839859587979
  0.73976581895367399  0.74754364242812510  0.75663401344976866  0.76735751317317735
  0.77895641656604298  0.79012888845303342  0.80177620789484438  0.81388420123139804
  0.82641381286696391  0.84034427960317937  0.85538995388633299  0.87054753628787274
  0.88457606637921604  0.89742819415305120  0.91012114751906303  0.92071632997372344
  0.93007699003071709  0.93914206142678414  0.94911176029636368  0.95976694560766840
  0.97024004564797461  0.98021255897450188  0.99020650502099405  1.00000000000000000
 -0.00251210350681391  0.00946663465761989  0.02034059842388649  0.03166886200048975
  0.04458836152174239  0.06021817074237022  0.07703389691750193  0.09062965925727873
  0.10287218533355739  0.11406194387442430  0.12381743089439684  0.13515261559965949
  0.14608865116357062  0.15732582122810332  0.16968703080705677  0.18202967607329035
  0.19277314527140432  0.20018199906156045  0.20817253244496936  0.21721061673524492
  0.22816412453567428  0.23948036804314621  0.25012825936565225  0.26026931417333871
  0.27172240929797836  0.28301709685984727  0.29666416385846978  0.31129794428197516
  0.32321019007312946  0.33401163027303399  0.34315799880493553  0.34998031925893558
  0.35693211411008602  0.36317224874086818  0.36968145796321672  0.37839893276456549
  0.38958705083793693  0.40141741929683306  0.41272654506171308  0.42388215493572728
  0.43737391071431403  0.45271308996477905  0.46850272386139802  0.48180689886587458
  0.49405530125696623  0.50650483167192628  0.51864744667120910  0.53003564907933753
  0.54035675334863498  0.54876312683554718  0.55764804905996590  0.56670175533042666
  0.57569820519731563  0.58476430067973661  0.59361373181944610  0.60308280739707021
  0.61730578853094087  0.63287166535231465  0.64879125165235896  0.66413092983039945
  0.67800901497702670  0.69122671661342094  0.70455362814324285  0.71714314209603447
  0.72893248770354435  0.73867024280519211  0.74858415618078233  0.75873577646229107
  0.76861674850079909  0.77835202533210901  0.78925856400932748  0.80208320408419842
  0.81682497875161741  0.83120178413063139  0.84212994563350840  0.85221523549272271
  0.86117411443104819  0.86935036611691430  0.87662732232716856  0.88286627187181033
  0.88834551930865713  0.89576098120804160  0.90276172036288183  0.90783243150508663
  0.91189573766948329  0.91663782843503661  0.92240192456802972  0.92873064168260566
  0.93596027109944746  0.94299059582705524  0.94955855451293003  0.95606426191944327
  0.96323009346025346  0.97252944750989190  0.98569671429040373  1.00000000000000000
 -0.00179504610194565  0.00823972321466116  0.01663083753580190  0.02554859750639688
  0.03513891883438445  0.04484973131542073  0.05476307127722258  0.06442075346357430
  0.07465761208742258  0.08533523747431027  0.09602641940804336  0.10730762759322560
  0.12015773481656693  0.13167634267056036  0.14390380163780975  0.15432700488835896
  0.16400365077630191  0.17441991009632107  0.18612549520358035  0.20157315597059908
  0.21829208850291071  0.23255610147278835  0.24365080935284034  0.25347051103003060
  0.26260401879936662  0.27269015859409046  0.28253774458036385  0.29035373126363195
  0.29981172173259069  0.31000703875818142  0.32045665367736953  0.33149354568881206
  0.34326352620341455  0.35629873716415700  0.37094660095060034  0.38515303380561011
  0.39805753942966948  0.40930387585518652  0.41855266466851399  0.42688177112004844
  0.43572407505719785  0.44651916963807220  0.46057019516662984  0.47580417081123061
  0.49066471662729821  0.50472831213588776  0.51745589045624762  0.52876016679255444
  0.53753912237379886  0.54650993985327478  0.55664315839006295  0.56780378162362044
  0.57858138998283404  0.58868871035328807  0.59932402254411010  0.61021920359441351
  0.62302375729122117  0.64046270216990719  0.65603985339028048  0.66982081905188873
  0.68198303738545762  0.69143362876642722  0.69840916542041964  0.70505317084795494
  0.71175161892143846  0.71884989233808583  0.72750838932931061  0.73589357259045951
  0.74375809457046271  0.75197937533508419  0.76249970729211480  0.77387422224464408
  0.78345069885882590  0.79256089516279749  0.80296127255923699  0.81467631948915675
  0.82536258989961853  0.83529468133677953  0.84486068253929525  0.85461581930584352
  0.86681096261475510  0.88015784877840675  0.89115431215301200  0.90123427689745594
  0.91107710476313553  0.92130568236633636  0.93149408721239546  0.93917765322978786
  0.94479268207360534  0.95061026492252021  0.95631699437245543  0.96224249821026231
  0.96814040186229755  0.97939970422612588  0.98924855812692469  1.00000000000000000
 -0.00459537889053101  0.02007719209403046  0.03737424473388663  0.05574081681573255
  0.07591600443641759  0.09873624881045037  0.12241543582327344  0.14784291490365373
  0.17862880252290997  0.20943124807082222  0.23534302464264681  0.26010495008027451
  0.28719455092927348  0.31298503553363161  0.33264973579975454  0.34891927042069842
  0.36561007882827101  0.38595417680267019  0.41390790005553141  0.43358037486597528
  0.45115501460781787  0.46701408497852920  0.48411108518095397  0.50365743945250319
  0.52247444075225036  0.54414142061700543  0.56390333215373611  0.58182869719732322
  0.59825044790627135  0.61534354305900618  0.62832009948342571  0.63939334590172248
  0.65000605120658073  0.66045738967767942  0.67556757042515447  0.68602298253232219
  0.69602927696863970  0.70551467245178567  0.71454867105493125  0.72440376415967533
  0.73394544898189618  0.74260372216075743  0.75102951180517163  0.75865795951616699
  0.76751743823885576  0.77649967668082642  0.78508525929251927  0.79289144355797314
  0.80007513477053305  0.80828691102766903  0.81497316074460890  0.82195589135708469
  0.82804865266389882  0.83350645878614193  0.83824183803936847  0.84245919358436205
  0.84729861544260310  0.85184957047111665  0.85576958651064983  0.85942277895243679
  0.86273471031467175  0.86549314348233375  0.86805364046985856  0.87056129952647343
  0.87355470635336152  0.87682969883552730  0.88010173343913178  0.88313283676607168
  0.88612109008043727  0.88929132337028349  0.89193290245291745  0.89437513089019727
  0.89662742640181015  0.89891779879307654  0.90189424725628353  0.90516938212458498
  0.90846913146786901  0.91145431816583378  0.91420222788509997  0.91721212002314789
  0.92030561528034793  0.92388736088228141  0.92776596117574028  0.93169471519019698
  0.93583109398292552  0.93999565726398848  0.94434323341653870  0.94895672694755251
  0.95399640468202473  0.95961779947176507  0.96478464977886302  0.96896221112160630
  0.97347235150334732  0.97723391726212316  0.97915037090698087  1.00000000000000000
 -0.00158193680090977  0.00748535162936925  0.01498358462734793  0.02170058508080210
  0.02974092959034926  0.03677748564353697  0.04539119309082966  0.05495442775850069
  0.06589199813293548  0.08362583488815874  0.10563813862838570  0.12776938636640750
  0.14624879360251825  0.16195843299548107  0.17591604550143780  0.18927369227806823
  0.20407298669095078  0.21768584700073998  0.23162377140929036  0.24433856631987375
  0.25644696007446871  0.26684315191249292  0.27684745868205218  0.28646423578421865
  0.29615006372480573  0.30640886959755509  0.31830524705624685  0.33117958065370140
  0.34229389664587928  0.35206628807008239  0.36196187146461978  0.37227047922492279
  0.38431600617315315  0.39610121644632607  0.40615723558742867  0.41485537253962679
  0.42289308993211344  0.43093638017329106  0.43914552220577213  0.44765076740267168
  0.45669123193383238  0.46588370781140837  0.47495608388883476  0.48345538494190027
  0.49195497691416351  0.50114285751482335  0.51108340054102364  0.52293462966512627
  0.53291678519025931  0.54314473310557509  0.55036937912918182  0.55686629776068286
  0.56323712348625121  0.56961320447423569  0.57555669203524307  0.58268057351802638
  0.59011771726542117  0.59767750841862166  0.60564000339717938  0.61348343266574268
  0.62126126822659722  0.62763155038350105  0.63364577396708111  0.63970911467440961
  0.64637431830042369  0.65209104532072437  0.65754752579491060  0.66329064550786476
  0.66973315333591765  0.67875062904922578  0.68810220732715532  0.69911184289432482
  0.71030033705912199  0.72208216034006634  0.73179133587127099  0.74059688332562024
  0.74981138050558560  0.75897637536132301  0.76925528676173904  0.77926848945653293
  0.78952763774362011  0.80143393906882310  0.81321363316467454  0.82575349778645446
  0.84105663502871097  0.86032109264954826  0.87857736869567105  0.89557262377938196
  0.91527028886518713  0.92838950321204539  0.93852071099164613  0.94840198978945700
  0.95845027613342948  0.96974701970283095  0.98190653287548257  1.00000000000000000
  4.43673647160587850E-006  -1.0000000000000000     
 T T T T F F F F F F F F T T T T F F F F F F F F T T T T F F F F F F F F T T T T F F F F F F F F T T T T F F F F F F F F T T T T F F F F F F F F F F F F F F F F F F F F F F F F F F F F F F F F F F F F F F F F F F F F F F F F F F F F F F F F F F F F F F F F
  <DiscreteSampler_grid>
  grouped_processes
  1 # 1 for a reference and 2 for a running grid.
  10 # Attribute 'min_bin_probing_points' of the grid.
  1 # Attribute 'grid_mode' of the grid. 1=='default',2=='initialization'
  0.0000000000000000 # Attribute 'small_contrib_threshold' of the grid.
  0.5000000000000000 # Attribute 'damping_power' of the grid.
 # binID   n_entries weight   weight_sqr   abs_weight
    10   10   1.461861000109721E+005   1.086019202446540E+011   1.461861000109721E+005
  </DiscreteSampler_grid>
