 -0.00182106579252002  0.01123418113488633  0.02300756546633487  0.03572734262341871
  0.05017894049253453  0.06518037130791196  0.07817717188280429  0.08755767929812258
  0.09463992452261862  0.10231482015569053  0.11087659707575419  0.11872568009461212
  0.12618299888587145  0.13364068972464840  0.14163560550793225  0.15029239473273059
  0.16005752303962453  0.16853608397821002  0.17786445804038198  0.18764675878722800
  0.19916838094944481  0.20951165116033577  0.21978392054259660  0.22985453608902096
  0.23969166344681306  0.24997470269563479  0.26084926576628220  0.27169737303614189
  0.28560785972852226  0.29942447681007683  0.31249225762406035  0.32538657439668456
  0.33709256079716415  0.34939411545749738  0.36218789216638270  0.37462207754632798
  0.38740140936317680  0.39883364116830194  0.40694419218490624  0.41593915671440712
  0.42225411857643363  0.43032446638200428  0.43976245785080342  0.44722870178135349
  0.45430663705589047  0.46217231348923138  0.47071421047218387  0.47941944812178250
  0.48874743042785418  0.49679942132441690  0.50639163309778046  0.51639706982010380
  0.52671867980435816  0.53677639108658570  0.54698401176141032  0.55712924452464441
  0.56791767652470071  0.57953961932614484  0.59321722260382126  0.60688476289988069
  0.62079149787271248  0.63286348734360687  0.64337382038562563  0.65270619217720316
  0.66213816394052227  0.67177364806487461  0.68149074734794512  0.69137385519417172
  0.70083257205066252  0.70998501498168654  0.71923710467882018  0.72938028182313419
  0.74102775408264898  0.75290259382155056  0.76426368561790747  0.77586373759469962
  0.78832302050527336  0.79940330759409983  0.81023815103262375  0.82104745790140354
  0.83125407830240849  0.84058540608844989  0.84954733082441902  0.85889966408729290
  0.86882400050077413  0.87949070619392589  0.89021522934343877  0.90530241466648542
  0.91966959553371608  0.93352513504084322  0.94553287770892358  0.95587564398801894
  0.96710087091429886  0.97833415941631929  0.98895686949768991  1.00000000000000000
  0.00026912614701212  0.01211560270251160  0.01421762870059659  0.01608176561983011
  0.01792160588874704  0.02007034505753424  0.02215709816348843  0.02402037068491097
  0.02580488097401948  0.02756983517161340  0.02961566784128333  0.03198220270184751
  0.03425468031957678  0.03652562698417937  0.03872533752750208  0.04101874030070318
  0.04333963976715721  0.04565345337180843  0.04786533612038180  0.05012170142541000
  0.05249829962920672  0.05476235651436424  0.05744471093952241  0.05985346965666129
  0.06226750445624554  0.06468297110571251  0.06713844597025766  0.06981594275647458
  0.07272376704445106  0.07550911748027056  0.07817150234739004  0.08056536469802039
  0.08300588662108070  0.08573782528898932  0.08884368669165112  0.09199730908944398
  0.09505528651496534  0.09818105797672246  0.10153232351184087  0.10512120256792125
  0.10852898102161256  0.11162286344295240  0.11490314149218410  0.11880601150049679
  0.12308130946268582  0.12788248220306844  0.13353100561083578  0.13989480738208487
  0.14604841735871968  0.15233988652541347  0.15908667976126256  0.16646388360946415
  0.17313213414095269  0.17889612000358693  0.18323780409455664  0.18756499906071730
  0.19188514749099969  0.19684167213010037  0.20205473121568873  0.20762802348996107
  0.21357327314735572  0.21981715423694093  0.22675772384227452  0.23374913856896434
  0.24060123838772746  0.24702698188685029  0.25348565177941534  0.25950053720830052
  0.26511668563888041  0.27064235284514637  0.27777694802139108  0.28580333549938097
  0.29401141264694630  0.30283498670155518  0.31216619992836464  0.32162705508623296
  0.33044742152256001  0.33909221144327167  0.34812388026406577  0.35806686454385678
  0.37082521635933824  0.38485257566020431  0.39927160567334086  0.41412786165968052
  0.43218800698476922  0.45130928784450258  0.46945360859758162  0.48923402025259166
  0.51161058880894672  0.53436442831961739  0.55980532681301276  0.59349582128507361
  0.64783002864065886  0.71304106411032164  0.80724746540873060  1.00000000000000000
 -0.00000555726233698  0.00022345127799840  0.00109547693297440  0.00261683997650177
  0.00491322086237723  0.00818274811210151  0.01230704150598903  0.01707942420590540
  0.02280353826744433  0.02864728101870423  0.03499434326937912  0.04255150970764477
  0.05083471689226850  0.05953539153752198  0.06790178870740496  0.07665550026359449
  0.08571307954900871  0.09462165550363368  0.10261977995549504  0.11066747236283127
  0.12036764891107234  0.13098430649558052  0.14000492910917089  0.14916240662882671
  0.15823988422512783  0.16834379050006190  0.17853316311496950  0.18932952570180911
  0.20020999261813066  0.21178925157437195  0.22227965451103279  0.23290920040624558
  0.24367740243323016  0.25491281268045396  0.26692777159150555  0.27810792091315678
  0.29000374083460295  0.30085545539345515  0.31206072592974377  0.32375255140138715
  0.33560387750946374  0.34732902077951733  0.35951279812681525  0.37141706428513099
  0.38266132562486854  0.39305809430320265  0.40282638758748363  0.41256991213413197
  0.42284046394925451  0.43368462792637680  0.44522938113032784  0.45743775030786782
  0.47122554150429441  0.48496589028331721  0.49722776073728514  0.50888804457689141
  0.52071039904032324  0.53370861036109751  0.54828706859918219  0.56271982582422719
  0.57667191535206264  0.59152314160482711  0.60697405475268806  0.62258667821764724
  0.63802713667921196  0.65235682250831828  0.66662741875109077  0.68003360066462337
  0.69144683951834818  0.70332316488522506  0.71595356978389835  0.72827340020144782
  0.74011421690728985  0.75185083832430988  0.76348554046759143  0.77566448155621892
  0.78828146929127385  0.80127380363047707  0.81495034466626493  0.82936196975865917
  0.84258824250220710  0.85475668981674469  0.86656017018981035  0.87533697923769527
  0.88484610026776533  0.89498836829686357  0.90546259308973143  0.91587662075568799
  0.92651404240708912  0.93778132645858037  0.94880812202311093  0.95870080361485399
  0.96848101083608829  0.97850297904665318  0.98894744705077042  1.00000000000000000
 -0.00214601432601996  0.00984225342288787  0.01880119373401516  0.02724225778792064
  0.03614873056494868  0.04500240167043158  0.05456703152573446  0.06506140516907354
  0.07702275543905653  0.08941813235877907  0.10135296390477470  0.11264944906357477
  0.12373020422861908  0.13199544118612933  0.13922717583387459  0.14598988545590144
  0.15331786242668452  0.16117086086814950  0.16925661425723018  0.17740111061289068
  0.18421256353069784  0.19246099043619816  0.20324586867900371  0.21271357751144407
  0.22188162453357221  0.23075460764457195  0.24046987591642119  0.25046999147388627
  0.26083505664328355  0.27182486812781792  0.28339171897941351  0.29465304856671359
  0.30573594449663216  0.31724116359591448  0.32747943846246158  0.33758161248288687
  0.34829315519821147  0.35740961420632128  0.36689584828667821  0.37820032114130286
  0.39056276407442114  0.40216770919284855  0.41378962095422533  0.42538007414041801
  0.43597152888612023  0.44545048883356964  0.45538512701980566  0.46668701899027143
  0.47894475578078549  0.49170997624928747  0.50377362108709423  0.51545072876501419
  0.52753544814733844  0.53976080171821161  0.55172361510382140  0.56337075446468710
  0.57437421686618972  0.58625409958034747  0.59808216480458665  0.60896598962519866
  0.61913441213278397  0.62984516359650233  0.64018610924256947  0.64981617199115271
  0.65884262930134718  0.66929362089164612  0.68347238519154752  0.69495294507193073
  0.70387831462718076  0.71265487194152000  0.72053738524525623  0.72879626634169803
  0.73844501038557764  0.74735599822247256  0.75720850400230333  0.76833213414327073
  0.77971385433004337  0.79144343209717549  0.80491584299573304  0.81723436811903993
  0.82738776819575199  0.83662322605912876  0.84602015045886314  0.85710094388112945
  0.87046454250837213  0.88377110019780325  0.89738768947027048  0.90987526897989612
  0.92176716175501594  0.93324278570755870  0.94442498596301405  0.95596368631301465
  0.96716334061979703  0.97767849414043151  0.98872743934449225  1.00000000000000000
 -0.00204450696337928  0.00850708832582930  0.01821514860641185  0.02838099542381481
  0.03876769193258287  0.04880953400004665  0.05908267495187744  0.06848028316590345
  0.07721713647191658  0.08552447414177368  0.09372878256289524  0.10242954474869195
  0.11288477908194132  0.12430225011000398  0.13571316974145781  0.14678013672795448
  0.15778118637908281  0.16966881285797836  0.18352737537553562  0.19681104701111285
  0.20901120117628749  0.21934889354094514  0.22970712429980408  0.23960062223653428
  0.24867832484791938  0.25893512805555002  0.26980853375194641  0.28267373944547425
  0.29535107280093348  0.30750885409768070  0.31992758965519486  0.33287596866104896
  0.34648072961637871  0.35951302174130584  0.36944126280428075  0.37983151056707043
  0.38975563730592944  0.40084812164384076  0.41192943115213676  0.42206781548062733
  0.43230556356169109  0.44298541896416810  0.45523957528952441  0.46673758721383601
  0.47842944475106863  0.48944542819393883  0.50204476724400771  0.51609642071276873
  0.53172809278254229  0.54541232006884333  0.55644995993493518  0.56669230483800148
  0.57730756236503367  0.58802917729771842  0.59856665574941859  0.60885663091486730
  0.61952166328257630  0.63226255604367132  0.64663827722690470  0.66044459339169725
  0.67365045428602954  0.68662210100993082  0.69976306908921360  0.71082585451870794
  0.71969263836551445  0.72891319887325667  0.73825323215759864  0.74680038460598097
  0.75475701933724837  0.76259600293876972  0.77142387284115554  0.78212037574226712
  0.79330834749144485  0.80316091730320827  0.81251858403951194  0.82122155155915755
  0.82977730137801531  0.83839189474680342  0.84771918426410087  0.85773680905297767
  0.86614449727320664  0.87344149021930739  0.88070180325546843  0.88823969949147930
  0.89552962703302885  0.90322133560127660  0.91092216165085926  0.91917075079885702
  0.92825222968045018  0.93790410616108222  0.94738915491487030  0.95609498309939334
  0.96519492917762184  0.97490291532525086  0.98611578917874454  1.00000000000000000
 -0.00386242946476067  0.01373532300416016  0.02943342236710735  0.04448644825180020
  0.05826773265616503  0.06746073470230285  0.07556563663253420  0.08482887505701571
  0.09510723734653395  0.10428770509439554  0.11289966422538722  0.12154624866787322
  0.13168656233529727  0.14297930126144953  0.15402034630543845  0.16465912874788796
  0.17552756664851638  0.18730918566418578  0.20141920620448353  0.21632144229758538
  0.23036871930670025  0.24449509439760644  0.25902797347035544  0.27198054068841326
  0.28418531242500616  0.29520878652455179  0.30915743307925087  0.31921552993775121
  0.32799097521628429  0.33650003625920388  0.34497364846801110  0.35343821740256448
  0.36168767766224363  0.36904802628881317  0.37710713469463186  0.38710931846174101
  0.39773082778794677  0.40712970389521397  0.41637777393289233  0.42537890755658664
  0.43671613502290835  0.45057284003410653  0.46381397770451105  0.47289952335410695
  0.48081289789488341  0.48695489907257133  0.49311630004383317  0.49981881674905548
  0.50799220457928596  0.51684204344919427  0.52612622111410645  0.53621035467462452
  0.54663662553966419  0.55794555781465416  0.57021860342654140  0.58137344471470709
  0.59338203796252809  0.60640599375718385  0.62010501941888507  0.63366022815948975
  0.64718571650134948  0.65916701925981558  0.66915227027705726  0.67729092024800774
  0.68502340496681968  0.69526431739284966  0.70562013829118231  0.71611392228977200
  0.72677101703301572  0.73894189199934524  0.75137367246721509  0.76229879263604594
  0.77147934620267467  0.77990824243038970  0.78832643307520034  0.79820967881491045
  0.80890557125253726  0.81888938848636594  0.82849381788850940  0.83780125306551123
  0.84724754988171969  0.85677108795053492  0.86599829316621413  0.87609806997413098
  0.88492613129136943  0.89391607683557939  0.90324599506621905  0.91365991977094752
  0.92573820063080658  0.93737130466914431  0.94800123519034285  0.95909838755657051
  0.97013777863733242  0.98074720155504824  0.99087167904174900  1.00000000000000000
 -0.00281844784288165  0.01215875036383825  0.02585840240398850  0.03816308081224569
  0.05191418545212186  0.06526040188159007  0.07830412823431820  0.08927441691517894
  0.10006541933369983  0.11098970867697457  0.12412998799544696  0.13701368080580831
  0.14962050075355912  0.16165518647927621  0.17373340558266481  0.18454242552081709
  0.19521314431103029  0.20576341491413341  0.21430197138859888  0.22352114401985690
  0.23209520260426664  0.24049498198810648  0.24964045813389721  0.25804111962023968
  0.26646105107994672  0.27623165114682169  0.28810296110482786  0.30060121849158877
  0.31334124030624200  0.32613588804628973  0.33964449245436579  0.35350337011338662
  0.36664676937128371  0.37789880734603060  0.38823019295229921  0.39736786697294452
  0.40321879351829781  0.41010542142145229  0.41688131328855776  0.42339107123975989
  0.43021658724990652  0.43731264726216262  0.44387640035139764  0.44947658476647628
  0.45424406121793898  0.45991992739256687  0.46760276007643120  0.47601277558026206
  0.48543961729063051  0.49612899840380564  0.50722096111583714  0.51931939275437833
  0.53238673833423478  0.54605901374808830  0.55760829370222331  0.56905159678582706
  0.57929715195173070  0.59007640496318325  0.60108247270920501  0.61277280802557343
  0.62468281762943201  0.63573209860969271  0.64574788505547165  0.65824864006029737
  0.66910223649714262  0.67969084977996996  0.69057452906103023  0.70090236556620000
  0.71153296858998427  0.72041376290469239  0.72914723323583697  0.73672037046092043
  0.74480397529082243  0.75308602887326481  0.76156512674236143  0.77021175096107375
  0.77741043113477171  0.78486526288552727  0.79454154644140063  0.80750185567920241
  0.81972336029323822  0.83058235066318675  0.84143866597159978  0.85317258027211440
  0.86571424081297077  0.87788533028336302  0.88930903079019619  0.89945576489189460
  0.90868915393257377  0.91783059858303861  0.92685417996367858  0.93710812152700007
  0.94994629006556608  0.96583419246222313  0.98181305454649492  1.00000000000000000
 -0.00299661861508184  0.01005728339092490  0.02161152866129981  0.03343515064369020
  0.04533203881472320  0.05487438024096690  0.06394470119072698  0.07347344598102612
  0.08443793828426907  0.09594875313328712  0.10656794209073214  0.11412480578338903
  0.12091911289223867  0.12771554694610118  0.13486579451035313  0.14302309097309118
  0.15059226362278177  0.15828298572476207  0.16761892528965985  0.17880012747314955
  0.19076585821967210  0.20256738336342686  0.21481952962730988  0.22626411223886730
  0.23696669525065484  0.24711469427827432  0.25664748986196972  0.26732912604710768
  0.27804165058614644  0.28911010907893608  0.30050780629050250  0.31227256444856732
  0.32412370993928641  0.33637124083243514  0.34913288223779881  0.36158064842791804
  0.37283148905406133  0.38265415797416402  0.39159128790816466  0.39981698726586101
  0.40942333485133375  0.42002573619063727  0.43208760987565487  0.44475195878596357
  0.45673547034644896  0.46815862910480327  0.47932422133196012  0.49022828669627661
  0.50019753248259402  0.50961431530201062  0.51906170838489585  0.52789410674982895
  0.53560319805351508  0.54374005009303894  0.55246114379554334  0.56211995727623609
  0.57385983151743580  0.58694855239569776  0.59962191499614803  0.60985495325263084
  0.61841538170191934  0.62690814765999037  0.63616819411392345  0.64688901997256953
  0.65893386896840256  0.67072738046828140  0.68236525845993345  0.69423330123971394
  0.70734147300424721  0.72272082481978261  0.73957863442579364  0.75265758900715496
  0.76247750869102759  0.77269112288316033  0.78054799912700223  0.78802885552670210
  0.79625329740267603  0.80489119114220364  0.81428940077603607  0.82556300349161471
  0.83729681861040139  0.84948081737795300  0.86033694177262388  0.87125097990054479
  0.88250537061214385  0.89330936578434306  0.90407655364670680  0.91485519353274847
  0.92462320460327474  0.93462514956481280  0.94485575238197184  0.95408149641998852
  0.96340272182139775  0.97411040985619868  0.98510942107125565  1.00000000000000000
  1.54442085331922267E-010  -1.0000000000000000     
 T T T T F F F F F F F F T T T T F F F F F F F F T T T T F F F F F F F F T T T T F F F F F F F F T T T T F F F F F F F F T T T T F F F F F F F F F F F F F F F F F F F F F F F F F F F F F F F F F F F F F F F F F F F F F F F F F F F F F F F F F F F F F F F F
  <DiscreteSampler_grid>
  grouped_processes
  1 # 1 for a reference and 2 for a running grid.
  10 # Attribute 'min_bin_probing_points' of the grid.
  1 # Attribute 'grid_mode' of the grid. 1=='default',2=='initialization'
  0.0000000000000000 # Attribute 'small_contrib_threshold' of the grid.
  0.5000000000000000 # Attribute 'damping_power' of the grid.
 # binID   n_entries weight   weight_sqr   abs_weight
    10   10   1.528803133541121E-002   1.438353367878942E-003   1.528803133541121E-002
    16   10   1.183538848147695E-002   5.533325807240484E-004   1.183538848147695E-002
  </DiscreteSampler_grid>
