  0.02439496681585482  0.03224126620638557  0.04192405799044276  0.05134769222654605
  0.06026606817221368  0.06843188766500674  0.07663799964309696  0.08586859820832318
  0.09589995085131198  0.10491624331669691  0.11396075092481212  0.12400447249359789
  0.13613496997036345  0.14815573901891541  0.15880994046000249  0.16967495675976144
  0.18109941981813338  0.19244064063786859  0.20353679349987724  0.21562741368342309
  0.22874242947846607  0.24170561777706828  0.25407318724301259  0.26557682446582942
  0.27603809799438572  0.28628223984164319  0.29545436885363863  0.30503550717521088
  0.31435575102395635  0.32510160433574303  0.33601091670718086  0.34680947909407073
  0.35839624079390175  0.37086877019937570  0.38297711880255725  0.39363188686219480
  0.40393737882077230  0.41384552607751290  0.42378319110159057  0.43405489412878290
  0.44461120271902693  0.45492280610686453  0.46447651290297687  0.47409119865070559
  0.48377616904999254  0.49449845830660522  0.50475302700990810  0.51482099192609565
  0.52490910249777711  0.53511952032775745  0.54598848207517203  0.55731486895417437
  0.56842940065822767  0.57860342034165968  0.58836917196782590  0.59884354992143551
  0.61026494704257483  0.62189075940543892  0.63270501453216788  0.64411891101831420
  0.65485768282146506  0.66453439736610298  0.67211498267392822  0.67919179811954566
  0.68632815429082328  0.69482598805273510  0.70353503735573764  0.71313528690808825
  0.72322768152447547  0.73380751339804240  0.74467767547307362  0.75501478818466461
  0.76388741227019730  0.77366446149497081  0.78239031090584643  0.79117093733744559
  0.80011402475298576  0.80954129822762244  0.81959642220401097  0.82968886285480570
  0.83881346700899750  0.84721273769304251  0.85570589164868582  0.86735083974054417
  0.87870128515539925  0.88997869487158154  0.90054761534979111  0.91063147419451629
  0.92042734906088097  0.93031144070897787  0.94036638322627253  0.95060886734471972
  0.95989118223156411  0.96738387803861836  0.97088307712242239  1.00000000000000000
  0.00686396294036856  0.01258917765103628  0.01439741949312682  0.01595508173541399
  0.01786830966885324  0.01992043223523159  0.02180762773047588  0.02351614463234438
  0.02518799462581520  0.02703157985154550  0.02910010795297728  0.03118189982891948
  0.03310549786957306  0.03495192133552944  0.03687724072411896  0.03886112271099546
  0.04099155683494465  0.04316027505165820  0.04529749643142847  0.04734814885254784
  0.04949386815868576  0.05169982430984393  0.05389523576773111  0.05601910176676012
  0.05801210042722543  0.06009547782828272  0.06219415323346469  0.06435214110407349
  0.06675906928611061  0.06925116920037080  0.07172079552690841  0.07405370090699236
  0.07645719261928439  0.07921033120549753  0.08205983689394260  0.08516584011879694
  0.08827258197276354  0.09158677379231932  0.09522561810011054  0.09880948222797888
  0.10235152616908942  0.10578259669478421  0.10953120763332082  0.11367953274159959
  0.11847714462358444  0.12308669133811381  0.12766742484183041  0.13185389357182725
  0.13578915125940741  0.13946749648247206  0.14319204782999545  0.14781795126260330
  0.15378368576529564  0.16081464845257512  0.16843951479238348  0.17639532957563969
  0.18339984908580653  0.18962309404940642  0.19591449157139659  0.20251857510818488
  0.20957749889226956  0.21772505210448645  0.22691232915397325  0.23665703206859939
  0.24684873903798651  0.25765253150981332  0.26813700560089260  0.27823750986163176
  0.28828688943493475  0.29834400068430705  0.30809536021912304  0.31623641444948480
  0.32450338019199904  0.33256182178135024  0.34152416551469161  0.35131298675501049
  0.36127594863054147  0.37215748324998943  0.38375441941954691  0.39842567304058124
  0.41552731882060823  0.43287727572632706  0.44715513181331479  0.46162084357967564
  0.47682252055069463  0.49351004099032220  0.51354527853365683  0.53672067422618674
  0.56315304464904936  0.59507546426372371  0.62796044532301976  0.65899834713043248
  0.69300664273019141  0.74000208845834703  0.82401774411359063  1.00000000000000000
 -0.00071787765839574  0.00403049831384803  0.00632726395657441  0.00914310073580676
  0.01246237382726762  0.01604871025861339  0.01976202555063305  0.02377073125328114
  0.02818186010919309  0.03277501659014220  0.03765578791345553  0.04328556162944239
  0.04955937187503770  0.05614284260723602  0.06255823659400191  0.06891263845823062
  0.07626522464703582  0.08320989055008046  0.08942283581800664  0.09614840791628036
  0.10397411851860512  0.11199842874202319  0.11965532221246247  0.12783213097041099
  0.13657207383320491  0.14550549627324258  0.15412060647829501  0.16284010213648312
  0.17253511099317131  0.18316854828815526  0.19368963487671526  0.20431298770711781
  0.21493464785954733  0.22586477461559812  0.23633031470592986  0.24626698443258907
  0.25697560531416141  0.26616494121839629  0.27606034998793910  0.28627354838333519
  0.29664985540060185  0.30705049171751314  0.31587459932872985  0.32440349637684718
  0.33356501153942580  0.34328593388910161  0.35266850502155395  0.36161740534063180
  0.37182113921411064  0.38287040337202272  0.39314003047641677  0.40409404128499438
  0.41624043805286826  0.42993230645912017  0.44373086406785245  0.45692532685160675
  0.47033665150602599  0.48334610733505112  0.49588976103498639  0.50757670082677975
  0.51838402549081175  0.52936646362230488  0.54042026967409051  0.55237362248004873
  0.56495675728079564  0.57842962086455385  0.59310907894694465  0.60775241941260949
  0.62316499875211928  0.63912716257205382  0.65525749385613363  0.67088264867034630
  0.68478355140708025  0.69871460226988136  0.71244523903075141  0.72565976130906440
  0.73831106831395577  0.75045098845445823  0.76210054833197749  0.77513775881633651
  0.78860128972303856  0.80251624128415955  0.81633767730540019  0.82984005770009139
  0.84330531299034406  0.85643123436381519  0.86900624948699345  0.88264445498096489
  0.89788821920189765  0.91314445242415865  0.92801072645198879  0.94227449710766165
  0.95609387985775063  0.97023776971578535  0.98460903109247322  1.00000000000000000
 -0.00255543951111877  0.01322140017911998  0.02622492832966548  0.03838090392269097
  0.04954422942689828  0.06121183063552039  0.07289574743810522  0.08512299021982390
  0.09738910724414314  0.10965315944871076  0.12211186199182261  0.13474275540802069
  0.14711222535296645  0.15935350028728834  0.17091146008903532  0.18230556156535990
  0.19296568931898175  0.20348547499222816  0.21337014887777997  0.22409641335034075
  0.23486808472506338  0.24551616127461617  0.25612690653007314  0.26681703318903205
  0.27718495460999615  0.28652531259711383  0.29621183562707837  0.30601044235409275
  0.31568030304340849  0.32539268210075606  0.33560221287692493  0.34668368479228034
  0.35760578311919594  0.36792643462334651  0.37773629123136376  0.38672374644050844
  0.39498710036331808  0.40349124608760328  0.41272733870233086  0.42387385111149761
  0.43568955854044594  0.44726109832574190  0.45854332769602291  0.46939727597741637
  0.47997804826971863  0.49084901316237667  0.50244739434710806  0.51388571052905108
  0.52487322781922752  0.53577225085050251  0.54571105195221870  0.55404482374655617
  0.56282300877087932  0.57040777126442332  0.57743207526796314  0.58465964440300344
  0.59266066007217022  0.60259208927527796  0.61428149080413186  0.62587863509383534
  0.63659158681612160  0.64681160421144945  0.65638441203707898  0.66582238343268763
  0.67520897427653948  0.68487091115126997  0.69496310729626565  0.70622039826824001
  0.71829834723725905  0.72964042741221591  0.74070286955927389  0.75113816079095741
  0.76114019115976983  0.77144893615949917  0.78184290229991060  0.79209314988579616
  0.80267112466997637  0.81261317198544614  0.82154684070054729  0.83055915763139510
  0.84071962724468763  0.85060504766015488  0.86011497661886305  0.86937845045204976
  0.87840547230741028  0.88776705551952040  0.89719843486510809  0.90740464090634987
  0.91875795284793371  0.93146795972065366  0.94343464019103540  0.95447036959111553
  0.96534523018752494  0.97687982807508023  0.98830109489803675  1.00000000000000000
 -0.00157305133484544  0.00680312870806583  0.01401212040904787  0.02127488703039274
  0.02912107716930900  0.03685367715503501  0.04404398218547078  0.05121125725076980
  0.05801367984155986  0.06465014726574307  0.07177782829792623  0.08008659195853267
  0.08987477341249731  0.09941594671887495  0.10773322694289858  0.11531819009149054
  0.12298279931760009  0.13087473098269775  0.13890755936639798  0.14722056249249177
  0.15597091881283789  0.16510315380655144  0.17555784129536137  0.18637946464713165
  0.19727008330632986  0.20859344427034465  0.22014166959673867  0.23110558296134737
  0.24128149065869203  0.25139566828455950  0.26126721164339173  0.27214181213664618
  0.28374969151801721  0.29569288062075499  0.30770693627277285  0.31910789121057770
  0.33237020365276054  0.34565523973159984  0.35908858863851528  0.37282149586983832
  0.38681830028150427  0.40117316012442655  0.41614988167419281  0.43127692900172110
  0.44542517100956103  0.45861778674622750  0.47104617818351679  0.48463076171232911
  0.49846315129204266  0.51055982952805590  0.52268347626805955  0.53668213561935207
  0.54966350233318029  0.56300448823344829  0.57677656642024799  0.58894418943733617
  0.60019415674633902  0.61137820090562112  0.62384038816567577  0.63611549968715764
  0.64773711266496126  0.65945025433784155  0.67135889217665046  0.68320263638037848
  0.69424021445152406  0.70496138427294230  0.71678205872890022  0.72775372231696078
  0.73798326773764600  0.74812366666403329  0.75960180552774326  0.77234553175555920
  0.78512877628580324  0.79681758980294026  0.80801472975516175  0.81971419700863313
  0.83198045287364930  0.84370549601130751  0.85438516329212078  0.86436058659501136
  0.87341345279828786  0.88183990810186907  0.89004800981738097  0.89858435994050678
  0.90778382656820589  0.91690680287381832  0.92631068111744763  0.93543432105261870
  0.94398767908375669  0.95130705413295147  0.95853319531097059  0.96636543442351752
  0.97497592811650857  0.98369644145627633  0.99196920052074999  1.00000000000000000
 -0.00186700684479662  0.00944427310302005  0.01908264095624585  0.02873952982206860
  0.03908051097200194  0.05119029844246149  0.06368434261896429  0.07491621637301843
  0.08595245102464324  0.09624809292307214  0.10709413596009981  0.11738772093948177
  0.12762140549186138  0.13723681812095256  0.14649712612264823  0.15625453480880516
  0.16654091423913628  0.17671997301830669  0.18661511336019485  0.19637947407836426
  0.20645322949067935  0.21685285396651832  0.22740207857242600  0.23897177828790675
  0.25093496921435954  0.26302419772729263  0.27370577631146753  0.28416504480533206
  0.29475863244539618  0.30666669460471752  0.31742304210669198  0.32687726168903658
  0.33516637733221943  0.34399672041180074  0.35369451272237568  0.36453933849009373
  0.37474808789349223  0.38604856314202979  0.39828383486246310  0.41060773216993435
  0.42202207056685875  0.43222888374604262  0.44350995958407458  0.45426358239718428
  0.46571519182493798  0.47673848702588284  0.48871494009982103  0.50128542399661247
  0.51407934384561671  0.52614883182223193  0.53703223837495495  0.54830895678393132
  0.56063633451862338  0.57347443138374499  0.58534252051940105  0.59689510028571136
  0.60831255030471731  0.61949052423193884  0.63276259388443712  0.64689491187973081
  0.65904494703862870  0.66943611614648246  0.67849315535039889  0.68687904911557462
  0.69521590884917484  0.70448084532063471  0.71523260417181866  0.72582232604308761
  0.73529710878141152  0.74453003962324982  0.75499839933145640  0.76579939667043984
  0.77543534464841024  0.78383052389862429  0.79192664727807505  0.79948412950677461
  0.80696866317563865  0.81535534439806678  0.82496985577232718  0.83480684697845320
  0.84449875979129285  0.85426933450113485  0.86345402589729170  0.87262819568575567
  0.88202963650831656  0.89066961598484518  0.89969351477411386  0.90926011312971933
  0.91939022833133621  0.92950688892812217  0.94029128862504874  0.95043679830059247
  0.96074922372806248  0.97111470717103587  0.98435613407419442  1.00000000000000000
 -0.00298737356785857  0.01119000556927750  0.02297739538904881  0.03411902181841080
  0.04464029925594971  0.05492869146887011  0.06467264630240337  0.07365576689062679
  0.08240481950481753  0.09123081569498691  0.10023365372053200  0.10936100035298957
  0.11807431196234558  0.12683945117321246  0.13686420328398313  0.14707906283835961
  0.15689102902893598  0.16586740178136478  0.17511449773717463  0.18524017851804506
  0.19695256806823747  0.20888782753391202  0.22121228601448220  0.23250093498226262
  0.24250177847187043  0.25194914337116364  0.26104031267516264  0.27056903377697128
  0.28103977922383444  0.29245282441777015  0.30487577941716315  0.31694309826897932
  0.32718312411101808  0.33791617424511605  0.34820182846781361  0.35886315737722080
  0.36950969733838585  0.37963766379605685  0.38913932771572113  0.39820046899633477
  0.40749814681535274  0.41706194984350109  0.42752430828721999  0.43817229092067261
  0.44968783069622009  0.46190009992447284  0.47331274011026275  0.48440984207722387
  0.49558540361556230  0.50744874195442569  0.52036526144130613  0.53376608193163955
  0.54726605917784077  0.56002554049154663  0.57169932183371430  0.58392089276741210
  0.59585688867616571  0.60683853706028335  0.61680508272967205  0.62694000708365627
  0.63677582247164788  0.64741282697275626  0.65814996598708497  0.67085925359406140
  0.68506875102273768  0.70041897238499740  0.71512670925289257  0.72767096169870960
  0.73854346492933720  0.74874465828182668  0.75873726331572888  0.76878532758751195
  0.77970523134353853  0.79134294965488772  0.80310341960635312  0.81362516027271459
  0.82279133693294004  0.83134551717960214  0.83955511313090014  0.84747626052159741
  0.85533867503242456  0.86300463505972713  0.87067088037466978  0.87916822056092003
  0.88807452662312980  0.89685427961422870  0.90566988346060306  0.91498390954112208
  0.92459261771326273  0.93436822598623814  0.94372089428648265  0.95227105952877777
  0.96150192800647272  0.97266663127661290  0.98612707747657047  1.00000000000000000
 -0.00191086209507627  0.00920016809215758  0.01773465515738126  0.02679117827866549
  0.03628847589625581  0.04591525838707532  0.05528553896519255  0.06492601093713106
  0.07541430176543829  0.08676475320258507  0.09837704505742099  0.11041182578467212
  0.12128271986647386  0.13204565017310166  0.14323079129547112  0.15540124138089109
  0.16689572268952918  0.17791168743993743  0.18826245843959277  0.19858158019347813
  0.20865400257761504  0.21908226278840764  0.22872966342496989  0.23864757702020387
  0.24920731601285914  0.26015469507673172  0.27210957757422222  0.28388714436191026
  0.29561829869092388  0.30679822328449996  0.31806362475273309  0.32918326849503121
  0.33941777622696395  0.34967051197744370  0.35963805169501201  0.37016899997415592
  0.38063034673110130  0.39055300443359542  0.40042035646679303  0.41002636714040741
  0.41944151898349147  0.42852704695998178  0.43833682773363614  0.44919918339386511
  0.46147204237820982  0.47337152686356893  0.48458887934734529  0.49481406526932326
  0.50451612548946123  0.51454211232514147  0.52408826232784778  0.53426494294528692
  0.54411259968498926  0.55376900306606602  0.56384246510029901  0.57393465315372549
  0.58460158847378862  0.59614198182069034  0.60804548978845008  0.61884830707249516
  0.62981951850999340  0.64045905450188789  0.65095301241928172  0.66136099113495639
  0.67180023089085072  0.68248194736460477  0.69299478867957776  0.70322219028008326
  0.71312148985314072  0.72280940540332694  0.73292209136683606  0.74647571290828629
  0.75918591142664948  0.77139707749381548  0.78235331830924892  0.79251501612748931
  0.80175211357091580  0.81077650498642950  0.81998402548792959  0.82967681239084157
  0.83912837440685739  0.84928357465051574  0.85947829248486529  0.87013076385370181
  0.88084875929339446  0.88997981362846479  0.89900969688542753  0.90808257130023895
  0.91737814435796083  0.92916026716290812  0.94000150046624953  0.95123553589977872
  0.96290388968869434  0.97495074391767078  0.98684812413290945  1.00000000000000000
  8.23468540786708589E-012  -1.0000000000000000     
 T T T T F F F F F F F F T T T T F F F F F F F F T T T T F F F F F F F F T T T T F F F F F F F F T T T T F F F F F F F F T T T T F F F F F F F F F F F F F F F F F F F F F F F F F F F F F F F F F F F F F F F F F F F F F F F F F F F F F F F F F F F F F F F F
  <DiscreteSampler_grid>
  grouped_processes
  1 # 1 for a reference and 2 for a running grid.
  10 # Attribute 'min_bin_probing_points' of the grid.
  1 # Attribute 'grid_mode' of the grid. 1=='default',2=='initialization'
  0.0000000000000000 # Attribute 'small_contrib_threshold' of the grid.
  0.5000000000000000 # Attribute 'damping_power' of the grid.
 # binID   n_entries weight   weight_sqr   abs_weight
    10   10   2.287763023268501E-004   1.390983947042062E-007   2.287763023268501E-004
    16   10   2.863553965367665E-004   2.995662311875482E-007   2.863553965367665E-004
  </DiscreteSampler_grid>
