  0.00001302117046780  0.00001552433450884  0.00001652039910148  0.00001756685214810
  0.00001850184108154  0.00001954903532822  0.00002044824617630  0.00002131703407500
  0.00002222932428820  0.00002316463897910  0.00002433250022893  0.00002549545596904
  0.00002672557957671  0.00002790180892981  0.00002900952870813  0.00003011066286830
  0.00003120075618010  0.00003233569554364  0.00003354685231068  0.00003475048123345
  0.00003590857704905  0.00003706248307972  0.00003828223610148  0.00003953130561264
  0.00004092941196326  0.00004256863582485  0.00004419940138823  0.00004561204780375
  0.00004701726423328  0.00004878925264849  0.00005068500021869  0.00005254932967585
  0.00005447194312711  0.00005658705341125  0.00005873121509556  0.00006108285567324
  0.00006363940093706  0.00006627028131109  0.00006882725449242  0.00007116972426070
  0.00007362424669537  0.00007616371339390  0.00007880342208045  0.00008169927240472
  0.00008505122320260  0.00008879172274512  0.00009289116539923  0.00009716558826712
  0.00010166812400509  0.00010653510513501  0.00011147443206198  0.00011670614207229
  0.00012240329953613  0.00012826809042064  0.00013445894987851  0.00014071126929715
  0.00014718314544110  0.00015391723737628  0.00016076465099331  0.00016771882938620
  0.00017495465753653  0.00018269474337849  0.00019123440807349  0.00020047552302544
  0.00021082196049101  0.00022242385485846  0.00023499777140197  0.00024880840090505
  0.00026390695326851  0.00027970308480579  0.00029682423442754  0.00031664688259653
  0.00033926150881142  0.00036347851866186  0.00038842125444813  0.00041404996228652
  0.00044149297292853  0.00047158900799040  0.00050673688322133  0.00054855735431752
  0.00059738169841642  0.00065264445815903  0.00071844277863216  0.00079758702007630
  0.00089173315945713  0.00100745526559341  0.00115138614636609  0.00132962734082715
  0.00155567492502743  0.00185523599888719  0.00226906540979297  0.00289940299546205
  0.00398707284972834  0.00742533442291957  0.02416754804328764  1.00000000000000000
  0.00003089812528563  0.00004690461729946  0.00005880136186806  0.00007090741651008
  0.00008366133134507  0.00009841550172846  0.00011769088918117  0.00013554675573570
  0.00015432067580550  0.00017373687512020  0.00019584590414427  0.00021878475782485
  0.00024328242041377  0.00027074496146901  0.00030178273986073  0.00033558451259822
  0.00037106281321384  0.00040999553426209  0.00045361161646178  0.00050051099830777
  0.00055380597125436  0.00061479342045370  0.00068241883391776  0.00075813869272087
  0.00084324528057751  0.00093735553359817  0.00104342329391770  0.00115862106039869
  0.00128003452884262  0.00141622164994599  0.00156782173706800  0.00173644395645692
  0.00192565263873506  0.00213928330244923  0.00237189597439366  0.00262532095739257
  0.00290689557714344  0.00323136391905652  0.00360538660390741  0.00403200852219058
  0.00450341456114220  0.00501195709286433  0.00556217225909370  0.00615662477007226
  0.00677434023170076  0.00747230382135688  0.00822363416860943  0.00904636794722872
  0.00996970547236457  0.01099050100254338  0.01211691335479541  0.01343588661490762
  0.01494175185545626  0.01653771478057552  0.01819634341015454  0.01993211601373576
  0.02177000039996035  0.02391337524001994  0.02669892055876202  0.03001279143020362
  0.03369737506970374  0.03773897235911037  0.04203586680424935  0.04644970258667312
  0.05105829200894968  0.05611118534954360  0.06208600653636647  0.06871962754523313
  0.07550920879001000  0.08352061458156614  0.09291261564726609  0.10352339384566635
  0.11522593316524669  0.12827205529481159  0.14205988350725701  0.15583018157160045
  0.16995138002174043  0.18475749393502228  0.19997654716555555  0.21536756688942549
  0.23304403270544130  0.24863371365152881  0.26693820110792627  0.29023497307831969
  0.31777788266388057  0.34883348817735638  0.38396211566587229  0.42584408941173985
  0.47199017560489831  0.52228273602862474  0.57848568382205323  0.64110114629920933
  0.70963362495094939  0.78638212497810600  0.87658517304618977  1.00000000000000000
  0.00000253627252442  0.00000567622602664  0.00000839933522862  0.00001023837057423
  0.00001106597286701  0.00001203591877369  0.00001329357287806  0.00001467060034295
  0.00001605033869421  0.00001738044433129  0.00001852618828852  0.00001957895620016
  0.00002000820170986  0.00002054352996785  0.00002125085644920  0.00002201039114537
  0.00002276214194960  0.00002366944483547  0.00002457001953724  0.00002552654270163
  0.00002656681613954  0.00002760213523170  0.00002854546554668  0.00002945864341255
  0.00003040285299654  0.00003141322096552  0.00003248064496984  0.00003351782219400
  0.00003457402379805  0.00003562110839756  0.00003666161364336  0.00003774662397124
  0.00003896003714647  0.00004019033985047  0.00004153849387576  0.00004271545276676
  0.00004394790614880  0.00004521548341027  0.00004652110940948  0.00004801402330448
  0.00004955484769869  0.00005111543391882  0.00005264145145157  0.00005417369169147
  0.00005576192878179  0.00005734251574337  0.00005891938130046  0.00006063943814760
  0.00006254317949192  0.00006440421918795  0.00006623405748843  0.00006817148695528
  0.00007025478074952  0.00007262879452409  0.00007533899038111  0.00007812033602454
  0.00008092868614468  0.00008393556323188  0.00008734322509918  0.00009109192239723
  0.00009499181072802  0.00009905153360580  0.00010365551307545  0.00010888257551687
  0.00011425665955450  0.00011993378157572  0.00012658221151920  0.00013453721845819
  0.00014341453910293  0.00015284263878434  0.00016340164006950  0.00017484581972589
  0.00018904207105056  0.00020418512238585  0.00022073704068731  0.00023888284062035
  0.00025698199120701  0.00027607899930497  0.00029910469164940  0.00032937959407637
  0.00036915978116361  0.00041811542272128  0.00047604633908028  0.00054793806568522
  0.00063921687838613  0.00075637443391672  0.00092646432562843  0.00117823256389113
  0.00152894660181829  0.00206992012672413  0.00309451388930148  0.00500371976731865
  0.00899873021810747  0.02200033107066763  0.09025087143365702  1.00000000000000000
 -0.00178949714448143  0.00636149125062066  0.01433495567658122  0.02262345413544034
  0.03129144288383878  0.04045462287905931  0.04970454920962591  0.05873166932771148
  0.06776110970643806  0.07686100408441014  0.08649461412776574  0.09610381599664571
  0.10580133098575960  0.11527384937592550  0.12473724086293295  0.13399602937961638
  0.14353038700197748  0.15389085046577253  0.16505145648009115  0.17654653245975305
  0.18793120928593435  0.19886595245922947  0.20934787860636200  0.21991550712103611
  0.23074862973185362  0.24177043915616345  0.25294811708009812  0.26395797525733627
  0.27495985895093356  0.28606130704776761  0.29799128691966581  0.31022910860138309
  0.32178636087861384  0.33231676939869370  0.34277531156454999  0.35336602629176411
  0.36345611872151634  0.37273297396059807  0.38282052530138233  0.39318331527210099
  0.40467851536020893  0.41660192713962291  0.42764131296021002  0.43912196361713823
  0.45065492669935964  0.46178349670273111  0.47208810712648741  0.48199693438577612
  0.49464767273160815  0.50518550552848918  0.51746455527742852  0.52900261957862238
  0.54013306539249828  0.55082695267979642  0.56197292388984788  0.57427861209974762
  0.58650562691333963  0.59781639533720599  0.60855024668080171  0.61953530391265843
  0.63061843154886377  0.64205611354588121  0.65386831682673774  0.66576625846745818
  0.67760691776528525  0.68912295703523740  0.69948149204274068  0.70896541441629668
  0.71850741382185657  0.72814708008194284  0.73769678588641374  0.74745255929115673
  0.75701119647792314  0.76650377903540934  0.77602773471701481  0.78541108488636213
  0.79609367356776550  0.80804795749613445  0.81932755137795432  0.83002400236242924
  0.84122790420130011  0.85297419688180742  0.86534618448925771  0.87816762219798083
  0.89021990169458243  0.90219485739376060  0.91361132564225422  0.92455121289608710
  0.93498796845938315  0.94521578222765412  0.95506099526341059  0.96403503349466357
  0.97312788145949469  0.98251767571621862  0.99150573205955916  1.00000000000000000
 -0.00316375459890199  0.01145047845531666  0.02148815727677481  0.03196240524741503
  0.04164278716797411  0.05181323505328530  0.06250082363965785  0.07384880930469316
  0.08544435293981283  0.09683979860962978  0.10826781196150742  0.11964093896888034
  0.13106102318402871  0.14246899178087746  0.15392809975760893  0.16550308807264980
  0.17702382650749710  0.18844265918408132  0.19977297255759316  0.21076192716286443
  0.22133564736715103  0.23123530911297691  0.24054738625472416  0.25021889620071996
  0.25995581867474088  0.26840990397543868  0.27613138976828422  0.28377217239704017
  0.29243330508473248  0.30232815399987534  0.31273294247132605  0.32358456866308077
  0.33426997243126916  0.34451483722203108  0.35502538064116418  0.36659529027622351
  0.37880313268747234  0.39087511831012262  0.40290114026413815  0.41475011688341379
  0.42610136334164278  0.43643331757569231  0.44587513979106741  0.45525889127432612
  0.46432944397288090  0.47395417215837327  0.48449885308460605  0.49479676345030937
  0.50472602299695801  0.51447917318841418  0.52480897566646856  0.53615511017246897
  0.54826029557080058  0.56061849974529920  0.57252429781328418  0.58319658717053680
  0.59269895838419040  0.60217810319112353  0.61167093241395454  0.62066258724518164
  0.63017282349642412  0.63982458946318588  0.64879708119860013  0.65950628135984524
  0.66829010153819868  0.67697192165495390  0.68587617753048391  0.69531212464267544
  0.70701597744113953  0.71928151601228596  0.73115386962294204  0.74390770001763795
  0.75535116139842395  0.76644092163497646  0.77678317256082641  0.78682532761519330
  0.79743258915344351  0.80831336050658187  0.81954997416561781  0.83032262777520116
  0.84123271991498449  0.85153316799532730  0.86170336538257575  0.87189444683969108
  0.88261008576641742  0.89348521230071987  0.90403030662352024  0.91454426580337622
  0.92527887047788360  0.93541983172386967  0.94507294934080022  0.95403695448695425
  0.96557902985349886  0.97822048112068349  0.98959294241863194  1.00000000000000000
 -0.00003543650439961  0.00004648966992031  0.00015066908761059  0.00027536383005766
  0.00042516311678093  0.00058399024299246  0.00076535360461960  0.00099971021327487
  0.00125657699950845  0.00153225659888958  0.00185234346208757  0.00222101616160149
  0.00262404047392902  0.00305654482268014  0.00352719025233480  0.00405455538976045
  0.00465554817304672  0.00529653645415080  0.00618002599374001  0.00712473121008025
  0.00809340305636182  0.00911319888555039  0.01019890249924230  0.01137293899002829
  0.01267564311433279  0.01414313535527268  0.01578711909355706  0.01759022065830667
  0.01954965515633004  0.02171178436696298  0.02409659175995061  0.02666171756488470
  0.02935389417622723  0.03208565582505308  0.03485422426950820  0.03775976511139597
  0.04108227010780815  0.04514269647554842  0.04976911475518139  0.05464839337071728
  0.05996902309537831  0.06587544011598845  0.07226604088348421  0.07883392965593064
  0.08568354313000046  0.09327580379858363  0.10152121462826889  0.11032760998036817
  0.11959910833433034  0.12938968321570188  0.13978505323497570  0.15086484245188064
  0.16264480009172139  0.17552708304904124  0.18962243997287873  0.20514771946675456
  0.22174039169500973  0.23836666223074021  0.25490289339664157  0.27100352519747145
  0.28834162189211415  0.30625028427932854  0.32501380822623155  0.34464534733973806
  0.36496222891290558  0.38566829059769225  0.40660152108860581  0.42774625099137931
  0.44954726658099931  0.47192717036790272  0.49449884296799401  0.51683429438877293
  0.53986782760027097  0.56429081557005700  0.59015451205754077  0.61445950483452405
  0.63676462084446950  0.65798575288642214  0.67933916695733665  0.70239371557877517
  0.72655013882986796  0.75077532519863466  0.77478018430298712  0.79774685900891407
  0.81957434272556151  0.84058185682011122  0.86152199755003545  0.88182222944000810
  0.90126460342483250  0.91957914893622528  0.93668405706777280  0.95271403524758236
  0.96750167113141439  0.98084154689868019  0.99104541498338128  1.00000000000000000
 -0.00202128536801088  0.00815440589500332  0.01808085409509952  0.02935451085585112
  0.03936616719731161  0.04862211469977017  0.05846034983410275  0.06891007879925705
  0.08043185205261315  0.09315853232963556  0.10507045926740712  0.11627922511314118
  0.12767265551257842  0.13939679670293878  0.15146334924593283  0.16326664395014734
  0.17510545490919599  0.18670428913162149  0.19838466639279906  0.21011940053427236
  0.22121894082639249  0.23203315630832086  0.24281720428954712  0.25375641543856020
  0.26482151072472754  0.27600197161454360  0.28732580687161469  0.29846397950015668
  0.30927533128226231  0.31900434320003207  0.32794952773111546  0.33669370229214307
  0.34598920565778252  0.35629677158605749  0.36726381622487175  0.37719398326037840
  0.38655635224628287  0.39574617865215889  0.40435700488457399  0.41358744885957094
  0.42319838956354772  0.43340543570227302  0.44336399891795242  0.45383024263480476
  0.46505657866419908  0.47640447694351984  0.48707547294210723  0.49672239074649821
  0.50601616423370266  0.51548926629496528  0.52607145540313760  0.53702983946984961
  0.54761511905787408  0.55789539944998168  0.56797862081601713  0.57800771266424766
  0.58922594132475026  0.60052287628831635  0.61143989324504244  0.62189044475472488
  0.63262255237758869  0.64362333648546122  0.65471970178492356  0.66587058189550019
  0.67720368492241922  0.68840708715460852  0.69905534887808929  0.70867090661934340
  0.71793199817365549  0.72715279131424926  0.73691284115057432  0.74760382378075596
  0.75878211584298294  0.77034477100017384  0.78222350450926248  0.79349818815142803
  0.80452704446995593  0.81571859274152025  0.82719982520695634  0.83738441737689373
  0.84678958328705800  0.85558398113250100  0.86415733427930852  0.87302979018441296
  0.88175208657889192  0.88983788311923773  0.89971869812983840  0.91102824736203691
  0.92282618817917172  0.93359312165931518  0.94411978564550936  0.95407614103541882
  0.96473117328324565  0.97612377526658956  0.98793946647890041  1.00000000000000000
 -0.00300469195004594  0.01061836646588987  0.02311011980634162  0.03615073651650477
  0.04552207233804733  0.05239239507512907  0.05931403014956407  0.06777144877764589
  0.07688046686307329  0.08559051613406139  0.09418987802682947  0.10347799329214444
  0.11460319535547783  0.12687956043826790  0.13896191195087113  0.15044056923681923
  0.16126642882144346  0.17141148162225672  0.18194155511139876  0.19281125993370912
  0.20495584155944263  0.21622065976149574  0.22661627684824892  0.23699373124157883
  0.24744147396040442  0.25818230905025852  0.26881274967079982  0.28004257141085803
  0.29142489015767331  0.30256689798731873  0.31376972617993104  0.32503893485468510
  0.33600050124860431  0.34677553862218391  0.35720582075499030  0.36739597959921327
  0.37736295020336730  0.38779010968303312  0.39898502962833743  0.41058345901644866
  0.42245156525831473  0.43440560581332621  0.44629914074683769  0.45791313781283421
  0.46899317811399877  0.47991170312189746  0.49026120319537819  0.49965071832916197
  0.50807423936202489  0.51622256848544912  0.52427178577413103  0.53292890103098578
  0.54217557943650940  0.55185048946288795  0.56190936341630693  0.57230904398244853
  0.58238635101078373  0.59266148776521854  0.60287260895105821  0.61284242061879246
  0.62200622007486794  0.63026880371529803  0.63904150952574290  0.64862731042182964
  0.65916958249783464  0.67041079897914857  0.68178743186726942  0.69316897054285231
  0.70447795630737109  0.71597107103566138  0.72776550900046644  0.73955501433528081
  0.75107261895725530  0.76236582202408465  0.77383602329078838  0.78565315771853994
  0.79728196609636359  0.80870311711560783  0.82052506132828307  0.83242410302829828
  0.84148787494452548  0.85072570666349279  0.85990853617315965  0.86998860265068589
  0.88084429153666866  0.89172958038591965  0.90298340372040320  0.91490098229572681
  0.92666512363413645  0.93756535006882002  0.94808878930035112  0.95795850460236565
  0.96853864395013300  0.97940465576601254  0.98995583937738929  1.00000000000000000
  4.53849706919696261E-008  -1.0000000000000000     
 T T T T F F F F F F F F T T T T F F F F F F F F T T T T F F F F F F F F T T T T F F F F F F F F T T T T F F F F F F F F T T T T F F F F F F F F F F F F F F F F F F F F F F F F F F F F F F F F F F F F F F F F F F F F F F F F F F F F F F F F F F F F F F F F
  <DiscreteSampler_grid>
  grouped_processes
  1 # 1 for a reference and 2 for a running grid.
  10 # Attribute 'min_bin_probing_points' of the grid.
  1 # Attribute 'grid_mode' of the grid. 1=='default',2=='initialization'
  0.0000000000000000 # Attribute 'small_contrib_threshold' of the grid.
  0.5000000000000000 # Attribute 'damping_power' of the grid.
 # binID   n_entries weight   weight_sqr   abs_weight
    10   10   1.012286188831161E+006   1.020636336528153E+013   1.012286188831161E+006
  </DiscreteSampler_grid>
