 -0.00181509318610216  0.01116658361025780  0.01866455248062871  0.02401435863017346
  0.02724314814262484  0.02992221852133595  0.03271302139525464  0.03558565491501873
  0.03834822210783775  0.04056563691596727  0.04211685968949765  0.04284582366746782
  0.04358941244150268  0.04430311033788846  0.04502200616637975  0.04572380298642385
  0.04629453137171723  0.04744108896440873  0.04902099836049865  0.05084723979788634
  0.07901625816000282  0.08032971341146090  0.08063284979734330  0.08089476850287705
  0.08116443727418378  0.08152724258815706  0.08199398878919908  0.08244911477648791
  0.08284782554490909  0.08321709698210487  0.08356335833157627  0.08384381867381945
  0.08411178971133279  0.08439842121369340  0.08467798930405275  0.08495117119317883
  0.08522775819748228  0.08552691322531228  0.08592031312859426  0.08635209307708511
  0.08674084515895704  0.08711755498468388  0.08752727834618394  0.08796771994710552
  0.08842993875493436  0.08890772408434752  0.08941454964489019  0.08995640922301931
  0.09044390906558732  0.09087044990846069  0.09135713544215768  0.09185244104470655
  0.09231255206885627  0.09271522685372176  0.09313501495906618  0.09364621970944881
  0.09428575274723748  0.09492121974410898  0.09563721639021801  0.09642172737360559
  0.09718346351878970  0.09805207922000704  0.09912494926396402  0.10035795207603415
  0.10160807768587947  0.10269626609085025  0.10370751312224129  0.10472864012436646
  0.10615055516517484  0.10782327739283458  0.10945481786560096  0.11170499187811596
  0.11429530870651858  0.11695143140092332  0.11995476761166604  0.12364087696756233
  0.12784141438063773  0.13254796814496722  0.13768617296952290  0.14328726125972638
  0.14959004318271807  0.15686147285423482  0.16495686729797274  0.17521357194382542
  0.18717926738646301  0.20058486165430925  0.21437480245046006  0.22735308274493504
  0.24317316333010858  0.26908949465919357  0.29349325768349183  0.31149093840742964
  0.33094071710186918  0.36437134599919679  0.39934644882255443  1.00000000000000000
 -0.01208646979438300  0.09870090935001279  0.10983889266221232  0.11359393643146488
  0.11531742709796132  0.11575852930323027  0.11603322291330620  0.11626868476203267
  0.11646370043578809  0.11661795390624601  0.11672671662379905  0.11680222126770716
  0.11686161472300599  0.11691310025377558  0.11696040624266035  0.11700130270495060
  0.11703195624217767  0.11705466084058609  0.11707496827254260  0.11709364263627893
  0.11711062624300399  0.11712438750231330  0.11713079677698947  0.11713708891080124
  0.11714332049029275  0.11714933312848028  0.11715511343935077  0.11716063182645102
  0.11716584604150121  0.11717081617766616  0.11717581198136191  0.11717986091857788
  0.11718345462780383  0.11718683354090709  0.11719007103610123  0.11719319424442778
  0.11719623506157598  0.11719927428310732  0.11720206928493837  0.11720475951806016
  0.11720739707020032  0.11720993656213231  0.11721241553505476  0.11721543049475572
  0.11721853314297960  0.11722212446676340  0.11722639927438978  0.11727630417247087
  0.11733800111777835  0.11734202666365712  0.11734508539934092  0.11734748435469018
  0.11734965629457306  0.11735210726041985  0.11735461556016825  0.11735715325039862
  0.11735969521861428  0.11736227800471748  0.11736497261913410  0.11736774341565254
  0.11737059947612963  0.11737352085357071  0.11737647298058737  0.11738004650959452
  0.11738369472925360  0.11738739674516700  0.11739116280535243  0.11739503036273828
  0.11739896426145119  0.11740611039559568  0.11741492108758485  0.11742364323375488
  0.11743376580238411  0.11744519707215080  0.11745804389996484  0.11747207612211513
  0.11748769498096359  0.11750477581175998  0.11752862697600006  0.11755721399231391
  0.11759172950358274  0.11763850897816580  0.11769542190606477  0.11775611506541891
  0.11782841044489871  0.11792602428654302  0.11806283167760570  0.11823866052636967
  0.11847559521288729  0.11876869103201936  0.11951258830528680  0.12162955849912238
  0.12668286231690837  0.13820254229953777  0.20933450660021222  1.00000000000000000
 -0.00009896588500361  0.00108487472545981  0.00242258197752665  0.00381299085078745
  0.00528383282264369  0.00717160266639363  0.00921893101901329  0.01126256906623545
  0.01433933615547387  0.01887787512365389  0.02388337651730283  0.02895524829483442
  0.03405779894877817  0.03912287107958234  0.04407617246884887  0.04839335951027865
  0.05312945536663784  0.05830497656839990  0.06189161381452551  0.06633547033194352
  0.07207258750572994  0.07927864920620280  0.08663902390080540  0.09485436430244644
  0.10469916474678942  0.11461227595787508  0.12150705054412063  0.12713090083303721
  0.13445840638734735  0.14196392844679676  0.14906546203312140  0.15551464667672538
  0.16254349764358866  0.17090427231890654  0.17964951196198625  0.18869737870233486
  0.19654526390327659  0.20153157742038155  0.20617413617091340  0.21210678225622243
  0.21747977804409258  0.22160546957374447  0.22650471987682830  0.23713613279060602
  0.25146939595351048  0.26620818791701523  0.27968834397911796  0.29067077766039234
  0.29850197585455357  0.30435682745267678  0.31044164008787140  0.31652659206585859
  0.32638593788060111  0.33495969240637452  0.34242226928503128  0.35023952029656497
  0.35936440872460601  0.37734632496934500  0.39423382900823922  0.41462845223267403
  0.43838836009100818  0.45979819691466728  0.47165000532490392  0.48146939919083886
  0.48987223796466195  0.49782298158069571  0.50639103675338093  0.51448597543277741
  0.52361574331946736  0.53396267103666806  0.54493594908042819  0.55558947200372000
  0.56489946465924168  0.57453697184865238  0.58817757708014362  0.60153871721418073
  0.61538715623375428  0.62730417607895284  0.63976860003578240  0.65485886671641980
  0.67292819542985172  0.69556202336377426  0.71769546092141445  0.73983629037209120
  0.76219202378331641  0.78228952265130403  0.80233680308332422  0.82250012365699310
  0.84348572062303795  0.86481098324203154  0.88593748414542628  0.90705186274584204
  0.93062372577227659  0.95417600236756195  0.97708800118378092  1.00000000000000000
 -0.00314823336378757  0.00981228939172571  0.02229664971324789  0.03373447445555790
  0.04565750187526792  0.05730977678910890  0.06836116526433306  0.07944624531659904
  0.08933574509024773  0.10043329676114479  0.11573641177292138  0.13298671754893440
  0.15063478143005843  0.16915123447167688  0.18974203502681569  0.20595656612384819
  0.21824025651643800  0.22828546330329114  0.23695419579871985  0.24614548698518884
  0.25602018281325434  0.26623848234307618  0.27797820661223421  0.29073615532942748
  0.30338920383624379  0.31737037333031265  0.32765694163500153  0.33956828929151456
  0.34956120727436063  0.36012897622400558  0.37083950587044623  0.38068240963880035
  0.38960815093506568  0.39805295108410460  0.40602534370070081  0.41507311744539371
  0.42375742778538578  0.43270763654612004  0.44021261845029930  0.44328313978660544
  0.44570763467553293  0.44885975902485659  0.45181745973177256  0.45496175587696802
  0.45982168539598078  0.46583991217673781  0.47182102216346988  0.47854941523801720
  0.48705809089076796  0.49756652356584785  0.50672380383242321  0.51552963911877792
  0.52539970735641206  0.53722339695693921  0.55173146495334824  0.56769522688667484
  0.58133034530079086  0.59193877151079244  0.60298564934956200  0.61152636636346558
  0.61832115549001543  0.62332026068085422  0.62674715057904318  0.63003229729992061
  0.63631828936711210  0.64486885975277897  0.65185004052748219  0.65966281011651617
  0.67031622775359967  0.68275266133252810  0.69468313048926777  0.70526331301490497
  0.71537050459862594  0.72544560903725308  0.73543224585544742  0.74964101385756998
  0.76472674630532533  0.77858281853810818  0.79063930001364857  0.80187021870512531
  0.81317467461656634  0.82444793375215464  0.83583438752837536  0.84767296227253319
  0.86392359781900419  0.87913179174423361  0.89112164328475263  0.90081111360901289
  0.90968764526142099  0.91853574286175454  0.92745217842648231  0.94023206422316175
  0.95540218296487656  0.97125187538600632  0.98621616192124495  1.00000000000000000
 -0.00166453985313087  0.00744549752505283  0.01438768830826771  0.01937635971548972
  0.02462864886307281  0.03033070566218210  0.03572872155313593  0.04280705728650806
  0.04956573606410512  0.05542079640613108  0.06201980886098381  0.06959789614993717
  0.07806452714004819  0.08712621915887100  0.09656100663490876  0.10598478432661669
  0.11479837444302041  0.12468724356503326  0.13596519368257154  0.14588781239988688
  0.15621699713806750  0.16905973495390572  0.18049100560816281  0.18997265606331801
  0.19887870031392402  0.20832514548661676  0.21893215603452493  0.23011297456545540
  0.23540735024757059  0.24329148643615386  0.25306606612062543  0.26629480955193724
  0.28017598369639551  0.29486152251387249  0.30909837927476325  0.32133270509371609
  0.33361531377430154  0.34844141068194623  0.36284586715477690  0.37682289311702427
  0.39118108765399645  0.40697360002051702  0.42364884818067922  0.43702698318222871
  0.44760464666060112  0.45516003088015006  0.46048192178703068  0.46642897474771650
  0.47209763852109732  0.47700666457034213  0.48230250893461168  0.48911962727557035
  0.50030855193488788  0.51259910697988842  0.52382754953975286  0.53258640334775353
  0.54090640987139471  0.55178517427776097  0.56288248184450229  0.56938762997750414
  0.57510031171089548  0.58148307885686523  0.58855960028762466  0.59693772186374272
  0.60469466126138760  0.61472996317943218  0.62790197713070550  0.64297628964052855
  0.65923644534196368  0.67246660031864547  0.67950776600928220  0.68608160680357477
  0.69280021048426954  0.69933902954523641  0.70519201982227198  0.71038956370043282
  0.71785185714371957  0.73456448503137139  0.75935165733975829  0.77830515581662030
  0.79111418543735368  0.80371319348922643  0.81624576722965791  0.82810993392034515
  0.84123213886766635  0.85799676942700354  0.87706415230202883  0.89387143008558012
  0.91153162196426485  0.92966097156767236  0.94804429382628930  0.96368027381403953
  0.97309231745529146  0.98018839160003046  0.98795682927374207  1.00000000000000000
 -0.00266341029619807  0.00985759636791752  0.02213124705480211  0.03478332670400286
  0.04924038679736129  0.06620703952837097  0.08582357362997677  0.10660851831903009
  0.12472798467854618  0.13685457239431295  0.14651645586249690  0.15391733957488657
  0.16100900581323627  0.16932164282116313  0.17590775529104602  0.18230416894929125
  0.18847954465997954  0.19587904281181528  0.20620529436574656  0.21049754643260848
  0.21517164845447259  0.22006329957903215  0.22524273352155647  0.23479491878517014
  0.24572953424022481  0.25544753205659970  0.26599936150451647  0.27667056695223746
  0.28662437729486556  0.29600630024070129  0.30537832218510913  0.31536628915976317
  0.32531110864391560  0.33465342250042368  0.34515437163663965  0.35709469305923242
  0.36897972048260841  0.37782313232460762  0.38218722381972742  0.38619359393420100
  0.39126841000913681  0.39559645204408000  0.40311257660521754  0.41454738285445009
  0.42917127873446753  0.44208725595414505  0.45206435143364548  0.46155998214540173
  0.47085749513135799  0.48008195411328880  0.48850696648937159  0.49767590232825315
  0.50908821449248332  0.52212359401998820  0.53553832192876016  0.54930452600182322
  0.56444014846574087  0.57925012202961046  0.59373377741627098  0.60723226614668846
  0.61949687597564140  0.63073468717773085  0.64056042593983931  0.64953742707143491
  0.65736193410019250  0.66621997149995971  0.67595974186188457  0.68696343456982478
  0.69731504873622152  0.70604473955606772  0.71550345177596952  0.72531400430908766
  0.73635881608192877  0.74546223571621117  0.75309893795622762  0.76182106554877782
  0.77274890382444528  0.78670837748831368  0.79753465179446392  0.80760033308754275
  0.81756338583991317  0.82744086299694442  0.84025254603539901  0.85583748451448649
  0.87048601919511404  0.88361533504177425  0.89615586489847798  0.90847218636919547
  0.91952876919079496  0.92997089010301193  0.94098013604152952  0.95162719532419793
  0.96296550783808155  0.97502964619851473  0.98691303359253013  1.00000000000000000
 -0.00755948873572702  0.02224029076642596  0.04585596902430994  0.06494508601744192
  0.08072680171155693  0.09292390143579010  0.10224205664015813  0.11152320715277220
  0.11981150706503793  0.13117038760537117  0.14533537131484184  0.16016916802046657
  0.17714239953613661  0.19608903430811436  0.21569857657830155  0.22876477972668952
  0.23990442326621553  0.24883868580767307  0.25503129059503377  0.26338037139683440
  0.27072447328176302  0.27710308253283261  0.28304615866983873  0.28891505404312234
  0.29921909880837061  0.30641685343613423  0.31464756732362503  0.32468095257518831
  0.33477720926123916  0.34499884200568243  0.35681404928366606  0.37027125623376067
  0.38463474939596776  0.39963602480415372  0.41561207647044679  0.42870487243485450
  0.44044128282584999  0.44983058822146310  0.45532219738945295  0.45847541368250516
  0.46313242780729547  0.46880752392051789  0.47310975974982461  0.47644251763270123
  0.48007381963285173  0.48467590249392778  0.49108392071968809  0.49764380743365061
  0.50367326905769882  0.51247441913907466  0.52660142045090774  0.53659821609391567
  0.54750796513480560  0.55862079559470068  0.57003534542616052  0.58191678282854331
  0.58857099475153374  0.59462801784479447  0.59968703251110911  0.60590169661410009
  0.61427213149410453  0.62347010485866072  0.63284930577930787  0.64624681012358720
  0.65739326898026573  0.66931265026934417  0.68061658187114404  0.68982097817439092
  0.69732128262749127  0.70412126811897713  0.71076667970409280  0.71703397078034592
  0.72334105780394131  0.73055794299795840  0.73654055736173962  0.74376537361667583
  0.75208094197965125  0.76369962297920690  0.77254733113594731  0.78262720233658356
  0.79375905133304714  0.80755882342308982  0.82261526180867106  0.83891605653447288
  0.85688858055503614  0.87368163510285746  0.88952846212634462  0.90190499931241985
  0.91626329007528351  0.93263824960679331  0.94658401462514730  0.95774870345096075
  0.96886264801299127  0.97972094032150558  0.98992245324904726  1.00000000000000000
 -0.00147049063824401  0.00473157873687624  0.01611583023510439  0.02674236020814826
  0.03759314327434420  0.04562810973984665  0.05157681071554881  0.05769311770686083
  0.06724693903424248  0.07839449918905392  0.08737119931186918  0.09576998834087554
  0.10545456125177416  0.11616667203408326  0.12428265762761140  0.12898127763648962
  0.13388769652197280  0.13787449718295766  0.14115462580895999  0.14578705446568022
  0.15182405958466613  0.15802290138934666  0.16314533816894786  0.17514547392522789
  0.19026197490127772  0.20422310233629964  0.21758350716636637  0.23030412411146636
  0.24339342409527270  0.25719196486111057  0.26987754139688014  0.28142524942322961
  0.29254880304604319  0.30331965556313883  0.31436729050158119  0.32640614899477466
  0.34092467778452623  0.35086718130436995  0.35760212644259931  0.36642611847622897
  0.37563362552478102  0.38309403611488729  0.38993008921473787  0.39855784043551012
  0.41762835693281286  0.43321401556959738  0.44520539645157775  0.45291594435425442
  0.46146139842052364  0.47232879647789033  0.48426257291705466  0.49612008356348331
  0.50622282031938570  0.51554596033898636  0.52499961026713615  0.53536531144816002
  0.54700442905876689  0.55923151626694845  0.57088515579182775  0.58254698118090453
  0.59455950120801937  0.60686451095188076  0.61979070797861235  0.63042028710391329
  0.63841545122613885  0.64584223203754854  0.65358021578885561  0.66167586143078161
  0.67231185744024080  0.68562490142211374  0.69940214111774957  0.71188338032015186
  0.72176290765896300  0.72917416080461572  0.73870362520449662  0.74861862687811953
  0.75548472033288483  0.76468638074950668  0.77739553401552619  0.79086365949415249
  0.80193169255907593  0.81555838315859008  0.83286207406401369  0.85096368058268035
  0.86666524435590520  0.87945339857514304  0.89139047666878612  0.90287283369238946
  0.91539649978669935  0.92802902782572050  0.94018391690008929  0.95214775505066984
  0.96444930643175553  0.97630937311544108  0.98806113762883829  1.00000000000000000
  2.23174399100273449E-012  -1.0000000000000000     
 T T T T F F F F F F F F T T T T F F F F F F F F T T T T F F F F F F F F T T T T F F F F F F F F T T T T F F F F F F F F T T T T F F F F F F F F F F F F F F F F F F F F F F F F F F F F F F F F F F F F F F F F F F F F F F F F F F F F F F F F F F F F F F F F
  <DiscreteSampler_grid>
  grouped_processes
  1 # 1 for a reference and 2 for a running grid.
  10 # Attribute 'min_bin_probing_points' of the grid.
  1 # Attribute 'grid_mode' of the grid. 1=='default',2=='initialization'
  0.0000000000000000 # Attribute 'small_contrib_threshold' of the grid.
  0.5000000000000000 # Attribute 'damping_power' of the grid.
 # binID   n_entries weight   weight_sqr   abs_weight
    10   10   6.090264975098150E-009   3.226032686777820E-016   6.090264975098150E-009
  </DiscreteSampler_grid>
