  0.00000029772151357  0.00000163089912555  0.00000180451496668  0.00000194848644110
  0.00000208757467954  0.00000223473814149  0.00000240948409860  0.00000265729607665
  0.00000302752938960  0.00000344629306565  0.00000388915538414  0.00000436866696215
  0.00000488332517789  0.00000541306287629  0.00000601737587064  0.00000657238337821
  0.00000711198974466  0.00000768018218862  0.00000833528283559  0.00000966481888887
  0.00001137001584138  0.00001313166765644  0.00001520530491956  0.00001732332157395
  0.00001956628495556  0.00002161519526743  0.00002389348562097  0.00002652626774368
  0.00002975067152192  0.00003421977362620  0.00003910660732788  0.00004429793887196
  0.00005020063497430  0.00005690829147672  0.00006511966141195  0.00007439598234272
  0.00008439378952984  0.00009397335948931  0.00010440518068500  0.00011672579738180
  0.00013150407597621  0.00014936872468905  0.00016860526727682  0.00018962393092173
  0.00021167121223785  0.00023786174378218  0.00026956794919504  0.00030568571438505
  0.00034099377329182  0.00037527225917515  0.00041293080039337  0.00045854349261965
  0.00051506387318121  0.00058425219939157  0.00066448786627863  0.00075564161384656
  0.00086406729526939  0.00097884368108202  0.00109738816303756  0.00122774323203413
  0.00137064629812810  0.00153897396692621  0.00173830405292729  0.00196719417764071
  0.00229978029787250  0.00270445476647651  0.00317471375895910  0.00364404452708179
  0.00414406265285632  0.00468692820672295  0.00534438026871694  0.00620414408477138
  0.00725925423500630  0.00851644853510721  0.00995437620752684  0.01162867039849846
  0.01370741984127647  0.01624219631470926  0.01929497176217231  0.02294169838855602
  0.02733121714457336  0.03248668711707587  0.03848103499746467  0.04602962614099167
  0.05644423955023323  0.07302432904771820  0.09815884897873667  0.13133205212407978
  0.17841124059099542  0.24331132815303161  0.32942503749150442  0.40487190856345312
  0.50049272844446979  0.62044880315173956  0.79118827547866899  1.00000000000000000
  0.00009880933455997  0.00011233629034693  0.00012113240478828  0.00012988593229740
  0.00013850131367237  0.00014719083262830  0.00015607613657720  0.00016795055780162
  0.00018748934661054  0.00020979080284690  0.00023476195502125  0.00026123829388416
  0.00028938121722521  0.00032137666220127  0.00035736145348260  0.00039550218102656
  0.00043445145594212  0.00047543749437973  0.00051820702955424  0.00055933966693415
  0.00060302388867572  0.00065282004645915  0.00072398381674845  0.00079593105514113
  0.00086644108280276  0.00093709965181574  0.00101675025432529  0.00111347501367567
  0.00123385551672623  0.00136917977972930  0.00151181392661670  0.00165541699135084
  0.00180197431610836  0.00196740173231169  0.00215834776292995  0.00238581905578271
  0.00263331307473906  0.00290638939082989  0.00319429444587102  0.00350657481727371
  0.00386164893413045  0.00427021660939086  0.00473222295739352  0.00525037924106780
  0.00585843446020754  0.00657446575561872  0.00718340678551813  0.00777735958557451
  0.00838567268009025  0.00906835950213433  0.00987443352531781  0.01068141548756973
  0.01156542287900917  0.01257654468634151  0.01396117565546724  0.01548662602012940
  0.01697440622899562  0.01855386959685134  0.02023942901851518  0.02255896169375213
  0.02549914319632899  0.02897172022099926  0.03291826832770953  0.03735944371000964
  0.04247990635358144  0.04862216690712019  0.05565109873771112  0.06274347520929241
  0.06967796947065050  0.07750035100684781  0.08609325092778471  0.09593308231518023
  0.10730355012105465  0.12212539017633307  0.14112604730692146  0.16145402968460071
  0.18526184115853839  0.21462266838446653  0.25097975910073977  0.29702874617486102
  0.35109360160558178  0.40729034739220388  0.46658601802401456  0.52887988437485900
  0.59435125384075493  0.65042172420672295  0.69934719854698624  0.74812338435609627
  0.79595493974282205  0.84121097866930572  0.87836802455818030  0.90960252477061632
  0.93693269969295401  0.95890860218726515  0.97986823122425681  1.00000000000000000
  0.00000105390749130  0.00000255673170729  0.00000360269192579  0.00000465152807565
  0.00000593378717154  0.00000730482648288  0.00000869643229007  0.00001047649797150
  0.00001275747484238  0.00001525987298067  0.00001808254001178  0.00002163983859606
  0.00002595925789046  0.00003094631672321  0.00003645645430417  0.00004316535654720
  0.00005144474764200  0.00006100328753358  0.00007141940543177  0.00008327534649855
  0.00009792290478633  0.00011623480632185  0.00013710062806141  0.00016170506840878
  0.00019068816956063  0.00022428263938832  0.00026243804847130  0.00030680626764469
  0.00035968575748915  0.00042274940389754  0.00049807925140142  0.00059076372573981
  0.00070606379747233  0.00084045021410749  0.00099604231937132  0.00118528124126868
  0.00141903447474521  0.00169353037297936  0.00200283231547151  0.00235567104553903
  0.00278251730891831  0.00328957088660188  0.00384341501256509  0.00447770104376924
  0.00532578226927343  0.00642028198072514  0.00768607033560191  0.00907453060431206
  0.01071765968420353  0.01280435758327512  0.01542380144507982  0.01857444578783655
  0.02224769438957639  0.02635067504177572  0.03126284844674738  0.03772352548993350
  0.04633360664452068  0.05680740250065042  0.06875298597431817  0.08311333499136445
  0.10007086662076180  0.12085716334201810  0.14783880640287989  0.18006747083183769
  0.21640619653547311  0.25872710537724036  0.30479626598670184  0.35329281698140519
  0.40112161908954291  0.44628354663352937  0.49428830105936661  0.54318774405930492
  0.58990309679172082  0.64125077202254932  0.69609676145439991  0.74709187681653266
  0.78684747665628230  0.82479451812467475  0.85319940677417150  0.87474577843218337
  0.89237035354771554  0.90846765442045208  0.92257894935586915  0.93116729236477414
  0.93951405451565451  0.94763508368693050  0.95549573423048728  0.96346342066762181
  0.97049601853578926  0.97654028732671261  0.98124688478375655  0.98537828467541277
  0.98946019274265562  0.99297346182843715  0.99648673091421858  1.00000000000000000
 -0.00155557925172774  0.00316048999908875  0.00782342590271843  0.01211470629871543
  0.01640459564050063  0.02069281914969906  0.02719475815700365  0.03506119627525316
  0.04381150893436792  0.05259967324409199  0.06097196555854481  0.06907330127785576
  0.07726041302253070  0.08582832543022961  0.09456058102459675  0.10247840610269229
  0.10938224788401611  0.11635750860136375  0.12342723593544017  0.13179459560220005
  0.14115561475012750  0.15067235735748696  0.16024631694338240  0.16970328365187898
  0.17888484874522118  0.18884055344317677  0.19946112272052863  0.21052301903370865
  0.22153659312317470  0.23282430095180925  0.24486666597255802  0.25725843557822292
  0.26997223838035805  0.28271113952830801  0.29542531732727151  0.30826214447905753
  0.32214199763587748  0.33537344734541275  0.34754908053904093  0.35868884779259441
  0.37011986041286377  0.38251238632260448  0.39536078323733548  0.40773735391550436
  0.41952886022734531  0.43090800584796246  0.44170494684201411  0.45275310792033485
  0.46519370172139451  0.47906792741883597  0.49309848665661626  0.50687587197537542
  0.52047330489796584  0.53348272240793837  0.54737189464083469  0.56218240742038239
  0.57642409025014518  0.58881988967912413  0.59911375891422869  0.60859636374795856
  0.61850899577913854  0.63003678251544637  0.64237072320206079  0.65463022391540238
  0.66708679340419286  0.67933311872011026  0.69252993706940424  0.70616576854106250
  0.71983264338399833  0.73295595460408713  0.74489524886892666  0.75501297195100681
  0.76514978135685674  0.77569174678758224  0.78690782898130474  0.79798533731474097
  0.80857888158872893  0.81875270842671510  0.82904032469145417  0.83961049244369268
  0.85079079479202857  0.86078430680041773  0.86962633034681125  0.87859875365639073
  0.88821269335361719  0.89969773230107331  0.91065930597230260  0.92095213682107913
  0.93117110421241178  0.94120133905503178  0.95176074075083694  0.96204156936450058
  0.97180861040668054  0.98131413489196762  0.99049355741413281  1.00000000000000000
 -0.00155704020835504  0.01085702364414208  0.02169147949905017  0.03268827001476535
  0.04351559052991680  0.05412654513410246  0.06427813893941221  0.07411644531220743
  0.08455944931308891  0.09349475846396389  0.10178429628325142  0.11056488733212652
  0.12082979776987390  0.13062090706104451  0.13833328286583790  0.14587789897674922
  0.15327503735151440  0.16079423057178424  0.17167539866905179  0.18274376960262409
  0.19464244171035158  0.20709395623968777  0.21883721414940710  0.22954632280060841
  0.24058680109450997  0.25210900449302892  0.26433575680258692  0.27586150177466751
  0.28666147381059232  0.29806394054453472  0.30916807999408336  0.32020533957642217
  0.33121541388923875  0.34278460271079531  0.35406294678005612  0.36490997778990786
  0.37582125984887732  0.38707636389022820  0.39868610864562060  0.40999640227273015
  0.42204458181869398  0.43383907078499073  0.44643240814549401  0.45894084965581383
  0.47111238745607914  0.48259636269233175  0.49406649359595967  0.50619789621963573
  0.51717337401552854  0.52677431720398071  0.53605372285547370  0.54512778842042564
  0.55596709540121902  0.56725081362646956  0.57848310671188174  0.58978319371492727
  0.60059568728263024  0.61113650558642874  0.62191064776752503  0.63291262566982021
  0.64268592344248998  0.65277565053701192  0.66229784840994832  0.67263769024838793
  0.68322793779123392  0.69364612326770125  0.70457833797526781  0.71500956053009102
  0.72359489476604100  0.73188855404568043  0.73967215552661403  0.74856930381314024
  0.75904703064152834  0.76978272432436701  0.78056338877580855  0.79100356433308538
  0.80077511704860993  0.81040908968769232  0.82035525894773709  0.83094937903947652
  0.84271665552310826  0.85393415478487833  0.86510094491028067  0.87617349588127913
  0.88724426364649756  0.89869095756279838  0.91050620151484774  0.92209077194608446
  0.93337997843224196  0.94417004680863237  0.95407037980950127  0.96360641851825224
  0.97290458733996887  0.98173259403409829  0.99109138270679586  1.00000000000000000
 -0.00143088089950040  0.00202491004773673  0.00553617914679972  0.00980052598916364
  0.01523692290875481  0.02257029161339425  0.03086077503782805  0.04011049003025070
  0.04918042721127069  0.05833296235858772  0.06725080782143276  0.07625933676559865
  0.08504716421409829  0.09427556218397388  0.10398691658367605  0.11474723393797207
  0.12564276011705347  0.13610442443025420  0.14647138977046548  0.15679779121535023
  0.16751404089923760  0.17727596722721728  0.18718220524800433  0.19728276728403113
  0.20711601004785468  0.21695862171266997  0.22688971213714793  0.23707749319773533
  0.24788768857994503  0.25616756090056830  0.26443870579703116  0.27308428049962397
  0.28269637409552473  0.29397292102732275  0.30560431245756603  0.31787136374884134
  0.33063274886698518  0.34327665358375725  0.35547525564882693  0.36805437536770996
  0.38065514286933355  0.39291395770520288  0.40475671458109758  0.41700071969818070
  0.43013796400388721  0.44315635236274847  0.45502809905932073  0.46660869042891001
  0.47792444996116984  0.48874113385992990  0.49922017097752336  0.51024347462296027
  0.52272052780612810  0.53649244555206577  0.55002838241042284  0.56339177562543374
  0.57643357947497020  0.58836796480459408  0.60008847664787623  0.61158619517779855
  0.62395898001873373  0.63651121540303912  0.64910298181952297  0.66052891047338247
  0.67166196111372900  0.68310097105177658  0.69550355626621341  0.70823748761915351
  0.72060247867368332  0.73261699112647638  0.74493981929659658  0.75771946428407766
  0.76978822313180617  0.78008308831942408  0.78981701740549648  0.79895267978841555
  0.80993181849699969  0.82231491106129617  0.83481591854173243  0.84645476711993117
  0.85782609964264211  0.86937782038453149  0.88140940612138885  0.89254390713344112
  0.90188887890684633  0.91097564989047264  0.92017021304471658  0.92954931173968458
  0.93944344651649303  0.94916377201394764  0.95935283234207325  0.96822295528681146
  0.97657968127773953  0.98400012187381514  0.99168139073162154  1.00000000000000000
 -0.00281548868600626  0.01085526149424368  0.02244370795515203  0.03333160728727989
  0.04410292778961040  0.05477537408458872  0.06571981023262148  0.07678611123997102
  0.08752784683541059  0.09844283374541195  0.10927503695961774  0.12004182632593861
  0.13042472934571947  0.14060649438599981  0.15077075854484645  0.16091756762925682
  0.17114769607221286  0.18109151595666445  0.19175371810719866  0.20228977792758815
  0.21281741825895828  0.22336906171384008  0.23526007409037597  0.24783722457002114
  0.25846545018276634  0.26866924010003451  0.27800670911323039  0.28723958748124268
  0.29651132150281567  0.30621127024686828  0.31698386267595108  0.32884506718544931
  0.33978025708368370  0.34972189088511751  0.35946785531467845  0.36940931122815257
  0.38019040458577563  0.39055953938017074  0.40048589495189185  0.40883599529131126
  0.41652358176449034  0.42460005759162489  0.43330905367483241  0.44330845613637410
  0.45363725100059443  0.46403806080816162  0.47475412524447846  0.48596468315362057
  0.49692969901627260  0.50811987612094567  0.51938458070955307  0.53134126962300776
  0.54282394126762268  0.55489531697969552  0.56706368351578895  0.57991357067778693
  0.59259457130422677  0.60516561322754736  0.61660060075720846  0.62771026634604432
  0.63863808531531274  0.64959163339401493  0.66029358775640956  0.67065380759483639
  0.68150027805100466  0.69233904376919175  0.70283899712860898  0.71343319729884669
  0.72469799510901101  0.73695723930290402  0.74945816126550435  0.76175119511071798
  0.77365614981845710  0.78494144098787622  0.79604066186523492  0.80707495059078072
  0.81786455153609416  0.82412086966407305  0.82944245356915280  0.83479167650185859
  0.84043595188103970  0.84739391349219462  0.85809006349713879  0.87043999375245007
  0.88237589674228556  0.89391853482469774  0.90364956205666380  0.91262475776015395
  0.92234352346934145  0.93228098017336669  0.94453617669905010  0.95676269597314012
  0.96806948245303848  0.97935133451504441  0.98964125985931950  1.00000000000000000
 -0.00244623259861291  0.01081005987583882  0.02062273318146874  0.03175597154335382
  0.04159500570428855  0.05127400859818475  0.06028088833282425  0.06960617238184909
  0.07887306606060585  0.08767660622566854  0.09577169428429744  0.10440053334084742
  0.11422992687901784  0.12393708237676078  0.13391701239928983  0.14416005132782217
  0.15570087506795288  0.16717221577427008  0.17860037603616957  0.19113110974044803
  0.20387549246702613  0.21553499413238009  0.22626791590763229  0.23686272480864537
  0.24813836648334148  0.25902779425031291  0.26932399614513830  0.27987805991658332
  0.29110008169031354  0.30353418189892512  0.31471526801722821  0.32468940703204441
  0.33434806759155994  0.34402674211151102  0.35453320058208604  0.36495755179862982
  0.37528641048675077  0.38607992506419120  0.39737364681789356  0.40897363020138183
  0.42037039372249130  0.43172278287917409  0.44320285904142148  0.45518387893765144
  0.46741320510757084  0.47980780183706967  0.49115850611166484  0.50194380773468106
  0.51209569448942693  0.52201488893848647  0.53203557283950498  0.54267181879242732
  0.55382115675449095  0.56434255975220482  0.57267004472824368  0.58142864518890003
  0.59018713627933816  0.59983317386092017  0.61127684908219437  0.62321418457183619
  0.63501096037802640  0.64650487741862661  0.65709229446035111  0.66672715077331524
  0.67575740090655401  0.68451640056796936  0.69429556061506781  0.70601216047673510
  0.71823042580778940  0.73031513504253720  0.74131419836304191  0.75216459462408958
  0.76337999137081725  0.77506865003487702  0.78648363066641791  0.79786608054880015
  0.80992225988220845  0.82261898344961726  0.83462787680065709  0.84541954617962312
  0.85579463300044223  0.86650719106786145  0.87742544653650290  0.88846558970478873
  0.89922405636158342  0.90955814643758959  0.91963885199259576  0.93008922801451743
  0.94176639491076652  0.95144758493222337  0.95820695401767053  0.96470555449248874
  0.97109940228390934  0.97761399221629042  0.98860021847588986  1.00000000000000000
  1.04614379443090222E-008  -1.0000000000000000     
 T T T T F F F F F F F F T T T T F F F F F F F F T T T T F F F F F F F F T T T T F F F F F F F F T T T T F F F F F F F F T T T T F F F F F F F F F F F F F F F F F F F F F F F F F F F F F F F F F F F F F F F F F F F F F F F F F F F F F F F F F F F F F F F F
  <DiscreteSampler_grid>
  grouped_processes
  1 # 1 for a reference and 2 for a running grid.
  10 # Attribute 'min_bin_probing_points' of the grid.
  1 # Attribute 'grid_mode' of the grid. 1=='default',2=='initialization'
  0.0000000000000000 # Attribute 'small_contrib_threshold' of the grid.
  0.5000000000000000 # Attribute 'damping_power' of the grid.
 # binID   n_entries weight   weight_sqr   abs_weight
    10   10   3.957748140869629E+003   1.535145981812208E+008   3.957748140869629E+003
  </DiscreteSampler_grid>
