  0.00034293872086709  0.00254605877714716  0.00524971315234998  0.00837586335633268
  0.01121501938348859  0.01477526658118298  0.01831656152691683  0.02165016202292752
  0.02485260917970564  0.02784120997621278  0.03075981991589512  0.03367915471707306
  0.03658581956041170  0.03950432737514836  0.04243388761820347  0.04535074362782661
  0.04826822736749441  0.05126185464847161  0.05419413752277517  0.05710948594586002
  0.05984174743585655  0.06249270238733477  0.06488445771307209  0.06727501573202899
  0.06958724326935563  0.07197199499852973  0.07423900929184440  0.07644596594324475
  0.07864564564880573  0.08085831295838675  0.08310371777380733  0.08533680947302763
  0.08753963001662704  0.08974694366786920  0.09194015797068265  0.09411898224093893
  0.09624043973309192  0.09826330837907016  0.10024894237171933  0.10221810685824646
  0.10419862052622178  0.10615461387371579  0.10810878893626384  0.11005619550080831
  0.11195015834175363  0.11377539103301752  0.11556809952708851  0.11727603841097038
  0.11899635461118395  0.12073254027327879  0.12243243781844150  0.12409260085832868
  0.12574724969222487  0.12741334866602080  0.12910664564579510  0.13079506694166260
  0.13247405165091541  0.13407195004861361  0.13565271975927404  0.13721286721625572
  0.13874939440275819  0.14028710741308481  0.14182184832871161  0.14340955030238706
  0.14499223369077452  0.14653250287386987  0.14804872092426991  0.14957544193403408
  0.15112330127136869  0.15265395505581827  0.15420156022201323  0.15577514490098673
  0.15738273520617960  0.15903425618437214  0.16067595849594690  0.16229219989697746
  0.16389705118294856  0.16550299054340922  0.16711688782967263  0.16872588531294838
  0.17050448491762471  0.17247204132695718  0.17456065552681060  0.17668805870780308
  0.17894202073656632  0.18133981342385747  0.18407546188131937  0.18729323015897142
  0.19120054699822428  0.19596652127760575  0.20175924279188931  0.20961774727892463
  0.21996154910500076  0.23352606678884186  0.24331004053457678  1.00000000000000000
  0.02432291062927542  0.03248365661389389  0.04220115565489283  0.05161488138125163
  0.06076481204790676  0.06944907093486223  0.07859778377161117  0.08729728785413540
  0.09585850294441148  0.10422906457581325  0.11258059809136640  0.12106071678611245
  0.12993416152828793  0.13883184678402655  0.14786165264904924  0.15711457883220672
  0.16625405726884976  0.17538857289996077  0.18410162929974164  0.19264834239573120
  0.20144729350848484  0.21030414686024387  0.21892973825977213  0.22747118020337237
  0.23630283365091662  0.24547419139938634  0.25460325204165585  0.26332679371151613
  0.27164901393851959  0.27986350548913219  0.28812077677472425  0.29658745843648365
  0.30525099706732794  0.31372890832462358  0.32243555659516882  0.33143925177090117
  0.34059728353260760  0.34958190565855912  0.35802049974777772  0.36596122700541905
  0.37419867380062366  0.38270611571123109  0.39146078182338501  0.40030139657522246
  0.40942789477186298  0.41871719997408319  0.42834743891885435  0.43792293421380535
  0.44723173658496340  0.45660736949485925  0.46580302063448381  0.47592126753347119
  0.48611129532911068  0.49575119936174311  0.50507343473584088  0.51493176382086736
  0.52519643112899506  0.53547231235128778  0.54592597749822536  0.55656555677240094
  0.56750828941470965  0.57769486596568997  0.58750730773600013  0.59747614513200797
  0.60788114636029755  0.61826794879457692  0.62898553170255578  0.63969302091843294
  0.65032390190696421  0.66099111590242932  0.67184234599474135  0.68253782503099103
  0.69337921027636440  0.70373719861321637  0.71387120772626245  0.72406802293860462
  0.73494615516308304  0.74623383203548876  0.75805406341377934  0.76936717532516952
  0.78048943122012460  0.79181849385634140  0.80376728767734762  0.81641599956103927
  0.82893729482972189  0.84133860589983889  0.85386559231245274  0.86649065174400763
  0.87942141181792621  0.89294490490111489  0.90720956742173287  0.92243609139756189
  0.93918050398355868  0.95933324857968427  0.97692792126409933  1.00000000000000000
  0.00020236319551043  0.00496430651688619  0.00809548948570064  0.01135262974844461
  0.01498937481873115  0.01923448320172735  0.02360256113001750  0.02775127943906578
  0.03173963532104361  0.03598128857070394  0.04059302183311999  0.04534693245269569
  0.04998349108213468  0.05449747521116204  0.05895807831946605  0.06355269569919120
  0.06822618610834345  0.07298532685406683  0.07753655850424158  0.08198900927166534
  0.08643383224719997  0.09103802825640175  0.09540223315027653  0.09980657535787385
  0.10429858268962355  0.10884759949834474  0.11332939448630941  0.11772796705085653
  0.12209841050460236  0.12675982626552729  0.13135937141538986  0.13635011302125735
  0.14114763219117804  0.14610025142205479  0.15110559609394850  0.15614498307599131
  0.16152783731007064  0.16703437801282017  0.17254026287727572  0.17805231750188866
  0.18362595834657217  0.18927209261180206  0.19497174488032723  0.20068799814480301
  0.20652361663833166  0.21246297364179839  0.21838442644840336  0.22450532170276055
  0.23089345834262137  0.23740788059783882  0.24415162330077075  0.25118324399363573
  0.25832494913560466  0.26532671294279103  0.27240015748843160  0.27919554281933695
  0.28586503507398348  0.29239210767642748  0.29899255898223415  0.30548876812324599
  0.31208260628477474  0.31873870021706074  0.32529466699061316  0.33189633183949740
  0.33849960110851862  0.34519764442202316  0.35229910664220315  0.35964585135062699
  0.36694761966387129  0.37446079532088067  0.38240942416112417  0.39069385916388510
  0.39909494122155792  0.40751109271780389  0.41647657436732521  0.42584767875517809
  0.43539705365574927  0.44507465561162923  0.45555066892585849  0.46645638596921385
  0.47713342640354989  0.48810312213641655  0.49946412838830656  0.51099484572369336
  0.52315127527310934  0.53566961150825332  0.54917883040626236  0.56368122756601746
  0.57858594507022787  0.59494831177922047  0.61315170902106642  0.63215482152490765
  0.65067401193636709  0.66870154901208145  0.68055040936716038  1.00000000000000000
 -0.00363465021880228  0.01736537063500419  0.03324221828296611  0.04851986483697552
  0.06325448524667132  0.07681530203041169  0.08955545252386078  0.10194847575929704
  0.11407224920717593  0.12632948464066690  0.13866720130741542  0.15049815502701869
  0.16169787086616083  0.17284372607117704  0.18387348081905538  0.19450989935427074
  0.20484154696636153  0.21533632201417943  0.22573727071409466  0.23586999110379564
  0.24587324734484065  0.25594712154179550  0.26595017407673377  0.27606680672552419
  0.28631840128224628  0.29642223788256683  0.30614094550432708  0.31541461183933084
  0.32438854920548854  0.33353846280583782  0.34304015433332968  0.35330432644475251
  0.36415435521728051  0.37508212881869224  0.38458143568615583  0.39421506748429486
  0.40313027768860854  0.41199545679880217  0.42004587328489645  0.42770594136949891
  0.43535076794525918  0.44307965766447416  0.45064821077700923  0.45848799702582621
  0.46710227505594082  0.47631297437357351  0.48570725887192495  0.49489986009264808
  0.50459154506018422  0.51523505703030403  0.52617615109682225  0.53647583408204347
  0.54595908409159410  0.55497489876741124  0.56403752299844234  0.57311204802101945
  0.58205116094005427  0.59076470940581538  0.59938314170659213  0.60825921522674820
  0.61726566895835910  0.62626679676750741  0.63530114058725140  0.64437336606476969
  0.65368893181531129  0.66348740585828958  0.67398785517719328  0.68507880145414224
  0.69611607868693715  0.70684942542494489  0.71785258960676790  0.72894267257571821
  0.73948634843705308  0.74989259276287701  0.76038382123408532  0.77137934693402399
  0.78202554650713063  0.79221849637306041  0.80220469175740050  0.81249706173423308
  0.82317952506279246  0.83439230349590388  0.84474555986498867  0.85548422548751812
  0.86609644087350124  0.87681289819351937  0.88747393160272603  0.89837571366281632
  0.90972506931634511  0.92138695465870435  0.93313159712495009  0.94499684582661181
  0.95722699863597116  0.97126163135712462  0.98552892188205909  1.00000000000000000
 -0.00269873384518523  0.01082651202602805  0.02182510848164995  0.03207478900576841
  0.04239192698787222  0.05250848061577067  0.06293665741565842  0.07361421238036331
  0.08475508886718101  0.09580174860239038  0.10615385539173233  0.11672931876046602
  0.12710286866026627  0.13778265146807395  0.14817157356215976  0.15860065638199172
  0.16901032351519182  0.17994474291862975  0.19116358122495503  0.20236481506004220
  0.21357089128054632  0.22441579257539696  0.23501401608272782  0.24562766317581436
  0.25642895732908544  0.26702941924625867  0.27696214451961448  0.28670353570146317
  0.29687170917787770  0.30741489315774101  0.31821086894014949  0.32965406109660234
  0.34098000891124081  0.35173996930208207  0.36176782713031785  0.37118319517888815
  0.38089465967685521  0.39030606746481811  0.40001058746363133  0.40969685368780873
  0.42008166038163902  0.43095016682190568  0.44209639078419039  0.45307957264668608
  0.46395766823281187  0.47613720204955967  0.48851623754929896  0.50172748797481592
  0.51508130690355403  0.52621495315279188  0.53654305858238049  0.54689353075990499
  0.55789456715051700  0.56862956513403740  0.57868290988588056  0.58880599904210518
  0.59916918706986189  0.60953081174179702  0.61979093113170880  0.63037082630776708
  0.64084668703336856  0.65185449255887029  0.66226660181006036  0.67245642106907644
  0.68248461829310547  0.69226786169061050  0.70184024010309065  0.71120330307782031
  0.72077024464556594  0.73026708880599323  0.73975921039063719  0.74974536553578475
  0.76094865325375505  0.77197834713702262  0.78239967675564703  0.79309365967297474
  0.80427091791958105  0.81534268375684282  0.82565920040955931  0.83620260683399117
  0.84721374132319660  0.85853526817411741  0.86927995209944264  0.87982561247427971
  0.88979563746251800  0.89945795955475250  0.90939621724135289  0.91970971036007965
  0.93086740215924690  0.94151030821833437  0.95152500620905511  0.96115473761778480
  0.97094784796319789  0.98049441957657169  0.99038370332581904  1.00000000000000000
 -0.00340326013545524  0.01837332617341121  0.03588226766850532  0.05273077271219737
  0.06878238490387287  0.08372499101960681  0.09685035624205481  0.10929637197185503
  0.12139020035892928  0.13370965020940381  0.14554273836371495  0.15672426217570951
  0.16670531171752578  0.17665691601375591  0.18665784835784496  0.19718699983062721
  0.20783954445711522  0.21832675671315949  0.22896660139607850  0.23956140868746942
  0.25003606338705942  0.26021816902953138  0.27028484584962337  0.28042527012699769
  0.29045870204790758  0.30054016504557790  0.31076385231599424  0.32130364626299129
  0.33215615104196239  0.34330789577798942  0.35417253529150317  0.36418268835022466
  0.37401651477555442  0.38381934116038546  0.39390342009490575  0.40376081107939688
  0.41372323842607817  0.42370098899289527  0.43365585747656954  0.44371563081644860
  0.45426405690176253  0.46584370109186823  0.47831918855472727  0.49111947618973240
  0.50348099972759996  0.51480381239333672  0.52517434414598252  0.53508597550157144
  0.54503111861487685  0.55509562546158364  0.56510246565019884  0.57507304494044598
  0.58493365584731860  0.59459381273365319  0.60431748933490892  0.61472142225769166
  0.62550154466646435  0.63590428114732322  0.64595956120735998  0.65621503541987647
  0.66669920718545517  0.67578474516163334  0.68575440670148191  0.69588051796327399
  0.70638156909541461  0.71679976456412631  0.72687994826228586  0.73731673255671104
  0.74812440044366313  0.75920012267795056  0.77004684190158634  0.78049612523015655
  0.79082644155495085  0.80140543131218833  0.81203535337860844  0.82203484291098827
  0.83169935004704665  0.84143130868772975  0.85109940773628068  0.86083898420346383
  0.87025316374065975  0.87966229547456876  0.88942833501610008  0.89879805683196856
  0.90723214350786296  0.91595711374820443  0.92396473000639190  0.93161741144977483
  0.93917652774190585  0.94687869863801910  0.95487508023660528  0.96346736569958824
  0.97271504440138457  0.98165106822812631  0.99085694075176400  1.00000000000000000
 -0.00143396444510551  0.00975123250112689  0.01991950621968098  0.03004882555792066
  0.04034031046563537  0.05030301963821088  0.06041876584826316  0.07095778723598407
  0.08166503080742278  0.09160453512931022  0.10089662931657054  0.11007047545609522
  0.11936182754992065  0.12884900386149056  0.13838956277315947  0.14799229022619959
  0.15795903262724925  0.16783314775884484  0.17752929362104738  0.18729206132529772
  0.19713995738067891  0.20707673825904946  0.21710794328633612  0.22733753323930486
  0.23759971966178928  0.24754349797420519  0.25695463319728007  0.26647967794145522
  0.27638918767949633  0.28634221708697472  0.29614027735539583  0.30602375631406425
  0.31622841041466493  0.32670953938785419  0.33722520146023277  0.34785844428603901
  0.35839081557735153  0.36850340342449345  0.37861412055659438  0.38885638247882204
  0.39901591012102122  0.40882323764228101  0.41861273003331123  0.42855553683588915
  0.43843660640546295  0.44809414497634337  0.45767186010889660  0.46755056012282364
  0.47753257448370007  0.48751042521294857  0.49737491109019288  0.50717881472592197
  0.51744758849404227  0.52811324729255493  0.53894460082923767  0.54965938612303400
  0.56036599039389401  0.57101747959467797  0.58124485744912713  0.59148053571083203
  0.60170227347473915  0.61274514022184845  0.62328083797617650  0.63403863905558822
  0.64398930938895127  0.65407824767672806  0.66435783538967064  0.67503577489230893
  0.68595833611712165  0.69676512268436464  0.70778582615722108  0.71893361900951103
  0.73014399579642575  0.74236551272377516  0.75447453692851707  0.76731236225675004
  0.78024710459003144  0.79196782976953306  0.80371234696842464  0.81509306784179614
  0.82675837624477466  0.83865625103216668  0.85053111786110469  0.86263466293830648
  0.87472868415077065  0.88638632561714836  0.89771957361626842  0.90868875624662737
  0.91928164888599573  0.92975992677219810  0.94009697006916948  0.95064804161996896
  0.96160513301098505  0.97314420788000577  0.98581986043249481  1.00000000000000000
 -0.00224086096124327  0.00971906276161259  0.02001559981466099  0.03079626783027303
  0.04195988667875838  0.05190366786351379  0.06249188240615994  0.07340238527833672
  0.08476520088165637  0.09451243398176506  0.10474510432435678  0.11553446011350166
  0.12556404538851076  0.13490869353023285  0.14399876228240419  0.15411655783616443
  0.16441198973658153  0.17458680946893992  0.18440164075237803  0.19432985635860772
  0.20437192894128603  0.21393835582260906  0.22390821768500418  0.23417235035804809
  0.24447799910796092  0.25456437702695855  0.26448450652911459  0.27449765038112517
  0.28437253266622586  0.29449761651302619  0.30465519523206713  0.31477257945108089
  0.32455757740283020  0.33480825856814800  0.34569783783743568  0.35688248143476414
  0.36786546213637539  0.37888136718524551  0.38986923185126765  0.40095705493781469
  0.41227425236606613  0.42339926957044827  0.43433635278623411  0.44537523111240196
  0.45647335180803550  0.46714758464942663  0.47774304561973063  0.48901780310674836
  0.50096234000034190  0.51230807134142764  0.52336064656050019  0.53390198883214468
  0.54434701918137196  0.55471601751946953  0.56519937535495735  0.57592157511276909
  0.58676459418058691  0.59739600438434948  0.60798072890814880  0.61849783058281327
  0.62929357724349266  0.64003777280581209  0.65049460471871778  0.66085726580281445
  0.67138888822335285  0.68280467731785555  0.69511265686731027  0.70792488815484578
  0.72000981721669843  0.73158670051472852  0.74258506729560569  0.75334424626457419
  0.76382257073192683  0.77421229940315717  0.78466123078909478  0.79499973809070290
  0.80498837150990754  0.81448715565203744  0.82390287238129278  0.83365922822723082
  0.84400355387049342  0.85432134757642852  0.86460052021936551  0.87482761551087551
  0.88526875300289354  0.89621158034852255  0.90770283469565982  0.91920794489666446
  0.93058709459554745  0.94126465952306615  0.95121695215076463  0.96061695239282385
  0.97002976100412119  0.97988962032642102  0.98997841187649882  1.00000000000000000
  1.56938744657757740E-010  -1.0000000000000000     
 T T T T F F F F F F F F T T T T F F F F F F F F T T T T F F F F F F F F T T T T F F F F F F F F T T T T F F F F F F F F T T T T F F F F F F F F F F F F F F F F F F F F F F F F F F F F F F F F F F F F F F F F F F F F F F F F F F F F F F F F F F F F F F F F
  <DiscreteSampler_grid>
  grouped_processes
  1 # 1 for a reference and 2 for a running grid.
  10 # Attribute 'min_bin_probing_points' of the grid.
  1 # Attribute 'grid_mode' of the grid. 1=='default',2=='initialization'
  0.0000000000000000 # Attribute 'small_contrib_threshold' of the grid.
  0.5000000000000000 # Attribute 'damping_power' of the grid.
 # binID   n_entries weight   weight_sqr   abs_weight
    10   10   4.178048257896740E-002   4.285213791942718E-003   4.178048257896740E-002
  </DiscreteSampler_grid>
