  0.00004042484458316  0.00015202190113833  0.00030655334009238  0.00050135773999097
  0.00069109102013597  0.00093207785745571  0.00124783650874939  0.00152848377886700
  0.00174881977611699  0.00194480783373059  0.00213701902359511  0.00231261399767386
  0.00250113483428024  0.00265738881365344  0.00281344675868109  0.00298199033651416
  0.00318233535614276  0.00337283829417280  0.00354259083707530  0.00370423756138894
  0.00387022625080921  0.00403736000917978  0.00417218188959093  0.00429529809492196
  0.00441731162948070  0.00453158304459473  0.00464759260886846  0.00477486911445809
  0.00488582907702954  0.00499634198838357  0.00511275623381758  0.00522446502796238
  0.00532538597368136  0.00542118831473299  0.00551900398770605  0.00562949757101340
  0.00573743461723860  0.00584624870981470  0.00598351432619841  0.00616598222862904
  0.00649188742316991  0.00788371645189833  0.01048311462215527  0.01065492977034538
  0.01079679116268005  0.01092386184106031  0.01103792634797670  0.01115660829939437
  0.01127334046070199  0.01138631049164601  0.01150645690806623  0.01163012748046631
  0.01175559548982029  0.01188080044729653  0.01200238879020369  0.01212765114416268
  0.01226661413074779  0.01242424156853092  0.01261977110381011  0.01282109034685591
  0.01306195569176067  0.01336285449132191  0.01372430399632981  0.01413081287616740
  0.01455748975413141  0.01501348589022385  0.01549575958272095  0.01599463025072064
  0.01648454399065625  0.01697907915599024  0.01764613210394442  0.01835964174938425
  0.01908832534710429  0.01988465876431060  0.02088436908567808  0.02202984684444597
  0.02323283035956151  0.02452355616898465  0.02598850432382277  0.02755862216542831
  0.02925388092557200  0.03102925560050000  0.03313954769076111  0.03595678922956014
  0.03922935243368041  0.04259535131060076  0.04650622708318526  0.05163935815525964
  0.05866786857523944  0.06809818708808593  0.08138131333105976  0.09929990816481206
  0.12435844564537180  0.16610340813756333  0.25404988222961988  1.00000000000000000
 -0.00073335608487742  0.00439419403959688  0.00648556674823917  0.00902396644454546
  0.01046173438095657  0.01170901037889838  0.01281802473314798  0.01393124425689718
  0.01532482439167311  0.01709105063098850  0.01885745266579892  0.02033727272412283
  0.02194323083256280  0.02424209026002681  0.02670182770889755  0.02854062671784177
  0.03030931996922618  0.03210334902268724  0.03406091016589569  0.03596778999101038
  0.03780012888451315  0.04023684898844358  0.04245783464697036  0.04500295952888887
  0.04785185096635781  0.05046419137300148  0.05294325823384637  0.05500575882378671
  0.05719307215314586  0.05943483123501220  0.06167739462973536  0.06385778931155429
  0.06602295653385724  0.06822266086554758  0.07074406017303594  0.07382506999406810
  0.07752695981618021  0.08041287150383998  0.08405777964445008  0.08785163192819465
  0.09226062765528013  0.09689816406649254  0.10155073381995837  0.10595932639308969
  0.10954491188357243  0.11280565706073131  0.11622827347751007  0.11928333718091451
  0.12245798900639616  0.12597638125209046  0.12946932322534294  0.13351561934835371
  0.13744696709949528  0.14171537032577264  0.14608436528142554  0.15048984458321105
  0.15491425760774294  0.15962052874649563  0.16464181891157884  0.16991933944752163
  0.17521662653236314  0.18073273346439903  0.18723964929410652  0.19262264440745783
  0.19755838041602172  0.20254912773551342  0.20778702086864198  0.21387306870037462
  0.22114311308833706  0.22977056636814955  0.23934378079408428  0.24880197356340911
  0.25802506146081244  0.26743654246987153  0.27630406552046477  0.28473037024465681
  0.29461155500572828  0.30391460121540131  0.31499457247753887  0.32642820942731515
  0.33732521353652944  0.34857778585884958  0.36590228336400543  0.38438310880614401
  0.40328759642756123  0.42551151624647943  0.44479884461757885  0.46586163320864715
  0.48560671838842373  0.50639554944682608  0.53084028939114236  0.56301130965357804
  0.60871601431617073  0.67311280324777323  0.78146607922222378  1.00000000000000000
 -0.00000564695793850  0.00020347510648856  0.00086161612190301  0.00193332101241987
  0.00357720482111765  0.00570302411406417  0.00822748082765655  0.01126028799627479
  0.01440145137869265  0.01756021412779615  0.02090044198659649  0.02479000872590234
  0.02926591467264503  0.03408702593136614  0.03916580504633502  0.04405609349501083
  0.04815961950937928  0.05228544142629753  0.05667804520269403  0.06102501297739174
  0.06634935736086792  0.07381160242002179  0.08205303975052168  0.09002099008493801
  0.09803817393665698  0.10531603268849142  0.11284027239977461  0.11967303612481826
  0.12669107310577796  0.13384329254350888  0.14145838797036253  0.14953357131593414
  0.15782229274014392  0.16547296227998159  0.17269449125602318  0.18092954560692653
  0.18965938953318787  0.19798053651300621  0.20530102811551248  0.21254399022023160
  0.21970226062404485  0.22674973087862368  0.23414241722174955  0.24374766925309346
  0.25414500679314550  0.26581241381148962  0.27862800458753356  0.29235573277129295
  0.30654631368712332  0.31995806331438020  0.33148727170971498  0.34162764680596569
  0.35134888484857818  0.35959462790294094  0.36747216315561287  0.37599634686072853
  0.38505780440315379  0.39462170241179956  0.40550935699473983  0.41854894733400050
  0.43143032022465122  0.44218995598581656  0.45165030913127840  0.46153796058127777
  0.47157325356625807  0.48181896810168490  0.49422005633717037  0.50649401871308697
  0.51816437838333662  0.53231984585907521  0.54714663219288429  0.56280023974616455
  0.57860118302213515  0.59542611404963730  0.61402709605129469  0.63296959508520578
  0.65221693709587791  0.67135774154475047  0.69003755162993274  0.70764078615285986
  0.72317007745928730  0.73801024334459386  0.75295758584692096  0.76812153137685590
  0.78303051233694398  0.79752650448684859  0.81269354769650992  0.82961083331921093
  0.85075895721060479  0.87195314818293912  0.89188708492956204  0.91109196729807107
  0.93253795540542128  0.95497387859539395  0.97763249445209932  1.00000000000000000
 -0.00185516509905053  0.01134975509797476  0.02191375688818706  0.03151054310495063
  0.03986812245143725  0.04801030334957065  0.05678893186187244  0.06644897132301698
  0.07674433308384991  0.08742601306252762  0.10071908824303939  0.11695074708244083
  0.13401136451651047  0.15075379876564829  0.16774828109306303  0.18546464963178139
  0.20252930107091377  0.21688488605792736  0.22806725809839315  0.23724464116875985
  0.24635994333581407  0.25594662507615318  0.26812597998023591  0.28085484826204199
  0.29188028957236362  0.30207283541477770  0.31245589317798450  0.32214449296055875
  0.33060046558025774  0.33959683438439042  0.34946854873816025  0.36004851211598377
  0.36933792121517217  0.37715061089806057  0.38433406563756639  0.39199051913816518
  0.40190308348279696  0.41254353914640968  0.42186896156161274  0.43127831521400045
  0.44145395649520708  0.45343864837633957  0.46757320832543087  0.48055759153549166
  0.49177424207484555  0.50153893438114494  0.51014471890404334  0.51921941080909162
  0.52785369145143246  0.53375735965646676  0.54122024153006509  0.54967841339169632
  0.55953373766119252  0.57068711405831318  0.58420371355275125  0.59861249788465032
  0.61395661572186144  0.62735063987917705  0.63849311358532135  0.64900985042448467
  0.65867518844804329  0.66639018393065175  0.67280445570278635  0.67931794735507189
  0.68729576570710793  0.69754311057486607  0.70691998357414609  0.71476368946582947
  0.72377191652269612  0.73095781093543832  0.73818478682832755  0.74603815695381248
  0.75471720031440215  0.76346986275093309  0.77152945687421004  0.77876585313400259
  0.78715255106171711  0.79682188520752173  0.80699792521414382  0.81647324984376668
  0.82523966519869940  0.83398767976163257  0.84449899915603122  0.85550882078952095
  0.86597084958873216  0.87621525426409674  0.88752493118053155  0.90240982101022194
  0.91695381965412337  0.93053483986283680  0.94313322949659462  0.95377325632651966
  0.96357716192030629  0.97358127871527589  0.98441144115213874  1.00000000000000000
 -0.00230500428371921  0.00499574002421042  0.01246452711479816  0.02009272733600861
  0.02763694534436755  0.03768998150230844  0.04697604474732985  0.05681728235779523
  0.06756477434915542  0.07881971631519644  0.09002344422276090  0.10043558357193239
  0.10892331227753133  0.11675997332288551  0.12370664333244816  0.13027958862464722
  0.13660475292831231  0.14373826857457769  0.15040037385688113  0.15659266544249958
  0.16244007290638948  0.17006385689814027  0.17967521710362569  0.19030114339055140
  0.20158917219489769  0.21612914737144254  0.22953664723303666  0.24278372989904726
  0.25605245326539133  0.26965040849432370  0.28334555742762074  0.29619815930682564
  0.30891686583675265  0.32288158940740735  0.33640278529863465  0.34866483857754849
  0.36051325749568019  0.37237984633833160  0.38453798762454949  0.39649561322914839
  0.40725523784090895  0.41968649588463069  0.43166082877742429  0.44288733944986530
  0.45398374627052457  0.46571490802502513  0.47875436490570322  0.49039179786923875
  0.50103543176114218  0.51178130074037209  0.52229018391568738  0.53753009834373833
  0.55218660398483899  0.56658502549479861  0.58145672676757187  0.59325817655288848
  0.60422798992359328  0.61509258240048748  0.62695121079584237  0.63818308700173187
  0.64924598515657939  0.65889660252532134  0.66878507973623147  0.67895201379520365
  0.68987692193195238  0.70057679998199285  0.71270429134200675  0.72764573739097560
  0.74097574121490495  0.75368055430950942  0.76550311930916204  0.77762287933514063
  0.78901826579558865  0.80111513633302256  0.81245381651535431  0.82199552389808039
  0.83105172061645438  0.84041206525885948  0.84903553052142844  0.85678129686723070
  0.86461675947789629  0.87217689782825658  0.87930999535776122  0.88696516853340557
  0.89430467273249414  0.90261071032869555  0.91074386974287780  0.91857219699950421
  0.92608838997001419  0.93429111613855720  0.94350793247682174  0.95400293396045477
  0.96544746516369162  0.97618101337065588  0.98693509458505146  1.00000000000000000
 -0.00115888425092937  0.00645058454323556  0.01428045672086294  0.02501618736340220
  0.03667592747759398  0.04773496496575975  0.06045779668359915  0.07247276225821815
  0.08381686857200338  0.09311956545478102  0.10230333762098398  0.11160404451050066
  0.12318004875464633  0.13775746855333587  0.15028641273562535  0.16012985777945613
  0.16926190288251580  0.17878985767453598  0.18954225409112280  0.20147360995669322
  0.21184565772747932  0.22122510479575247  0.23037614393863501  0.23750326791212834
  0.24528655889007822  0.25408708794053425  0.26345135841127804  0.27155603372251957
  0.27915120964551432  0.28651121520848599  0.29497875288785108  0.30690918071770623
  0.31907579698326038  0.33250072265537328  0.34789542638422871  0.36468155450419248
  0.37973390951397090  0.39069972788410667  0.39894620373981043  0.40748443735794104
  0.41574895657808397  0.42402937343737890  0.43450408921497857  0.44467959858280348
  0.45418978249160974  0.46186458539941716  0.46998627178402541  0.47967073881040734
  0.49139622924506821  0.50283675950301066  0.51489108795925009  0.52592788171027371
  0.53684671771305170  0.54925939333732876  0.56199314137049372  0.57260541687272537
  0.58356078520941090  0.59599518232132420  0.60781607293416151  0.61851235675119820
  0.62954606629453647  0.64237004234931105  0.65473553262430484  0.66680703155171184
  0.67876392633911597  0.69118339465729250  0.70323284162020183  0.71426900695560946
  0.72474176067721674  0.73500967843289944  0.74618754920757080  0.75685395102310371
  0.76577537969656229  0.77378463519034302  0.78259533294068728  0.79242475198095930
  0.80045350812866001  0.80795125346125574  0.81580071936556486  0.82544418605894054
  0.83620242845771187  0.84658036639916456  0.85786467793067511  0.86970654921767276
  0.88014572316181383  0.88907081233927743  0.89851776431330643  0.90750938328220243
  0.91611508278289477  0.92409048912563241  0.93298509540860719  0.94408453792411084
  0.95724598425784380  0.97224684124122218  0.98566787292534630  1.00000000000000000
 -0.00210237848627550  0.00832437204843679  0.01892974166006735  0.02903365219629080
  0.03937979115601760  0.04859511427910982  0.05678349027957431  0.06584422437985787
  0.07569823252864438  0.08645678737422492  0.09790192382560277  0.10777221387037408
  0.11728129674504388  0.12627846123453862  0.13439605979747180  0.14312760903883620
  0.15169811389190579  0.16156438838878134  0.17147246501336436  0.18090469037975596
  0.19057727910212596  0.20058985546274063  0.21030606684189074  0.21972559660712110
  0.23212500237769626  0.24701699376262945  0.25623212576276649  0.26568281455927134
  0.27696481815402491  0.28791987753224152  0.29790307089458079  0.30814642888267152
  0.32025685737700016  0.33278266547814550  0.34527314839104384  0.35882001448439532
  0.37394624247687724  0.38931737040661352  0.40289123982306346  0.41427000359456451
  0.42544482350744850  0.43667758818352453  0.44752567236218088  0.45740788724952530
  0.47042632221036423  0.48383191313913221  0.49518808655761049  0.50688637483592180
  0.51919339533327680  0.53128349210187431  0.54289170346601279  0.55473640746217434
  0.56701070831139366  0.57723247659340982  0.58804681688358706  0.59992572746733208
  0.61333288147777087  0.62853351370352617  0.64752103788254689  0.66254250134761961
  0.67642567604167247  0.68879619587349628  0.70039376565135858  0.71175703084591724
  0.72207373195777880  0.73179160938534116  0.74071827615578290  0.74939845558893081
  0.75777304447779892  0.76550474687182468  0.77293270837361738  0.78105606437115416
  0.79014246786577624  0.80035518872556832  0.81316216769565264  0.82604902081823939
  0.83831435467940840  0.84962020462962617  0.85998788667631620  0.86988618751408875
  0.87958740459755547  0.88902979022753548  0.89744096097410997  0.90456876463943514
  0.91092926338716951  0.91769772943867578  0.92501149430892615  0.93234279447051716
  0.93973168834467391  0.94676793458941222  0.95326370820244499  0.96067335042971402
  0.96886135191070022  0.97810291524934356  0.98906814899376383  1.00000000000000000
 -0.00117465567013603  0.00809567705916941  0.01760977913886819  0.02863172269438138
  0.03737393266241134  0.04621220572832091  0.05657767435664536  0.06685609290589437
  0.07677896995571361  0.08650902940655633  0.09593026470859517  0.10591340023171306
  0.11388841117506270  0.12123405417508470  0.13132885191981200  0.14400374253762357
  0.15725482425170406  0.16935790288860361  0.17966666396522485  0.19030663578964144
  0.20197349570119846  0.21402451340023684  0.22550168714529412  0.23765641618039701
  0.24928415759416911  0.26101904137027920  0.27382887986425020  0.28909191440429977
  0.30386259888424000  0.31606374156807515  0.32703036778864353  0.33643383707683100
  0.34407228572209481  0.35295520634148914  0.36237361716281802  0.37273972753604240
  0.38472011320582394  0.39300887917448474  0.40030386266170176  0.40864490488149768
  0.41755018474567113  0.42855465739983400  0.43980079098226438  0.45017368320017564
  0.46028537717827711  0.47131179957541736  0.48344420672781663  0.49438737138153543
  0.50480468203923590  0.51399956450209794  0.52526492200532515  0.53543298259827510
  0.54333086162487987  0.55038873526682364  0.55687823308777551  0.56373706434679849
  0.57143785157383054  0.58109057114191798  0.59171388611315834  0.60299029414619498
  0.61503332282455681  0.62645180414845569  0.63875731961849724  0.65121934675932969
  0.66399010007114301  0.67616017442555643  0.68676778740816657  0.69604543441384892
  0.70462975550919482  0.71323954614588203  0.72204372732257827  0.73150289973204541
  0.74228077992462749  0.75625871893062213  0.77000124473643983  0.78229481540477663
  0.79355932414252117  0.80427740643975709  0.81525748824996269  0.82670751159106592
  0.83904700836075430  0.85065365990256248  0.86219579945887292  0.87360970142401118
  0.88500297927674765  0.89668875158539552  0.90897012682385259  0.92225269402464027
  0.93577305787757470  0.94632642434549974  0.95464197673482565  0.96263534310447729
  0.97174274635583990  0.98073592938018128  0.99021294791565828  1.00000000000000000
  7.83901802610971017E-013  -1.0000000000000000     
 T T T T F F F F F F F F T T T T F F F F F F F F T T T T F F F F F F F F T T T T F F F F F F F F T T T T F F F F F F F F T T T T F F F F F F F F F F F F F F F F F F F F F F F F F F F F F F F F F F F F F F F F F F F F F F F F F F F F F F F F F F F F F F F F
  <DiscreteSampler_grid>
  grouped_processes
  1 # 1 for a reference and 2 for a running grid.
  10 # Attribute 'min_bin_probing_points' of the grid.
  1 # Attribute 'grid_mode' of the grid. 1=='default',2=='initialization'
  0.0000000000000000 # Attribute 'small_contrib_threshold' of the grid.
  0.5000000000000000 # Attribute 'damping_power' of the grid.
 # binID   n_entries weight   weight_sqr   abs_weight
    10   10   2.842848791644576E-007   2.353261479109500E-013   2.842848791644576E-007
    16   10   4.137262277214651E-007   9.027848992556260E-013   4.137262277214651E-007
  </DiscreteSampler_grid>
