  0.00000825862212254  0.00000838017518198  0.00000875431544448  0.00000915359064569
  0.00000957828427529  0.00000999705773261  0.00001045124477227  0.00001096716354909
  0.00001157897908845  0.00001219300092766  0.00001272859915488  0.00001329262481379
  0.00001380587648320  0.00001431095849117  0.00001484157653949  0.00001540365309879
  0.00001605709744459  0.00001679843908834  0.00001761457426178  0.00001845259823600
  0.00001943180545684  0.00002049429891911  0.00002148976389038  0.00002258227996165
  0.00002374716973199  0.00002498146447062  0.00002611315579988  0.00002713997526406
  0.00002820680274759  0.00002932448508385  0.00003051145349267  0.00003175025998822
  0.00003295502130115  0.00003422613008693  0.00003565516464260  0.00003714599221801
  0.00003865860873817  0.00004033063656684  0.00004211118868545  0.00004390037497636
  0.00004576624717862  0.00004767720172706  0.00004968414230556  0.00005186499857396
  0.00005421350307455  0.00005663869683475  0.00005908674549498  0.00006167010861408
  0.00006450933518547  0.00006759028490650  0.00007080247184209  0.00007432084500970
  0.00007765388378245  0.00008104861174046  0.00008475195278719  0.00008867518519782
  0.00009286154036483  0.00009724074666435  0.00010179023329894  0.00010655011826278
  0.00011170853287891  0.00011763697143928  0.00012353868186897  0.00013036385526444
  0.00013647806815232  0.00014244403706005  0.00014872047889012  0.00015576980531919
  0.00016400665525686  0.00017352745163288  0.00018425674844229  0.00019597951612880
  0.00020893362517753  0.00022355725726976  0.00023965484565243  0.00025817908172711
  0.00027991645198855  0.00030491344971881  0.00033310660009348  0.00036454006932608
  0.00040046238542775  0.00044248783772862  0.00049423401820734  0.00055633525774781
  0.00063110198483927  0.00072288526905374  0.00084416542739009  0.00100474743898129
  0.00121391785019775  0.00150809096680349  0.00194994416276078  0.00262855362715525
  0.00387512345071464  0.00709685065872895  0.01896376904047017  1.00000000000000000
  0.04876483965050130  0.07029574567313349  0.08942452741485873  0.10475470176110165
  0.11677380913680292  0.12745974386554540  0.13694112513504292  0.14656151858917082
  0.15506951368832153  0.16303727297035173  0.17051865041647643  0.17795040316754829
  0.18536073429398298  0.19261988779490258  0.19973537369985517  0.20662899220908151
  0.21311080191563778  0.21926930665350858  0.22516494159415609  0.23083147371608950
  0.23608741962392105  0.24130249973457657  0.24648038116898605  0.25164028040506276
  0.25698871031505016  0.26253205592284273  0.26810915738400704  0.27354419654348877
  0.27867467737172458  0.28363513739240104  0.28848368674592573  0.29325864517310113
  0.29795813684208122  0.30253969857325580  0.30720547697772815  0.31180651545458266
  0.31637626005007047  0.32085839195611626  0.32509036502562549  0.32938186853555740
  0.33364271582023525  0.33730486969324658  0.34106729538911723  0.34488620252376145
  0.34889636997754880  0.35293178329231634  0.35679965666781222  0.36072910337516040
  0.36491348484546909  0.36872175473469182  0.37245769910701093  0.37580143742791006
  0.37901462869899494  0.38241105057478214  0.38588957176198296  0.38933769206849672
  0.39266965257192282  0.39578256179079169  0.39881455715421532  0.40180488845687312
  0.40493503635426342  0.40821731279731011  0.41165350422281666  0.41527865983449330
  0.41873861368199228  0.42200213228446887  0.42499596362326864  0.42812431323259698
  0.43116125128238530  0.43428810334385476  0.43752309982042731  0.44093225708735501
  0.44424838834075875  0.44733298927338527  0.45042507504313439  0.45349652952979169
  0.45674231547005295  0.46004311910176743  0.46346515782210207  0.46693370461334677
  0.47045833348140348  0.47406695106250291  0.47736540949472911  0.48049820139897670
  0.48384655123826792  0.48733453792574111  0.49147336434742345  0.49532965207261020
  0.49897424379686345  0.50241919737657059  0.50542828086042568  0.50842207005746709
  0.51101419813069227  0.51375438850753330  0.51576154552170206  1.00000000000000000
  0.00102131419712763  0.00142633473871612  0.00176467698858541  0.00210083442959118
  0.00248394983092447  0.00273329628093546  0.00295734532545951  0.00319079764163113
  0.00349540182983180  0.00381852233410786  0.00414024356369360  0.00446120906722739
  0.00474695738921474  0.00503136759637626  0.00531112660949883  0.00559951421758925
  0.00589535016507821  0.00619372090728877  0.00651143874169339  0.00684451591222082
  0.00717976143157340  0.00750646446991161  0.00783258378595512  0.00818429817234640
  0.00858344172727001  0.00900591475092349  0.00944321820330416  0.00990477991397019
  0.01038808247037365  0.01086207040769893  0.01132224235029495  0.01179766188934683
  0.01229512202667016  0.01283855029490908  0.01337742705462129  0.01393353899135333
  0.01450019277590852  0.01507662668872716  0.01568092028208490  0.01632161014018419
  0.01701132068689691  0.01774737178596334  0.01850429795911788  0.01925905981682001
  0.02000229200088280  0.02075185767834522  0.02152968072394967  0.02234628790421502
  0.02321388324497712  0.02419049107888177  0.02519635399648980  0.02627522336883522
  0.02733079476639063  0.02836130456289847  0.02939183310003452  0.03045402078981628
  0.03158588740245079  0.03281487869049695  0.03411425585312448  0.03541935797590821
  0.03676296759662096  0.03814774179723578  0.03959626128342110  0.04127746340725266
  0.04307752779331733  0.04498698304027193  0.04684646579713832  0.04886157439304203
  0.05102802271120321  0.05325891170417379  0.05563780996042228  0.05793946703501732
  0.06040988779129716  0.06318564467060976  0.06630171509163718  0.06979179231720403
  0.07356999750880724  0.07753186110895242  0.08167603443986914  0.08612895560670859
  0.09132698849179162  0.09679436107370337  0.10340389215959775  0.11042320941695066
  0.11605588747045618  0.12155836664622380  0.12682127953652819  0.13170206546032137
  0.13783497621497232  0.14489122572863436  0.15295261116549766  0.16320395533124693
  0.17407424807928579  0.18480477937219900  0.23527734040177808  1.00000000000000000
 -0.00184353374015936  0.00857506895226728  0.01653613727612273  0.02531056465502494
  0.03434820444154152  0.04457863011929705  0.05546440741984862  0.06569628092857942
  0.07550182219671699  0.08549209893931399  0.09638167923299669  0.10780860856026209
  0.11875599417583239  0.12904160936765696  0.13887701722921156  0.14881739873672079
  0.15950760965399891  0.17135215832992104  0.18328727462348415  0.19442840242755990
  0.20484299740523826  0.21559793300905766  0.22656500261721763  0.23701273508714915
  0.24744583128504874  0.25812084257196832  0.26904195865188635  0.27954004691333101
  0.28978008043112402  0.29991610058573970  0.31061064956117990  0.32150538914963050
  0.33329041620326727  0.34482528431880904  0.35554844618719167  0.36607740635970831
  0.37665378853740250  0.38727456060177107  0.39740376528279953  0.40735613417052136
  0.41768537521009175  0.42780983257521854  0.43822633184480719  0.44834780256860191
  0.45799327093340320  0.46709617590420782  0.47598498906854658  0.48513260852691659
  0.49452108929134525  0.50402499569713455  0.51325493235298214  0.52230178788699100
  0.53168777458957228  0.54134260449011862  0.55145815795610154  0.56118990872233998
  0.57060423488827128  0.58030818367557158  0.59127323449324132  0.60236713131959663
  0.61178468079644299  0.62107047199972409  0.63042939889592875  0.64042195830861792
  0.65046336396548621  0.66073473481000067  0.67135493039958949  0.68259677677940156
  0.69414980999148035  0.70604842364741627  0.71836966163891736  0.73112823160985030
  0.74330914277241755  0.75477953335765557  0.76620835378120578  0.77824177489759372
  0.79096603780520258  0.80355622082411671  0.81552544945300287  0.82718564139450212
  0.83856498393062973  0.84953499684056177  0.85980322212376736  0.86926757737719995
  0.87891181678863950  0.88875113028765695  0.89907499308933425  0.90938899579491184
  0.92005392312213585  0.93152719889950830  0.94413967780160912  0.95720391208188937
  0.96940372570213795  0.98050625344116105  0.99051138531785710  1.00000000000000000
 -0.00263593227453497  0.01198067027730999  0.02332186393904064  0.03430295983134182
  0.04565946792185421  0.05742980584702695  0.06852285468108901  0.07942178639088007
  0.08998895922839728  0.10064330649099981  0.11109276963872505  0.12125228674407929
  0.13159155044418452  0.14248170265579937  0.15468951688662114  0.16709758223230439
  0.17840560585890236  0.18850663994114322  0.19807239619437095  0.20802072373206881
  0.21888957313750246  0.22926179835057670  0.23983439795970060  0.25022174013937271
  0.26115443040374731  0.27168162444990518  0.28184688192601765  0.29119835087892482
  0.30048788337875515  0.31004785300561949  0.32198106115892677  0.33349648421163636
  0.34417641488899797  0.35408016108579637  0.36407436227044143  0.37472689805152060
  0.38632353954889165  0.39844355340030463  0.41017740142095466  0.42154579755946325
  0.43327001711927043  0.44510464448122566  0.45663690512461752  0.46741782813332905
  0.47679358745496431  0.48569364204636883  0.49421732637757015  0.50436977447320452
  0.51551818761024870  0.52780635139027909  0.53902295477787876  0.54855929661982006
  0.55707537857601308  0.56531646672171032  0.57385040528412523  0.58297284707953068
  0.59288341031963399  0.60272314802115645  0.61246550354064788  0.62203714365733376
  0.63074078391392785  0.63946616821848790  0.64947070059902112  0.66063301782245309
  0.67200280612399976  0.68293465283624744  0.69358601132534403  0.70427397777064404
  0.71478768919934643  0.72525073753716929  0.73524141163062318  0.74474048982660523
  0.75435310664682265  0.76410352706471241  0.77473766976953895  0.78516347788124086
  0.79600242594176018  0.80700037999955476  0.81663447386328858  0.82561156806630809
  0.83417842554412736  0.84276518206005957  0.85230095108810167  0.86243975854371857
  0.87368292685005022  0.88550015984425490  0.89790996898110031  0.91074012815578598
  0.92345038864721019  0.93545112044228507  0.94690815151194074  0.95793001596900407
  0.96814412649611681  0.97858836021483042  0.98928297445054181  1.00000000000000000
 -0.00208298980911869  0.00773360055749901  0.01615497327803307  0.02491749832710817
  0.03353103693524796  0.04255666242621701  0.05199239621784718  0.06180271193324324
  0.07170442091153729  0.08181157445190101  0.09218509442690247  0.10289521067278763
  0.11308134690515764  0.12394527057734617  0.13701715008718932  0.15108362500051933
  0.16460669398031316  0.17692391689858306  0.18841080685952297  0.20000626628099086
  0.21134838538665152  0.22254459287343459  0.23407935903709340  0.24638268381787412
  0.25776033923132774  0.26919772182492618  0.28118344647904714  0.29443594289374120
  0.30674487525060490  0.31931893970641362  0.33267106759778842  0.34586196272390135
  0.35884915847735460  0.37184299852001651  0.38436235944715169  0.39709479720324137
  0.41051239196066053  0.42446715339157948  0.43951694574478933  0.45505167614177955
  0.46983608681955291  0.48318856248457964  0.49624958437752020  0.50862215518495235
  0.52055814391115651  0.53307147370046826  0.54667493630400643  0.56039593982483771
  0.57361613783875154  0.58618972846646245  0.59873470208829083  0.61145312356416370
  0.62452779897814847  0.63665984171545142  0.64808034526935820  0.65927088389867161
  0.67035586003702641  0.68103394449584220  0.69161526795563733  0.70346438637454678
  0.71584953859653200  0.72803214830587804  0.73927698819686427  0.74988738820691736
  0.75964497916306495  0.76939696407535785  0.77855510927219485  0.78753443500416265
  0.79655782131681596  0.80501278728715786  0.81337153704680798  0.82166093664105921
  0.83011914452423163  0.83871254080186897  0.84603294730075307  0.85323706421735590
  0.86035478152714107  0.86795888620467432  0.87547842829209799  0.88287911451159684
  0.89040053318382995  0.89820508988889103  0.90709145604400243  0.91576208981528295
  0.92430761929864136  0.93282298206856840  0.94094179401248423  0.94876698944013693
  0.95685090627334368  0.96441267493049698  0.97109154323312241  0.97726455993039818
  0.98307035200402981  0.98863838334139709  0.99433660231647070  1.00000000000000000
 -0.00202500937033325  0.00826787119276754  0.01737555454012610  0.02680761013080576
  0.03700909950668307  0.04701868919013797  0.05679443158742169  0.06624247835254378
  0.07629786823386019  0.08658715505280049  0.09715439282231321  0.10733247937664561
  0.11807724940028733  0.12872071383223585  0.13929546326011388  0.14959439065245952
  0.16065869570786243  0.17202215061682313  0.18429429961194482  0.19640646397328837
  0.20782203269917848  0.21775453177994442  0.22760479406319689  0.23770774702058647
  0.24888372850393170  0.26005237188235203  0.27052929399507503  0.28068305701522855
  0.29121539767862969  0.30196751641421449  0.31321487834238793  0.32439080311049889
  0.33552487407386089  0.34702793636560936  0.35889942959531884  0.37081690222368263
  0.38218984476236306  0.39248820853307231  0.40223101600428496  0.41149082004946513
  0.42097803843661824  0.43058910839148684  0.44105603636037483  0.45240546961233558
  0.46408008955349778  0.47568961353238087  0.48725197042251844  0.49917068938412240
  0.51129455530253909  0.52280490328822127  0.53295079295339698  0.54264959836818261
  0.55212777883920428  0.56149669084588805  0.57034230737765679  0.57936848722527612
  0.58935547597942817  0.59960946638910328  0.61061888517078111  0.62123708982031656
  0.63114292738916733  0.64046664498477479  0.64997385263158181  0.66046399914797760
  0.67130708308052589  0.68211514594302791  0.69283529101829833  0.70378499593283106
  0.71465943928854847  0.72510091319656533  0.73584217808887986  0.74652092934134584
  0.75783619925650669  0.76942374565235938  0.78131048388825752  0.79329650121483331
  0.80513630670704472  0.81600000775383441  0.82654710974516032  0.83632101215426180
  0.84610756640300799  0.85561796177368576  0.86528153973238053  0.87592588676128658
  0.88759196852909605  0.89889711522421345  0.90919949868203254  0.91909133887463201
  0.92940144317856299  0.93979843484958125  0.94989552165674163  0.95938051229401577
  0.96936383197313514  0.97948943875631023  0.99003905770199963  1.00000000000000000
 -0.00267701507410727  0.01056657981740528  0.02081434845617375  0.02984360304146269
  0.03886350096167968  0.04819542644972961  0.05794444595218428  0.06751453198409828
  0.07731860307955431  0.08881756286535017  0.10190086598755126  0.11340677847905256
  0.12315256013870234  0.13130575071478948  0.13910654046541945  0.14730177210797321
  0.15694939863959559  0.16796423770621072  0.17990192671591929  0.19229020533044000
  0.20481888875964935  0.21661321226623917  0.22818835153229561  0.23856853268656386
  0.24828447237555590  0.25803665248467705  0.26829611370879891  0.27944629457206110
  0.29144815274757224  0.30354435399752977  0.31564207915819892  0.32676736244028343
  0.33744848657973364  0.34779355434682846  0.35816331776219124  0.36886966750382200
  0.37939186030138644  0.39007562679668922  0.40058451897944147  0.41182300757622992
  0.42314399146687759  0.43445725648420652  0.44611678077455286  0.45816878192765204
  0.46929298130730324  0.47978041946920869  0.48963140490316048  0.49958238033084879
  0.50862485071266827  0.51752493194397942  0.52680615750422577  0.53737298920652576
  0.54814682325267550  0.55866404904642286  0.56883936558321013  0.57930451753897283
  0.59080197867656448  0.60285088525260611  0.61403908341829250  0.62433528528159132
  0.63451582316519550  0.64547065086323407  0.65664766553153064  0.66713874791007144
  0.67753137706343558  0.68777335482949087  0.69828283579686723  0.70923617753533663
  0.72093228412617738  0.73230309532712734  0.74240746386250145  0.75241078020014296
  0.76263825619779180  0.77320277167920637  0.78388857374696030  0.79458809595415647
  0.80519222620308795  0.81551293791260504  0.82568393896765935  0.83595617635670516
  0.84585774080597564  0.85564735748526355  0.86585141418688871  0.87704548246180702
  0.88846512313731840  0.89893603845247561  0.90900609469485860  0.91949393866072959
  0.93004411533710385  0.94006609633024263  0.94991895502765611  0.96044206515498320
  0.97076782458900535  0.98146007519779110  0.99063161909312392  1.00000000000000000
  9.15116584613508770E-008  -1.0000000000000000     
 T T T T F F F F F F F F T T T T F F F F F F F F T T T T F F F F F F F F T T T T F F F F F F F F T T T T F F F F F F F F T T T T F F F F F F F F F F F F F F F F F F F F F F F F F F F F F F F F F F F F F F F F F F F F F F F F F F F F F F F F F F F F F F F F
  <DiscreteSampler_grid>
  grouped_processes
  1 # 1 for a reference and 2 for a running grid.
  10 # Attribute 'min_bin_probing_points' of the grid.
  1 # Attribute 'grid_mode' of the grid. 1=='default',2=='initialization'
  0.0000000000000000 # Attribute 'small_contrib_threshold' of the grid.
  0.5000000000000000 # Attribute 'damping_power' of the grid.
 # binID   n_entries weight   weight_sqr   abs_weight
    10   10   2.894380940300805E+005   3.649235620157667E+011   2.894380940300805E+005
  </DiscreteSampler_grid>
