 -0.00000072562202642  0.00005342892636521  0.00010624235802671  0.00015380022842927
  0.00020669263644708  0.00025807091349590  0.00031027171074068  0.00036290715589792
  0.00041459658074591  0.00047305358432191  0.00052421437179831  0.00057286340485016
  0.00063145947138847  0.00070097442677278  0.00076654443367878  0.00083158157481625
  0.00091054147682770  0.00100257642777112  0.00109584050233130  0.00120172482214153
  0.00130503835997331  0.00142749366725048  0.00155809952488191  0.00168730337036754
  0.00182179178645832  0.00195719049540654  0.00210672621248129  0.00226088241594515
  0.00241484188793397  0.00257250260306596  0.00272814773283659  0.00287969701119083
  0.00303213260078647  0.00319597188604435  0.00336542369826552  0.00354190648231077
  0.00375347179969677  0.00397276974454927  0.00421005035281096  0.00446491642571856
  0.00473857551098309  0.00502081018721745  0.00528006395676284  0.00553866849078350
  0.00581530970948005  0.00609349447645052  0.00638769891830865  0.00668912517526149
  0.00695603788627632  0.00722937353757933  0.00754090477131889  0.00786831922800823
  0.00825631049035588  0.00869774333490288  0.00902251088971734  0.00929052334450813
  0.00949125350322058  0.00969282918429054  0.00989819021707906  0.01011283988087688
  0.01042793598359876  0.01089131769533925  0.01161481880067445  0.01236777732916734
  0.01301541579971283  0.01362145068781042  0.01419797071822407  0.01486726896468736
  0.01565557774955008  0.01647524517899986  0.01736209845530970  0.01835107294918243
  0.01919511983635431  0.02019164137883453  0.02132271089865230  0.02261131763711941
  0.02413447806956237  0.02549267084541369  0.02708352440598962  0.02874077739997560
  0.03049108524846222  0.03299165003796921  0.03568471212411142  0.03851118123479176
  0.04195791487597857  0.04687552025177946  0.05402670782658922  0.06309921631767569
  0.07590171670748302  0.08949343387001772  0.10284673603010065  0.11869544997016133
  0.14103006614412103  0.18000338310546807  0.29941581426290120  1.00000000000000000
  0.00000473710420375  0.00001794395312733  0.00002253076710082  0.00002613787484883
  0.00002987220819594  0.00003401008870376  0.00003914889497973  0.00004421988109057
  0.00004742369849782  0.00004918239818775  0.00005047241946265  0.00005165979828808
  0.00005348926637827  0.00005520517838847  0.00005701680575793  0.00005894737341414
  0.00006116178471991  0.00006303348502425  0.00006470299582484  0.00006624233606473
  0.00006758884942322  0.00006984996937481  0.00007410974599155  0.00007899273752101
  0.00008317877899674  0.00008643837408708  0.00008957577283298  0.00009454378102970
  0.00010055449569065  0.00010655167151132  0.00011555634478241  0.00013784086687404
  0.00016131764977957  0.00017636207457624  0.00018822234642977  0.00019643356373626
  0.00020818489347116  0.00022238247646417  0.00024016478818818  0.00025674160391384
  0.00027744899897664  0.00031066101221396  0.00034457881065059  0.00037753111034185
  0.00040968844318632  0.00044491323430663  0.00047853964209170  0.00052791160980018
  0.00058931105918466  0.00066192853885649  0.00074439426293281  0.00082941044080295
  0.00092235093692487  0.00102851273044561  0.00113537844018266  0.00126204485173685
  0.00140892440918595  0.00158070349722227  0.00177995336215346  0.00199441030163722
  0.00224556924950749  0.00253326985824206  0.00284708827626373  0.00320642065778415
  0.00358613777621529  0.00391830511301179  0.00424980685746898  0.00462849422662228
  0.00509223037066984  0.00562356609352963  0.00637820520606448  0.00744001404454828
  0.00877931057137719  0.01028737977674126  0.01206007940947696  0.01413102716136965
  0.01685491250006202  0.01954006820846512  0.02253835663465650  0.02536544555789182
  0.02888386452429820  0.03266330229410840  0.03660430211552912  0.04149096552916294
  0.04851262962929538  0.05808547586710694  0.06950875384861301  0.08410894401180517
  0.10325758129605320  0.13141987135048178  0.18065023468698010  0.22981307988099747
  0.28528043718163554  0.36865405403187351  0.50578137867549866  1.00000000000000000
  0.00000429155548617  0.00000926148455635  0.00001042312857910  0.00001152190618208
  0.00001268085787354  0.00001468849573153  0.00001744441108997  0.00002063554600702
  0.00002346483483946  0.00002630725791714  0.00002843481875918  0.00003027607810906
  0.00003205554413300  0.00003385505218171  0.00003592686928053  0.00003872036362443
  0.00004123224826685  0.00004367604370869  0.00004582785197617  0.00004782412921152
  0.00004997434054898  0.00005241790465956  0.00005548000271333  0.00005825602370365
  0.00006071467588460  0.00006350055336450  0.00006628945707773  0.00006918788807575
  0.00007195386749426  0.00007720499817642  0.00008384529824538  0.00009042777757749
  0.00009579371859590  0.00010014971340252  0.00010437230691743  0.00010864994897418
  0.00011302639232810  0.00011875829308821  0.00012551136140245  0.00013365599265704
  0.00014280822811268  0.00015367749825016  0.00016539809629360  0.00017887598177774
  0.00019583114507099  0.00021365678858315  0.00022977892854854  0.00024645555951174
  0.00026400030836470  0.00028099789834755  0.00030282678699074  0.00032605112639335
  0.00034901817595009  0.00037276759993691  0.00039871664860313  0.00042812781009695
  0.00046149755515255  0.00049955564957309  0.00054159726307030  0.00058623251924400
  0.00064861572308167  0.00072222946523102  0.00079920742552125  0.00087571717762581
  0.00095144272217657  0.00103030159411096  0.00111506352811246  0.00121070273274390
  0.00132991599452987  0.00145992461398683  0.00159281403448388  0.00175490780864596
  0.00196520946263279  0.00220106626463139  0.00243694836744266  0.00269555464345835
  0.00296525086920430  0.00325805406758658  0.00359162991208409  0.00401084716002895
  0.00447363712352818  0.00499909217867263  0.00562940188667684  0.00633593052326013
  0.00716106489531090  0.00841373028394036  0.01036301504626648  0.01292865187765662
  0.01632175812905497  0.02056329545055639  0.02659613937752213  0.03583118247730126
  0.05232172377319672  0.08958901289642340  0.17808948154292492  1.00000000000000000
 -0.00219857780316521  0.00724359296074627  0.01659016926805020  0.02699139154372174
  0.03892978651761559  0.05110252455509118  0.06311572589554262  0.07604705193817267
  0.08820578892583870  0.09736892091549010  0.10553809193110809  0.11434746689384230
  0.12186414844610334  0.13099565415373840  0.14162887213777967  0.15342746059978871
  0.16888673567255283  0.18135837757997628  0.19391803838023819  0.20598418743431934
  0.21873004783350475  0.23360824758519036  0.24613281317880334  0.25331098643301236
  0.25932321473950865  0.26521645305828451  0.27102931963561627  0.27800308199281498
  0.28573462177599407  0.29339248064349749  0.30088439629035457  0.30842767387567588
  0.31922700095368522  0.33238326508999116  0.34595938729082398  0.35966046614945940
  0.37309993951317283  0.38661813633823888  0.39844827043617409  0.40956283740733274
  0.42059676739493984  0.43312085229741187  0.44693536133751977  0.46031846519920699
  0.47212621985551506  0.48453919305858933  0.49630855439093174  0.50614678808383706
  0.51409300260876523  0.52134284201367342  0.52838624619043006  0.53620924847340234
  0.54597135805613906  0.55648171597915497  0.56697824962342824  0.57561710871750638
  0.58389758080575016  0.59377592846195193  0.60518182957069988  0.61712042012300483
  0.62872473671210927  0.64051611368493722  0.65228217876682992  0.66167515067276994
  0.67041771368590519  0.67946370508005061  0.69042591099697326  0.70145435629443587
  0.71267617832506858  0.72419932589365577  0.73551669379075524  0.74782909147532839
  0.76078314062535446  0.77254453928884592  0.78255238088343426  0.79286740050621296
  0.80497834843427185  0.81544124912108562  0.82512913521479414  0.83528349320390838
  0.84873617079558183  0.86153322773132612  0.87274573642961095  0.88304523701075532
  0.89276623320364124  0.90271437277640321  0.91378606697690268  0.92372965272151553
  0.93321267174357048  0.94274440205191568  0.95253062738629846  0.96090150027670351
  0.96878756113459841  0.97808354932893771  0.98945739555430245  1.00000000000000000
 -0.00100535556107430  0.00330948322468110  0.00750623058896361  0.01147183785622424
  0.01518863137981066  0.01889552538711931  0.02294171792276165  0.02720565896784592
  0.03164753720272429  0.03643927322145089  0.04120157251716187  0.04615146449007251
  0.05093021494580446  0.05550767854406510  0.06006260111895005  0.06428617874595796
  0.06776700173811859  0.07112815588757579  0.07448572585337193  0.07815472085722840
  0.08185644627198377  0.08558726921557007  0.09040689206467435  0.09584800685354714
  0.10155328305476943  0.10779152721206449  0.11484482553979228  0.12139262383580980
  0.12688013048550223  0.13182280141984778  0.13634241706430805  0.14099809669742355
  0.14642026161541977  0.15357392543494369  0.16207658039193198  0.17026203036104162
  0.17744991500894539  0.18438489681506015  0.19211041271420881  0.20038684010252941
  0.20878345513976729  0.21780975603577532  0.22853905445883391  0.24023471672866109
  0.25134472700629595  0.26222900053073694  0.27378932080134760  0.28656850627182912
  0.29930621959004305  0.31084401621382929  0.32149266763780021  0.33237244520469705
  0.34403710750455252  0.35674266475440569  0.36667919346768463  0.37348468181299710
  0.38022206442999162  0.38706189535514035  0.39467151406757689  0.40785099366005106
  0.42217297586282937  0.43597275972042793  0.44982285066938804  0.46427164590650127
  0.47793186656873682  0.49001820269832735  0.50244697504598346  0.51434826330390582
  0.52841093887500601  0.54097999866530044  0.55267609575297183  0.56625933062319878
  0.58361933867211957  0.60294693453332648  0.62026213343726666  0.63699266985035141
  0.65305904960172223  0.66937902535004024  0.68774092847988444  0.70501754593183064
  0.72269021693367674  0.74262860084753168  0.76393288300524909  0.78602375865390806
  0.81032810266555244  0.82915524158378695  0.84501830124532429  0.86178122184922945
  0.88153676421091975  0.90186551184233188  0.91899958097298073  0.93288547208334749
  0.94551855325217216  0.95851956029141683  0.97668876650338021  1.00000000000000000
 -0.00242368512961664  0.01133235886934789  0.02367000023090781  0.03669977928811989
  0.04704029451672819  0.05659686187959367  0.06574356025621306  0.07595727670801455
  0.08735824260212324  0.10014912632626270  0.11252321317215595  0.12509932296831894
  0.13875304536223537  0.15262119995358511  0.16598923472981761  0.17878674332310010
  0.19190383629748825  0.20584184400717834  0.21916471430828202  0.23101746997993344
  0.24182930272487252  0.25175895894549682  0.26335716714731489  0.27623122561185304
  0.28952845006792194  0.30203780000364860  0.31321317414582406  0.32348129904245465
  0.33441095071810700  0.34562247195085927  0.35616301885981716  0.36564840538355653
  0.37314981995645347  0.38183014225381484  0.39154568679196006  0.40188881063220655
  0.41283919191713003  0.42529405683338184  0.43739218156258197  0.44803581242479984
  0.45759865040255582  0.46265550783614690  0.46761649122020044  0.47232697199788531
  0.47678912036813698  0.48118744534344610  0.48682973223742260  0.49335544152661498
  0.50063028647096786  0.50767961697234976  0.51602307460019825  0.52724891227852488
  0.53914752448984049  0.55068854500105369  0.56139302512205169  0.57013262545713550
  0.57829129654245348  0.58664607888619424  0.59615497322060407  0.60697008989602885
  0.61754199259348452  0.62770067687012798  0.63847306988057018  0.65081355825760479
  0.66398897114872846  0.67836191273284607  0.69203742226390530  0.70514965530643892
  0.71540550517291446  0.72473801660083093  0.73118145629909503  0.73800398489574015
  0.74514203719636030  0.75461208999367857  0.76594530418916806  0.77707410988740400
  0.78815682362062578  0.79938704792794413  0.81072309177338953  0.82050593486131007
  0.83025333872120943  0.84063003467608255  0.85395879832277355  0.86643646212549463
  0.87670105064349690  0.88612879700713520  0.89534071844447216  0.90661411522649549
  0.91961810772187114  0.93222841353550001  0.94352839374732356  0.95480446475573844
  0.96390926916274389  0.97433788647700914  0.98710672575432068  1.00000000000000000
 -0.00043423786555694  0.00025001956745026  0.00105082222130334  0.00251777294659186
  0.00416930951107504  0.00603623938488281  0.00797543331927952  0.00997620337691620
  0.01356330357978576  0.01745631609242396  0.02181183374192328  0.02634868217813337
  0.03055313378080667  0.03488300674216636  0.03953452183589667  0.04510478091639770
  0.05160700068994317  0.05801320660025824  0.06441215699942682  0.07141533891533779
  0.07848700378779888  0.08600387224318423  0.09485469789023755  0.10122632630489593
  0.10823924386789073  0.11554519608846379  0.12328623708634295  0.13394650510875575
  0.14519472657402888  0.15695550441155084  0.16878054162063080  0.18004734694444119
  0.19179660678308919  0.20411911989806480  0.21715584460408835  0.23004762354351835
  0.24273106415998311  0.25561640547363729  0.26843079521237118  0.28092695148724162
  0.29349440058904891  0.30686950524743950  0.31965966076818181  0.33263285912072843
  0.34700267942572460  0.36265411609603804  0.37885981951885772  0.39389127697290571
  0.40914865056476096  0.42477214309228489  0.44100339532911798  0.45576200249207788
  0.46963415243246415  0.48279077505650703  0.49576057566299797  0.50981819932843975
  0.52240457196048229  0.53348766596913821  0.54422132401469836  0.55356384511478729
  0.56316158872754241  0.57198258492099885  0.58080810780207859  0.59105605501593961
  0.60375556360096405  0.61650959656693693  0.62786967274161209  0.63963698184152551
  0.65179534993417532  0.66640492637661930  0.68195996714882468  0.69846784490203950
  0.71474318421091831  0.71963365871806861  0.72452413322521891  0.72972714244746484
  0.73493408585340603  0.74014220541145226  0.74535064006014662  0.75536598566426305
  0.76732859119245245  0.77810788244726103  0.78908035547334199  0.80100545550118396
  0.81699818692893367  0.83638258850576541  0.84897822461697925  0.86041773894465667
  0.87082222469647630  0.88880206664597539  0.91347934494905170  0.94128869606803045
  0.95328072200356717  0.96491095849360253  0.98071149650127198  1.00000000000000000
 -0.00163939389026016  0.01052651825851292  0.02259591113258555  0.03504911947132931
  0.04831149084379970  0.06145650918628795  0.07399677485886404  0.08804590739031140
  0.10336121722369157  0.12000206104510230  0.13630513696353019  0.15170766501538352
  0.16639555528274305  0.17844525088058050  0.18949397145078259  0.19991287079906869
  0.21183104148525347  0.22390070692062139  0.23521198238495122  0.24668982487076771
  0.25843485542668176  0.26997544538625495  0.28148128064293026  0.29377818934899080
  0.30351731539904553  0.31128722969712957  0.31837136559185358  0.32510077237045082
  0.33303569508269565  0.34356142154001745  0.35435688657024839  0.36480476667961709
  0.37463060571145979  0.38463395829548108  0.39414371334869869  0.40443739147059954
  0.41471251576018664  0.42400597746178914  0.43237416868857625  0.44138397940004059
  0.45051606287028606  0.45993247956453270  0.46970661224465082  0.47841561406057809
  0.48763708306460157  0.49710661381445059  0.50646493591991515  0.51593222270779837
  0.52493751836144686  0.53335745752346619  0.54188797146783674  0.54772783589645180
  0.55395677907536489  0.56067968910068011  0.56900249172278028  0.57771208870837576
  0.58540643079956134  0.59340894372093822  0.60138313112516184  0.61086588449940593
  0.62159910110179606  0.62846744856065639  0.63358312684620077  0.63885657729442147
  0.64501186252591436  0.65074968724723892  0.65669652305417836  0.66440536250034576
  0.67525443003427710  0.68671911015580578  0.69732308369068430  0.70749452577984906
  0.71773271106803493  0.72877425954244190  0.74058814455429778  0.75204460203020385
  0.76150849254446040  0.77144409077914833  0.78249981138671509  0.79478034641855311
  0.80746005893905692  0.82032594313636775  0.83420637784775009  0.84877121044042814
  0.86229320068778825  0.87446112488851313  0.88696493176024804  0.90019828790979273
  0.91546416735479352  0.93012268817073007  0.94214877823348064  0.95320435428672412
  0.96578957664532927  0.97912130582620593  0.98987641594359488  1.00000000000000000
  8.94563367699434712E-009  -1.0000000000000000     
 T T T T F F F F F F F F T T T T F F F F F F F F T T T T F F F F F F F F T T T T F F F F F F F F T T T T F F F F F F F F T T T T F F F F F F F F F F F F F F F F F F F F F F F F F F F F F F F F F F F F F F F F F F F F F F F F F F F F F F F F F F F F F F F F
  <DiscreteSampler_grid>
  grouped_processes
  1 # 1 for a reference and 2 for a running grid.
  10 # Attribute 'min_bin_probing_points' of the grid.
  1 # Attribute 'grid_mode' of the grid. 1=='default',2=='initialization'
  0.0000000000000000 # Attribute 'small_contrib_threshold' of the grid.
  0.5000000000000000 # Attribute 'damping_power' of the grid.
 # binID   n_entries weight   weight_sqr   abs_weight
    10   10   2.042487024658438E+001   4.055507291914852E+003   2.042487024658438E+001
    16   10   6.271081430016223E+000   3.572882342494934E+002   6.271081430016223E+000
  </DiscreteSampler_grid>
