  0.00142165206616047  0.00270522630814932  0.00420056693425026  0.00572236181730253
  0.00743731957596934  0.00948722103036336  0.01160859420920527  0.01398857710530186
  0.01652290312805876  0.01902481954555830  0.02152636782705881  0.02390350151761508
  0.02626804047385884  0.02868195751599055  0.03107394859997020  0.03372745785759741
  0.03634364326646330  0.03933803012304387  0.04279436333817139  0.04614278513783666
  0.04904048305289346  0.05189343760332474  0.05466263085430340  0.05745550686439436
  0.06084616931999959  0.06472093926395575  0.06890208709809989  0.07322516835516295
  0.07750042945943475  0.08142124358001979  0.08574660022704372  0.09045878129608791
  0.09513843263969825  0.09972547953348730  0.10414546592410179  0.10843652980715072
  0.11289390563870164  0.11752710423091906  0.12215885999622472  0.12706542514706495
  0.13267076775827655  0.13942016427727216  0.14685911402433224  0.15421695352296638
  0.16097225890357655  0.16755057173240767  0.17416076709048323  0.18146796230203105
  0.18953964857300151  0.19876387153049327  0.20858134257854499  0.21822304228256911
  0.22776568513649903  0.23691253151017730  0.24751050093589083  0.25773173118785220
  0.26797123096172165  0.27793789355687348  0.28838659712348313  0.29872567374827186
  0.30833362884337862  0.31773327965887543  0.32731084030859087  0.33690729069644804
  0.34661658401997752  0.35700596003711621  0.36725789240954648  0.37744312416795417
  0.38813519808312941  0.39878040163183043  0.41014493182390593  0.42192890591490406
  0.43355445521140501  0.44464533959687141  0.45520301022728410  0.46593942011744249
  0.47773912998398832  0.49038172785967460  0.50382783282514998  0.51810540255580961
  0.53199183154081175  0.54580848902699730  0.56208151233092685  0.57897783507198164
  0.59454071637034489  0.61021037311359227  0.62611977719627909  0.64248531338427861
  0.65959831164950644  0.67724944004561216  0.69544120606241921  0.71368030845006736
  0.73141118026631158  0.74458326349639037  0.75036976870616856  1.00000000000000000
 -0.00002023688379725  0.00137389233309624  0.00274839372106554  0.00515211811610570
  0.00789529840422659  0.01017385409164396  0.01284433963195824  0.01617941145373165
  0.01946908530364337  0.02266549600384017  0.02589713052526555  0.02926450574253043
  0.03272624701771853  0.03590832683529578  0.03868378142654441  0.04161049627627766
  0.04480648949992639  0.04814295561294930  0.05193598277828636  0.05616557994251865
  0.06053446260330986  0.06462123032630172  0.06853817980803850  0.07262468802171161
  0.07660968783144761  0.08045181926275526  0.08426319156929649  0.08819042497620450
  0.09248614489784160  0.09707174189884936  0.10175608164878901  0.10640605024775730
  0.11083135118450793  0.11522680841527030  0.11970162209956330  0.12424266152894907
  0.12907277796171812  0.13428240415846146  0.13964143121435627  0.14520187219137834
  0.15108258246028430  0.15699303450158378  0.16267617592532690  0.16819655499499686
  0.17358349821179050  0.17906020878122933  0.18488580898703139  0.19167220473124996
  0.19855991434746356  0.20549952808180791  0.21237659250267713  0.21954260440086176
  0.22657972481346719  0.23378558229312296  0.24099222098739481  0.24811146367133763
  0.25536000848517820  0.26303411016718736  0.27143433627406005  0.27990872160641872
  0.28844126521897601  0.29693918039894646  0.30550093484843993  0.31406164350959342
  0.32243324080516167  0.33080935806330347  0.33969952206204357  0.34906133768043740
  0.35907843950196588  0.36931888755692349  0.38005168708896625  0.39138444399390820
  0.40311253525722057  0.41443396403650024  0.42469055423284752  0.43639185922076212
  0.44879465977570010  0.46029651367458380  0.47276361808001210  0.48630479679736016
  0.50095739051709920  0.51649775869017800  0.53177997074716388  0.54836832116597301
  0.56644704875204999  0.58634665916260487  0.60700199731028937  0.62956806473524518
  0.65449344598268189  0.68015265775001832  0.70757874748305305  0.74119715552728016
  0.77982306053358019  0.81532398267824324  0.84965923174977886  1.00000000000000000
 -0.00001827803777329  0.00175951086963371  0.00426985164259476  0.00726839132428356
  0.01045986042573489  0.01376744556856825  0.01694441659425422  0.02008169054999093
  0.02309094121316993  0.02588504050334860  0.02890124036656928  0.03221617131474432
  0.03570132523655447  0.03928635188210837  0.04296703600029481  0.04676118148349993
  0.05048252726236023  0.05407635837613772  0.05780016110111559  0.06159149901691521
  0.06516258838893571  0.06861004567070293  0.07220095706566207  0.07592515605177171
  0.07975612229743419  0.08359207619678032  0.08738216531057875  0.09137574909709578
  0.09543730342328659  0.09945092510961159  0.10352691343464816  0.10780518100648800
  0.11233305701830215  0.11702624488034097  0.12172580721661314  0.12641707029906052
  0.13139704176998404  0.13669922236528112  0.14189490717311457  0.14699244275499410
  0.15202906084581722  0.15696466390672389  0.16196716600738181  0.16712187670919273
  0.17243059082762044  0.17795443153001769  0.18350422682213366  0.18957084581808498
  0.19550634146884588  0.20169952028899238  0.20863046935376250  0.21619822883780804
  0.22369242659595343  0.23106968332759217  0.23850709925107752  0.24608921711549464
  0.25359230750444917  0.26106210336165980  0.26921307032534086  0.27800056820767560
  0.28771863975149603  0.29773097417128835  0.30831673461472275  0.31928319775251462
  0.33027437788621899  0.34203550255346732  0.35484334329369149  0.36774930655757820
  0.37985630298390938  0.39267545048134417  0.40557970330334164  0.41829234642048774
  0.43184248679182047  0.44641118388951989  0.46173378531961512  0.47749986629219854
  0.49397036298074626  0.51010415133914344  0.52608146021650382  0.54237120890557822
  0.55974707529607848  0.57684870439195279  0.59249028975067597  0.60807099064599268
  0.62513945141716021  0.64232615833543738  0.65868882267809925  0.67569205619497819
  0.69632954399444813  0.72308291816286108  0.75215739109882696  0.77595959554330529
  0.79810259402958117  0.82547498628839311  0.85743270763924406  1.00000000000000000
 -0.00136963852229679  0.00620538358953547  0.01332419195328744  0.02032466324785612
  0.02732821484935626  0.03427114115841336  0.04128793971717015  0.04810213683969621
  0.05522269570748940  0.06227282134253594  0.06944957344090386  0.07660183907047223
  0.08425370212127012  0.09187849564587781  0.09961603836428080  0.10744816467713809
  0.11544410003991490  0.12338338871252182  0.13258241459039696  0.14284910047473673
  0.15314989961909245  0.16380311255728297  0.17541855961677844  0.18759846890237006
  0.19979545490791359  0.21026175819641404  0.22078585263229758  0.23145451014255167
  0.24318842424071671  0.25409907477122895  0.26392454975615359  0.27285245400642766
  0.28146430181033205  0.29060338085278437  0.30045294322024824  0.31074090903322082
  0.32175176359273155  0.33333098175393011  0.34478074295103095  0.35623953314592482
  0.36730064961245434  0.37892679211034341  0.39072894014060860  0.40205467414144569
  0.41176814224809910  0.42227788300117208  0.43312314672172192  0.44431805552388537
  0.45586227188358602  0.46756650202360067  0.47878040896065649  0.48990381432395541
  0.50138139324490749  0.51329352679141305  0.52582090760532729  0.53817858644371175
  0.55005156403691646  0.56111703228098353  0.57344258335715237  0.58609558160082864
  0.59848890189350301  0.61123298387586544  0.62323466780734649  0.63404947431415926
  0.64474606340894547  0.65704772941860401  0.67102090824662231  0.68445722004920329
  0.69703477190257679  0.70897402970629619  0.72089525020961587  0.73197065372281078
  0.74198489880570551  0.75219257911176896  0.76301080118256381  0.77360154919234614
  0.78398723393752623  0.79479665543537203  0.80650912247668749  0.81831393798148833
  0.83043799444820920  0.84368465135495152  0.85794470740515461  0.87031336119675862
  0.88209532415920200  0.89252696287826827  0.90267908146589604  0.91241021264726418
  0.92220564536675376  0.93203805864906908  0.94234952857252607  0.95307344508685976
  0.96464545535135815  0.97638849180156129  0.98813882149909482  1.00000000000000000
 -0.00168522957940729  0.00808943295858942  0.01643035166087803  0.02561121838284039
  0.03465793040144333  0.04432176309940737  0.05559355313546183  0.06670434517860094
  0.07748685735903085  0.08869685081507062  0.10100222021574420  0.11336514056734476
  0.12520450844073328  0.13519434371329328  0.14493540569159941  0.15497731498638678
  0.16610900417762250  0.17847911975988140  0.19019293525579223  0.20036057309848573
  0.21079174162968362  0.22053033639031686  0.23153001633132853  0.24214794312411708
  0.25364818756393692  0.26411592251908966  0.27514300884753823  0.28590639214357694
  0.29626598617366617  0.30587901869466477  0.31548034237619088  0.32527807533149672
  0.33470471766365201  0.34434446441136229  0.35411488781838329  0.36408737406150560
  0.37447479648657889  0.38525632334035514  0.39703403663981107  0.40927081968701223
  0.42116416687015690  0.43264811666984465  0.44407778117675767  0.45477767033327576
  0.46463685735965859  0.47495954815606928  0.48621699810301361  0.49814065919679540
  0.50873578919240336  0.51876619663659518  0.52915537926552836  0.53970433086840830
  0.55083047066082413  0.56129323321818658  0.57211053163875880  0.58258254468110382
  0.59397263492486529  0.60599238771557129  0.61840754360870076  0.63149436660179170
  0.64393626254443859  0.65425619316352024  0.66358980613096807  0.67356255745688198
  0.68358210219246596  0.69342894977301228  0.70319630577373704  0.71314865798936611
  0.72303599139999886  0.73299662954631906  0.74308537778951711  0.75295722505098028
  0.76317089474655797  0.77434595126499106  0.78608196231816974  0.79736676324197997
  0.80848798704999170  0.81895425302214542  0.82897782056488789  0.83912479000869189
  0.84940804821023208  0.85956995018190696  0.86987324621414530  0.88076922245579181
  0.89201590456605517  0.90234893297983032  0.91175538213838803  0.92109238871751153
  0.93039814624591755  0.94026404905615901  0.95055960539870832  0.96089063950938380
  0.97096633280475175  0.98110283915264229  0.99065266154013665  1.00000000000000000
 -0.00216642879005064  0.00876256405950689  0.01824521430699153  0.02789087033342606
  0.03824124017850650  0.04891628296536268  0.05913560188557414  0.06972921832948804
  0.08062315373969570  0.09147022369826528  0.10184362206812564  0.11163223535896026
  0.12100836211986685  0.13174356126755143  0.14310768141200220  0.15399103534367942
  0.16435707687331932  0.17512055338288018  0.18646807638377291  0.19846464118862125
  0.21146213367853151  0.22513680752484069  0.23740841377266392  0.24844512221356752
  0.25918832918509965  0.27035381211631315  0.28130978888754427  0.29174337133144679
  0.30264278235887837  0.31393073397208293  0.32543845201050731  0.33700802539539271
  0.34979470644533650  0.36138533406592860  0.37228035789204400  0.38248168129585142
  0.39266079300287288  0.40277201214084141  0.41295064506401952  0.42327035448000777
  0.43269710051679916  0.44220498236872313  0.45145278048800280  0.46203430216388119
  0.47312969614576644  0.48401039448763028  0.49422226244986583  0.50408143426889451
  0.51438324204972374  0.52376565608298020  0.53291095245075371  0.54223216776645156
  0.55217165247564970  0.56216083447879606  0.57164196318022031  0.58099969862900913
  0.59115241851136968  0.60141456797264825  0.61109471764989121  0.62068173936792326
  0.63089821195790274  0.64102111533502393  0.65101465334421427  0.66106814644868717
  0.67158428124897940  0.68214008891570910  0.69282917533374833  0.70338728445348242
  0.71388923421331063  0.72392172127235721  0.73406386192531980  0.74386695467982999
  0.75315515467474392  0.76311908354751723  0.77358579056562660  0.78438182641797416
  0.79587010114758039  0.80757755908140827  0.81928709219525719  0.83089059618891004
  0.84286184345346749  0.85490085327574339  0.86609285568795313  0.87637984743456332
  0.88676569362391611  0.89677430207232867  0.90674446621816096  0.91654948065316311
  0.92680775938053461  0.93698032992167457  0.94681322577218086  0.95677560612855406
  0.96751657819039294  0.97925567223389987  0.98942749934455321  1.00000000000000000
 -0.00125009910343826  0.00603959137560878  0.01196803255542773  0.01767498844784674
  0.02293903087220837  0.02788504359903114  0.03252926750505481  0.03722398311450734
  0.04186198407308947  0.04654484749371471  0.05126105431780871  0.05622306975683293
  0.06129629799127299  0.06648586615370300  0.07156827541732812  0.07647367491667134
  0.08145457722775873  0.08677741459725681  0.09250173140938497  0.09833797014038077
  0.10420094166813161  0.11044263401358145  0.11706579041136214  0.12391723298800272
  0.13111860159898744  0.13865168177540804  0.14645707366795804  0.15442996387212538
  0.16279374771061608  0.17097198547769810  0.17915543557336033  0.18752621338222231
  0.19614524142445772  0.20415474996902797  0.21243940517401924  0.22152533155851573
  0.23039087382365570  0.23831160097533335  0.24589997132046634  0.25340181377928805
  0.26096465994347584  0.26898689533921377  0.27654545952957427  0.28331042876887985
  0.28979271804597179  0.29680072675079178  0.30438310165548632  0.31200090089563548
  0.31894972022519374  0.32581279120685158  0.33240990803051373  0.33971502044457574
  0.34788427454010029  0.35740544946177472  0.36758322595278881  0.37720502108878562
  0.38651277876454659  0.39576752133405463  0.40495383419016984  0.41371212519781120
  0.42226007206815891  0.43052307469391510  0.43892603001386449  0.44700957022784810
  0.45450874344002362  0.46202486465832426  0.46898245542150763  0.47569762314840591
  0.48257703792601631  0.48972347479292061  0.49704986140528723  0.50460236387429669
  0.51328152311971165  0.52315224424052842  0.53343421992357343  0.54472599902970908
  0.55694418136537471  0.57034046825223328  0.58394938818590125  0.59799922259013016
  0.61017518267190041  0.62229711073287930  0.63508544629014552  0.64824190674532567
  0.66085398598993872  0.67272773817842291  0.68498695937471110  0.69941238860675237
  0.72003443977820880  0.74594617484658021  0.77156733657032917  0.79645051338738249
  0.82313403378146388  0.85186826307474217  0.91501058221406295  1.00000000000000000
 -0.00251806508583574  0.01052784851920746  0.02152137408218262  0.03241937670144471
  0.04328125610041769  0.05412006546288471  0.06519098776253276  0.07637251309084303
  0.08781591094742096  0.09883994530507710  0.10948134685772404  0.11971458892710481
  0.13035132338291747  0.14057911936787520  0.15098513727385890  0.16170771455620186
  0.17277863157645701  0.18407347867468557  0.19543136043400203  0.20685799774970953
  0.21818360458840955  0.22916056676444915  0.24026239160328314  0.25175041254784497
  0.26336064428074341  0.27438940757849078  0.28459020845327354  0.29462684564439773
  0.30499624853510710  0.31542795419335545  0.32563115990148150  0.33535129973494393
  0.34478670100551306  0.35409676593816530  0.36306654638763169  0.37245147820596664
  0.38204791101649438  0.39186311555847164  0.40123005622259494  0.41068113811687212
  0.42004324863686160  0.43000379926203869  0.43945791570535769  0.44896253406613046
  0.45850860400082477  0.46838792066237322  0.47810977811907851  0.48788765732774181
  0.49760923062278228  0.50735578187962427  0.51906595243841125  0.53012381977003364
  0.54261791948982585  0.55400075541066351  0.56437481321601990  0.57238424074197147
  0.58061804372519221  0.58867363724790889  0.59692626419295425  0.60551076166977624
  0.61427612069250270  0.62285346954546283  0.63190797987115366  0.64152565308045817
  0.65099432281701763  0.66046601119916415  0.67012682109518240  0.68040849975864426
  0.69175612026466937  0.70299600683717278  0.71347931815055088  0.72301835894679645
  0.73260440651520509  0.74249486750117910  0.75313813005567465  0.76427812781474813
  0.77758591999474758  0.79447796924785685  0.81070918935552605  0.82639146093797100
  0.84031212403435984  0.85199322545945311  0.86209876323620571  0.87226593397392671
  0.88314049124506711  0.89329914836489288  0.90306316241307327  0.91298057246129771
  0.92429205133263648  0.93567362105602847  0.94645547960692444  0.95693966694233878
  0.96797207235394145  0.97843964011564388  0.98908233116789679  1.00000000000000000
  6.31584526886782779E-014  -1.0000000000000000     
 T T T T F F F F F F F F T T T T F F F F F F F F T T T T F F F F F F F F T T T T F F F F F F F F T T T T F F F F F F F F T T T T F F F F F F F F F F F F F F F F F F F F F F F F F F F F F F F F F F F F F F F F F F F F F F F F F F F F F F F F F F F F F F F F
  <DiscreteSampler_grid>
  grouped_processes
  1 # 1 for a reference and 2 for a running grid.
  10 # Attribute 'min_bin_probing_points' of the grid.
  1 # Attribute 'grid_mode' of the grid. 1=='default',2=='initialization'
  0.0000000000000000 # Attribute 'small_contrib_threshold' of the grid.
  0.5000000000000000 # Attribute 'damping_power' of the grid.
 # binID   n_entries weight   weight_sqr   abs_weight
    10   10   5.068354581030150E-006   6.076057098930536E-011   5.068354581030150E-006
  </DiscreteSampler_grid>
