  0.00000946576569473  0.00001041085663931  0.00001136201179654  0.00001261108720712
  0.00001402977962190  0.00001545161009644  0.00001695936942993  0.00001855463292608
  0.00002019993649846  0.00002202350441700  0.00002413393923008  0.00002638205693095
  0.00002856171318439  0.00003076922763180  0.00003306937327261  0.00003539051191589
  0.00003767046323181  0.00003983963116029  0.00004187427801681  0.00004374398676419
  0.00004544785256210  0.00004704255047058  0.00004858999015794  0.00005015637436248
  0.00005174894009397  0.00005339612890198  0.00005514672543583  0.00005698495967863
  0.00005885196069767  0.00006073199549628  0.00006264870400293  0.00006471490900110
  0.00006685812171958  0.00006904050549433  0.00007128108593731  0.00007370775075134
  0.00007644650586731  0.00007941126422211  0.00008247878356717  0.00008562216114482
  0.00008887533162588  0.00009228237102418  0.00009574382858125  0.00009922684342046
  0.00010282729658064  0.00010637982059043  0.00010998383777872  0.00011373553318000
  0.00011758144434969  0.00012184139116677  0.00012644582780597  0.00013161569283059
  0.00013709745546514  0.00014241566830890  0.00014810030797300  0.00015418379063277
  0.00016058484966424  0.00016744293915824  0.00017564852252878  0.00018441922989066
  0.00019402910655146  0.00020455077996474  0.00021581731269045  0.00022782518066118
  0.00024043593393897  0.00025389874050670  0.00026885960600831  0.00028504282358318
  0.00030239183871986  0.00032132228010322  0.00034160497054364  0.00036506318596699
  0.00039168237316277  0.00042100151776901  0.00045455587197674  0.00049282635818987
  0.00053573945334635  0.00058370855221979  0.00063719145148761  0.00069822535200375
  0.00076717952909362  0.00084259321881814  0.00092603910439286  0.00102381462559170
  0.00114402428596599  0.00129618837837066  0.00149459073185411  0.00174295418901698
  0.00207375687313032  0.00252430624623903  0.00314698272733132  0.00405925391517399
  0.00583768433665615  0.00978188975512740  0.02710814385967420  1.00000000000000000
  0.00000548005852445  0.00000713898131299  0.00000841308784607  0.00000960692103669
  0.00001076458592061  0.00001198843087125  0.00001316911539706  0.00001438154801619
  0.00001562676493580  0.00001695686835186  0.00001819329621374  0.00001940199989384
  0.00002066598403662  0.00002205427272726  0.00002352024813564  0.00002499932729814
  0.00002655554569991  0.00002819121450740  0.00002978544807068  0.00003164875084961
  0.00003368256001937  0.00003545952879176  0.00003705684012517  0.00003874566946358
  0.00004049303084373  0.00004222674793395  0.00004397626681555  0.00004582807046756
  0.00004774330834884  0.00004985417046702  0.00005228090694160  0.00005500055380300
  0.00005811079417454  0.00006171486191993  0.00006580891819474  0.00007036770965899
  0.00007534649418450  0.00008050413039472  0.00008548514274412  0.00009042219422394
  0.00009570386183318  0.00010120011784676  0.00010709933421840  0.00011390979101936
  0.00012086715722281  0.00012797329931863  0.00013556112502052  0.00014374965788625
  0.00015256820620144  0.00016220574262702  0.00017273646052831  0.00018407743298976
  0.00019636598115134  0.00020967033001125  0.00022440833081101  0.00024057524369364
  0.00025797400580753  0.00027692160517031  0.00029775333249230  0.00031935621205055
  0.00034217593993732  0.00036513723493243  0.00039142395457390  0.00042043345113765
  0.00045211269596855  0.00049017623706651  0.00053254764934020  0.00057934504973928
  0.00063080743940123  0.00068696535126939  0.00074923071440360  0.00081857344588430
  0.00089541693021433  0.00097953563868413  0.00107319753497693  0.00117985674983212
  0.00130054544445413  0.00143961011313798  0.00160588142449109  0.00180657419531520
  0.00205073405375652  0.00234722698784329  0.00270649219517634  0.00315653750187055
  0.00371792340359300  0.00439414941247547  0.00525811307283844  0.00643484566660885
  0.00808652426863758  0.01020540482137400  0.01349401428669190  0.01963342692172271
  0.03116114950203258  0.06206760712623164  0.18359871885253279  1.00000000000000000
  0.00001129242190938  0.00001186805623270  0.00001236742184591  0.00001321005462647
  0.00001454092339827  0.00001570990554757  0.00001664943499842  0.00001752305751321
  0.00001862685998131  0.00001961677816937  0.00002049762868508  0.00002139579995746
  0.00002244700041808  0.00002358274184190  0.00002484977483188  0.00002648414438013
  0.00002848059407623  0.00003060475506623  0.00003278201407407  0.00003487656647616
  0.00003683842886387  0.00003875112774406  0.00004057122635538  0.00004234974171243
  0.00004410987220521  0.00004590306235054  0.00004779695200408  0.00004981723411071
  0.00005193017068536  0.00005410756543296  0.00005627062075762  0.00005838709325100
  0.00006049474846975  0.00006269140687748  0.00006508348435825  0.00006765504655347
  0.00007042491506977  0.00007332650319914  0.00007629334711558  0.00007932712452933
  0.00008245147553164  0.00008562440475444  0.00008880040214831  0.00009212605966173
  0.00009555396758276  0.00009902968365958  0.00010285614660154  0.00010693059059494
  0.00011129776653301  0.00011602785707230  0.00012115867361771  0.00012662231068181
  0.00013223626431648  0.00013830279489995  0.00014482982804314  0.00015215933963322
  0.00015938390550999  0.00016697781489737  0.00017478447948090  0.00018268570385893
  0.00019198496790045  0.00020210238473403  0.00021315429497002  0.00022542505344930
  0.00023897591273380  0.00025387211885665  0.00027050987419418  0.00028897173396876
  0.00030953111604361  0.00033239783591358  0.00035741512883983  0.00038388297496786
  0.00041225863395970  0.00044372863005273  0.00047961626568286  0.00052134079920160
  0.00056952630387873  0.00062519108694875  0.00068922378061748  0.00076508148265100
  0.00085460057625943  0.00095749098553577  0.00108054702178349  0.00123313041561022
  0.00142414112116528  0.00166295527094904  0.00196254118625110  0.00237596724865856
  0.00294647912225607  0.00381938173314938  0.00542647834220065  0.00840377201416707
  0.01496120803590594  0.05022606969523601  0.88218466234503268  1.00000000000000000
 -0.00268915028100803  0.01020113295275902  0.01985848445874704  0.02996459360543636
  0.03952828004103787  0.05020823087938783  0.06112110005251022  0.07110829292148069
  0.08149338511061827  0.09246881326528546  0.10402316742221743  0.11457461004277698
  0.12517547507496532  0.13634396027745554  0.14738343029719442  0.15864208945227187
  0.17035128791907231  0.18225530549669736  0.19381299459882209  0.20474660217602825
  0.21550376301651294  0.22635594637082779  0.23697695337313143  0.24747697273287242
  0.25821021300594976  0.26912550678949848  0.27958271034584470  0.28970131388734022
  0.29999191073348425  0.31031582669430330  0.32034339842953374  0.33037796945207548
  0.34101481636744807  0.35173173964087667  0.36182446457308659  0.37171772652516760
  0.38211296576781051  0.39288821598819029  0.40341260867416689  0.41357088761309657
  0.42379820251748140  0.43430798129939430  0.44526777363510500  0.45679717184682023
  0.46797172995347736  0.47892006934567538  0.48976693337171329  0.50077528972681196
  0.51223975290240675  0.52382618074715503  0.53519489395146214  0.54585489378689422
  0.55562983260509602  0.56507150919139015  0.57436328595462005  0.58463376696639024
  0.59598976335271148  0.60745145949819201  0.61862470803589420  0.62923788835125882
  0.63905483067531255  0.64862301157841218  0.65792026555632721  0.66799831029525181
  0.67892562247082744  0.68970624058516605  0.69986354355399916  0.70996467847641520
  0.72028924412015649  0.73058858264980242  0.74100171488705735  0.75200681895555888
  0.76314658908133715  0.77406617824163193  0.78488581401794766  0.79637546957456717
  0.80836520487765162  0.82020206443332488  0.83161188536432451  0.84269884030030062
  0.85366669043585919  0.86484428313744799  0.87605200029800778  0.88682134910998112
  0.89699996341676480  0.90586991296018637  0.91416787830978463  0.92262368817000084
  0.93196269222175354  0.94209544414394264  0.95166173382894814  0.96112474485817490
  0.97075013544728961  0.98074661041080591  0.99035728069028794  1.00000000000000000
  0.00005796068369425  0.00032454737374919  0.00065529362834669  0.00105331255993681
  0.00148802572422646  0.00193621089070920  0.00242845669096251  0.00296505587601218
  0.00351541415451313  0.00407006819879834  0.00463468944663215  0.00523425094614546
  0.00583224021728163  0.00651049442060131  0.00730775152755185  0.00825455697777937
  0.00928276196241832  0.01035597229273386  0.01150553839407684  0.01271584501902740
  0.01400914805548400  0.01537624197065072  0.01684075110578775  0.01840945933451460
  0.02006662001990213  0.02180730478681652  0.02367389910004021  0.02566905337113394
  0.02774835046789117  0.02987887981909524  0.03211717695942646  0.03452010589998424
  0.03700834974482497  0.03967281688877619  0.04262461986674870  0.04582969730861279
  0.04919948358092903  0.05268872449036601  0.05625923999836627  0.05997486413848926
  0.06380527623024435  0.06829426039155127  0.07291085945055772  0.07763715452899662
  0.08255022372194118  0.08769924858043081  0.09303981571722190  0.09868708723942585
  0.10477984928179927  0.11144637088832993  0.11857755459766646  0.12589743165084588
  0.13322865552571256  0.14060547306308335  0.14807627470281903  0.15577873599406911
  0.16403650634580777  0.17297972411226326  0.18235527492424192  0.19200315690465475
  0.20204840731947274  0.21256800015879751  0.22341266230827941  0.23487274590236742
  0.24682167585924164  0.25973462061594199  0.27366753353379714  0.28872499635915072
  0.30421082757107526  0.31969433412534881  0.33558701805305785  0.35180565815968556
  0.36793646914735967  0.38484414159996838  0.40308992149957118  0.42130212301061642
  0.44080349428315818  0.46181819858192252  0.48347590419129538  0.50538400968644370
  0.52819703091706038  0.55273183118860203  0.57918938235327044  0.60618397878816244
  0.63327242123102856  0.66125947922519968  0.69007297247910837  0.71957783303371969
  0.75018716170165989  0.78243800659261964  0.81630091098967594  0.85113081323177142
  0.88590746997848624  0.92260525451233211  0.96158469864813678  1.00000000000000000
 -0.00274873388842765  0.01057498598684093  0.02147266316874208  0.03218675027214520
  0.04266560297871039  0.05370777948493841  0.06520056134157250  0.07674176704879440
  0.08768408532691056  0.09792276955821885  0.10756987952665142  0.11736397536903637
  0.12785713729806678  0.13874255388448978  0.14966383765907415  0.16027937691024710
  0.17109664217795126  0.18179894476471140  0.19179072773296318  0.20168940449830428
  0.21169758243039538  0.22337150830046565  0.23386532534444010  0.24473588710654026
  0.25490677258197364  0.26539359139387325  0.27628254442677219  0.28683360034640959
  0.29740338387558884  0.30621576459809269  0.31576001441023865  0.32545516746779690
  0.33564348374898512  0.34636568965780345  0.35664261982016138  0.36589143604817276
  0.37527224668106907  0.38493855225446905  0.39549348317351046  0.40632966937625914
  0.41734049815845886  0.42887245327647050  0.44095614744103062  0.45272441802656449
  0.46311962642738264  0.47254870960588097  0.48186523959662519  0.49089296769800339
  0.50108273693914107  0.51174057746881929  0.52226177275315866  0.53267722456984934
  0.54273121000018476  0.55294384815111319  0.56342933473994727  0.57433201264778233
  0.58537569114032084  0.59643239342047394  0.60725635446076620  0.61787130260830891
  0.62828525354670606  0.63869958101678748  0.64941267813069703  0.66028439193631061
  0.67104033333040358  0.68148973279155534  0.69198346944204225  0.70267750335825041
  0.71308356518019100  0.72281060435648137  0.73308143174119700  0.74351103155916065
  0.75443509535926323  0.76529354352484125  0.77611541525929784  0.78663882641420291
  0.79702884641181138  0.80742804038849747  0.81749798242722926  0.82778188242568473
  0.83789669159266034  0.84910745567925294  0.86008040869949598  0.87165660425805291
  0.88294131865391712  0.89380624346240733  0.90449389206830111  0.91533412914338719
  0.92674994855908033  0.93772659326134389  0.94872324319382384  0.95940791232707523
  0.97119528026151747  0.98145999791169369  0.99095211781997794  1.00000000000000000
 -0.00010366349438774  0.00019457256340972  0.00097060966799303  0.00216933093490654
  0.00364334857463047  0.00524561808993851  0.00691420299556511  0.00878718949808607
  0.01111027576342079  0.01380954149299922  0.01663499005983354  0.01967460737172572
  0.02296251811835102  0.02654862189833557  0.03032621493375896  0.03429825943904211
  0.03858574684010897  0.04332073977851142  0.04864950646912557  0.05427996155722426
  0.06012303766781587  0.06628151197296502  0.07282120758466462  0.07928627030336831
  0.08626854226158830  0.09379537890701613  0.10175202758192117  0.10971309268006095
  0.11765650487362049  0.12573497957815835  0.13420899584084506  0.14309628994633672
  0.15250477478656832  0.16211288813220540  0.17197892994326419  0.18210008538648198
  0.19230677233078930  0.20262644110709668  0.21315278751116895  0.22444394786273980
  0.23634800960192770  0.24855540678139029  0.26038267513046132  0.27292440622016312
  0.28672156934977422  0.30175423402675411  0.31674668523301397  0.33113265915852563
  0.34561894294023282  0.36015889450988803  0.37456846736202731  0.38931751094445383
  0.40400058517560844  0.41800942665183249  0.43122591656111514  0.44543447496355465
  0.46028967705926549  0.47516987163246699  0.48988436276981151  0.50448350303590983
  0.51984650710748370  0.53502967525883949  0.55032778047859432  0.56563564198960126
  0.58132098365663354  0.59729792687303795  0.61322388496541202  0.62944611795650107
  0.64500724600812076  0.65874357110581783  0.67262928074331485  0.68658914366687562
  0.69966511386418606  0.71212268276555046  0.72434459554387176  0.73707698504078401
  0.75049159302509860  0.76502174786586774  0.78023520137910840  0.79496272471776286
  0.80876875244920676  0.82131191565229866  0.83254782983212816  0.84311821882883875
  0.85428601890636502  0.86656317419937512  0.87848546123538274  0.88950807986254254
  0.90070906243213955  0.91219910363617973  0.92334741921688901  0.93414503589678932
  0.94527701181918145  0.95606184952878859  0.98322408381537474  1.00000000000000000
 -0.00317648159492926  0.01458770833775130  0.02965229849899608  0.04491788693185092
  0.06068779607667035  0.07721614103799215  0.09371134911856184  0.11008109681756748
  0.12630717549377329  0.14191271887377724  0.15682240950260176  0.17176656896143111
  0.18586523127559851  0.19856474655724024  0.21101336653077882  0.22414212978845377
  0.23658381356012842  0.24845244356043100  0.26008327141201065  0.27150419398488751
  0.28228824793653728  0.29251679196612590  0.30338373172472360  0.31428905011766173
  0.32536049974578951  0.33557860111111182  0.34446846741976012  0.35339156473088390
  0.36171975835656039  0.37041005118345088  0.37907585504931018  0.38658420170041485
  0.39409056910761719  0.40158358698232305  0.40926652720904549  0.41713466635260271
  0.42460410619677030  0.43156136781862564  0.43818550268056022  0.44458658464806239
  0.45104919266423932  0.45759894854316030  0.46390026424867903  0.46987608604989062
  0.47569418282900561  0.48147771431112657  0.48735559762452313  0.49329615547140870
  0.49927499706370942  0.50537925480203538  0.51143693808313462  0.51713319191346452
  0.52269942863275531  0.52849718689814495  0.53446316131256255  0.54079932934175490
  0.54736403275884993  0.55413611734322210  0.56110667440211104  0.56815861934688505
  0.57502273785271840  0.58177034628474245  0.58870254309193448  0.59586150897008050
  0.60354440323803160  0.61183926141455303  0.62002065892471458  0.62845879615239419
  0.63736251725476611  0.64677306498643283  0.65690589739751015  0.66730254417957435
  0.67797598268278858  0.68888376824717967  0.70045877889196129  0.71250616900508756
  0.72478704715218667  0.73799821562490897  0.75171861502668569  0.76481032848236130
  0.77504138899372965  0.78528613527354485  0.79592197107994656  0.80882998569096320
  0.82140476826213105  0.83382532532313769  0.84772497053101759  0.86235646360906015
  0.87827978681169039  0.89554608375989098  0.91335946373735255  0.93054628913684467
  0.94708175396094640  0.96339465972762706  0.98057602199330807  1.00000000000000000
  3.29084271340867703E-006  -1.0000000000000000     
 T T T T F F F F F F F F T T T T F F F F F F F F T T T T F F F F F F F F T T T T F F F F F F F F T T T T F F F F F F F F T T T T F F F F F F F F F F F F F F F F F F F F F F F F F F F F F F F F F F F F F F F F F F F F F F F F F F F F F F F F F F F F F F F F
  <DiscreteSampler_grid>
  grouped_processes
  1 # 1 for a reference and 2 for a running grid.
  10 # Attribute 'min_bin_probing_points' of the grid.
  1 # Attribute 'grid_mode' of the grid. 1=='default',2=='initialization'
  0.0000000000000000 # Attribute 'small_contrib_threshold' of the grid.
  0.5000000000000000 # Attribute 'damping_power' of the grid.
 # binID   n_entries weight   weight_sqr   abs_weight
    10   10   1.201362291226253E+007   9.761606068295956E+014   1.201362291226253E+007
    16   10   1.257324762530404E+007   1.069187692355369E+015   1.257324762530404E+007
  </DiscreteSampler_grid>
