  0.00001330290554897  0.00001575920509641  0.00001703069536115  0.00001794134204800
  0.00001875681027251  0.00001960201141531  0.00002051715562366  0.00002148731698020
  0.00002256764706237  0.00002367237025172  0.00002473914901738  0.00002578794712046
  0.00002678625019943  0.00002776763399173  0.00002883325926817  0.00002999840771881
  0.00003116325631890  0.00003226776606856  0.00003346582133649  0.00003482064605471
  0.00003621759100051  0.00003766563574676  0.00003913967223460  0.00004064552400484
  0.00004221513782423  0.00004381360394168  0.00004537232324071  0.00004692998972521
  0.00004861089552122  0.00005038878449588  0.00005231176088234  0.00005444626155600
  0.00005677451914137  0.00005921507120884  0.00006173712472679  0.00006421717307356
  0.00006669112090818  0.00006903741554325  0.00007125281501008  0.00007357163783958
  0.00007610634176621  0.00007877026984330  0.00008155370213823  0.00008449816183619
  0.00008760718473065  0.00009091479880501  0.00009440301026733  0.00009807365672415
  0.00010190756516886  0.00010614422128150  0.00011084754633088  0.00011563409930303
  0.00012075024206805  0.00012606342722530  0.00013144073381242  0.00013699435459829
  0.00014244439668410  0.00014824780520838  0.00015458167195022  0.00016135118167702
  0.00016890407254356  0.00017717077008722  0.00018583317205642  0.00019468055735807
  0.00020392259200979  0.00021409933684488  0.00022508447601184  0.00023721488452167
  0.00025094063724925  0.00026597784676265  0.00028227527060135  0.00029796690219718
  0.00031265182906304  0.00032922050399939  0.00034789225086564  0.00036833323594387
  0.00039093133502307  0.00041551133286000  0.00044142606952249  0.00047306173439428
  0.00051193100855247  0.00055795511956842  0.00061172471091556  0.00067544006029456
  0.00074921324542235  0.00083966622593262  0.00095194933820725  0.00109142511187959
  0.00126843557736246  0.00149965282856149  0.00183080635605894  0.00233569598711263
  0.00315753940237208  0.00500520336519415  0.01537647191329187  1.00000000000000000
  0.00002167584903157  0.00004668576862180  0.00006311913822424  0.00007668224683548
  0.00008961956208034  0.00010380785767265  0.00011974813337688  0.00013801077430265
  0.00015828780899806  0.00017923496697969  0.00020204560352749  0.00022736746649314
  0.00025770776992326  0.00029115326121176  0.00032659625473406  0.00036690538480978
  0.00041353749267654  0.00046582128649481  0.00052641626354508  0.00059486582557883
  0.00066872874954905  0.00074786659965753  0.00083579353922573  0.00094083562066189
  0.00106042728996349  0.00119457772471997  0.00134889556900693  0.00152315108281054
  0.00171894342930444  0.00193840140775668  0.00218072391417556  0.00245380648690416
  0.00276130988567100  0.00310972625176179  0.00350181281067892  0.00393400415308501
  0.00441472326800167  0.00494255914254652  0.00552231267536637  0.00617853407443413
  0.00694399309028119  0.00782725843854416  0.00881540666218101  0.00988888768327702
  0.01105540150322870  0.01236180578381889  0.01383260800882473  0.01546208822592264
  0.01725403238472602  0.01923816328330361  0.02145040454689977  0.02386589890444008
  0.02636973138813690  0.02898526361325316  0.03189162421863181  0.03509919860463338
  0.03875586533874469  0.04307715055650015  0.04795430245049744  0.05319288033799047
  0.05877726759273821  0.06491167334068021  0.07159199235906000  0.07883911892954783
  0.08660022340247366  0.09537765309806627  0.10481970604602450  0.11476081945888282
  0.12545725879364489  0.13725050524133153  0.15013080291785685  0.16386238285077942
  0.17805775300557075  0.19273356780666012  0.20762583061362253  0.22333733378080561
  0.24028439988089445  0.25850800889885100  0.27819990065678851  0.29883970403433785
  0.31765454771145335  0.33545812975951933  0.35403580169275389  0.37375061340672416
  0.39462709459314160  0.41821084274362896  0.44686550724007823  0.47913761522313947
  0.51445736490550042  0.55618283440327199  0.60556540876648135  0.66273587282578938
  0.72811983797799673  0.80336213613887208  0.89390960288289034  1.00000000000000000
  0.00000328700114609  0.00000456553034227  0.00000508773040736  0.00000567806997911
  0.00000627909421222  0.00000689999754558  0.00000764420835621  0.00000846155364501
  0.00000930715283037  0.00001007739265147  0.00001084022993042  0.00001159436888698
  0.00001230908652299  0.00001302468154351  0.00001382320982451  0.00001459040368354
  0.00001536555363535  0.00001625347881204  0.00001706608216200  0.00001848987078540
  0.00001972551900637  0.00002060445414281  0.00002144058345343  0.00002224227509986
  0.00002308261954250  0.00002393137270657  0.00002471078590694  0.00002541022571433
  0.00002614397072418  0.00002685580478490  0.00002759195595707  0.00002839720155826
  0.00002928977017822  0.00003022991852897  0.00003134957451793  0.00003249414397537
  0.00003349444184731  0.00003488267027422  0.00003601305838414  0.00003717091887319
  0.00003832843289299  0.00003952572415338  0.00004077846865142  0.00004214950775752
  0.00004342377032144  0.00004470419783794  0.00004600217571881  0.00004736558249132
  0.00004885483435375  0.00005052037704821  0.00005231531728118  0.00005420764833810
  0.00005624446335159  0.00005845184647853  0.00006086859524472  0.00006343957021711
  0.00006625766971796  0.00006927025961074  0.00007211360860209  0.00007472370960660
  0.00007754911231534  0.00008049986447939  0.00008358823769975  0.00008695540073220
  0.00009060220715475  0.00009462009725620  0.00009886377664943  0.00010343045232065
  0.00010864094950258  0.00011395813669322  0.00011941869088911  0.00012630678398221
  0.00013460243620586  0.00014360441236879  0.00015425417764130  0.00016622676170003
  0.00018002154858397  0.00019560760744671  0.00021422596896574  0.00023680411609397
  0.00026344290497895  0.00029499006139309  0.00033437263520238  0.00038497571026420
  0.00044739706143500  0.00052398541556936  0.00062706675640591  0.00077606341510395
  0.00096721272365724  0.00123565224474153  0.00173594730399555  0.00268552759052502
  0.00509944981712576  0.01305489299112602  0.06761003880403135  1.00000000000000000
 -0.00164399305974952  0.00624259290136570  0.01362249883744811  0.02165896271211186
  0.02942980580009003  0.03698864411255701  0.04465142801121125  0.05263626067924451
  0.06132730410673392  0.07045735174363076  0.07966420755597284  0.08888847119002101
  0.09819346626087114  0.10767893595083389  0.11734047587414136  0.12664011591047070
  0.13573343702636304  0.14491758027336327  0.15419900582071011  0.16424745668046090
  0.17432059625727517  0.18437756244396722  0.19409454062066830  0.20411989485715001
  0.21436633611673439  0.22470044490736565  0.23523982629363971  0.24535498481023910
  0.25513645325871315  0.26511775849070846  0.27571270971729073  0.28622791753525528
  0.29652091076046122  0.30668194254700221  0.31762431372738953  0.32873914850024383
  0.33894789283408772  0.34836964526903819  0.35752526397294149  0.36707633125579597
  0.37667648214870986  0.38571811858900551  0.39511483563792937  0.40576568752511855
  0.41791785223059019  0.43025840700230700  0.44254863067811123  0.45484775414150497
  0.46707807621067354  0.47905255688073861  0.49080903636854828  0.50285127869896662
  0.51530687148890919  0.52763585200500063  0.54028982757569355  0.55230564048102015
  0.56410311915485689  0.57561928625708736  0.58714069040380357  0.59888249207253408
  0.61074317049139071  0.62366856341994426  0.63526812997523130  0.64684308589913875
  0.65862185343007018  0.67068637472912651  0.68256271395898116  0.69493136391500121
  0.70739592358884917  0.71924520012248416  0.73071606347012152  0.74217210308948967
  0.75381096765179278  0.76621618426221205  0.77853589633148979  0.79048443383661338
  0.80202067303343294  0.81349996477594688  0.82497268113903954  0.83655650274009863
  0.84817670205142459  0.85984923275043257  0.87156463134142281  0.88266802942863531
  0.89338175661741792  0.90422263248205559  0.91549222513127781  0.92713993011751927
  0.93812381310374149  0.94769236790697176  0.95687462123137101  0.96611939029004901
  0.97474294440062537  0.98302867704900698  0.99164544076716454  1.00000000000000000
 -0.00204074298262706  0.00867916788742452  0.01695753728444383  0.02502872369231849
  0.03265223842505682  0.04144951222360636  0.05266589986457087  0.06353252710143399
  0.07246475870853468  0.08112269703091707  0.08993692769329126  0.09869722223700665
  0.10732572323966531  0.11685658953400273  0.12595935676871733  0.13577721112801078
  0.14588494774296867  0.15566252377349490  0.16546729906944332  0.17584230266366785
  0.18635376510555612  0.19726806180041256  0.20813743690166117  0.21953085677180578
  0.23124036588257180  0.24274906068369229  0.25376607274082130  0.26480084122184827
  0.27560729673727036  0.28660396742519029  0.29749350503212058  0.30748928712855045
  0.31836611596166348  0.32930290832548953  0.33945708272359115  0.34930058281789128
  0.35956478646726620  0.37012098368485052  0.38083957601314206  0.39165325953100300
  0.40284381391792184  0.41435503572453364  0.42529311364762556  0.43528197468617230
  0.44486317752461119  0.45450166231214989  0.46472436895675007  0.47562118418150240
  0.48683519576374795  0.49815422718167213  0.50924585752067564  0.51985760790173885
  0.53062863575572561  0.54168016201019442  0.55326814975647809  0.56525850793086929
  0.57685364465865208  0.58811805656879168  0.59916809223222922  0.60952092008411796
  0.61942895988853419  0.62962716970590182  0.63969654409291810  0.65040352873301877
  0.66180134990224948  0.67333926760385687  0.68473128362883595  0.69606430729063484
  0.70705688685159973  0.71756653417365435  0.72790572676635068  0.73858860046061814
  0.74974228425476819  0.76127786294822308  0.77232624897009583  0.78261973368834536
  0.79276467051070476  0.80313223954907853  0.81396795210339745  0.82530192720985984
  0.83685953980596195  0.84884784532570368  0.86060104849012153  0.87175142204966394
  0.88253773195688090  0.89313882170560344  0.90351987925775934  0.91390136968865543
  0.92451915555160791  0.93564352017988939  0.94607056492763486  0.95575358781781394
  0.96569631215635832  0.97665000995551121  0.98845364575378969  1.00000000000000000
 -0.00198626979364173  0.00819254642706945  0.01928075591275804  0.03395349666364854
  0.05063387335641702  0.06891407261515688  0.08877944063025632  0.11045982117561312
  0.13290185622358780  0.15540892102716702  0.17842713579976666  0.20184238075786148
  0.22514109992270756  0.24928101412593140  0.27406714491915668  0.29911047726413797
  0.32535780813248683  0.35231491945743693  0.37826878102045691  0.40436554081655973
  0.43013851937828290  0.45474420223908729  0.47861867827977550  0.50298433442170609
  0.52699012723311622  0.55003666077955171  0.57304964638858236  0.59573425330655205
  0.61744651306303311  0.63800614340983153  0.65812398181329090  0.67788064665898840
  0.69761530286711759  0.71711936291088629  0.73584970394169846  0.75352509247893928
  0.77000576422867895  0.78526500973965552  0.79977514967553265  0.81346923564748230
  0.82636694832651458  0.83893451353114834  0.85090464578605574  0.86207167433956788
  0.87246661708734430  0.88211671328686270  0.89120582097698042  0.89990518366158823
  0.90829339530925934  0.91610884446521279  0.92334544954631370  0.93003236282421398
  0.93617648026018219  0.94188292225143222  0.94730801354676630  0.95245718477357000
  0.95705741833357427  0.96083120565495717  0.96403978701538251  0.96708912082613940
  0.96997586195670760  0.97264623481225410  0.97508029232473170  0.97732136318198459
  0.97943764922612619  0.98141030038596933  0.98319304242162153  0.98482914135798760
  0.98632067948407198  0.98766165346764767  0.98892181089920406  0.99013831781133288
  0.99119789878203091  0.99217175169020888  0.99307812673172391  0.99390093257903711
  0.99468012999012945  0.99538780273079153  0.99600617844699613  0.99654246707983762
  0.99700773090885286  0.99742845063920482  0.99781008832105877  0.99814100136387540
  0.99843089299126997  0.99868931160280594  0.99891398442495405  0.99910595902030763
  0.99926376155003382  0.99940657543652534  0.99953269483117968  0.99963696985092487
  0.99973381802391492  0.99982581465225684  0.99991424655018935  1.00000000000000000
 -0.00255622069996033  0.00943012499988885  0.02081586574587936  0.03124856704137535
  0.04127140086425087  0.05131497233783394  0.06119016640652587  0.07066123183614731
  0.08186305995009845  0.09317441124238136  0.10459011411981049  0.11585516378194920
  0.12718051861206320  0.13858452551259415  0.15052413067833773  0.16281167891799442
  0.17418452487987635  0.18504827182137584  0.19599018328573153  0.20714236241548156
  0.21846136564132820  0.22992114773756453  0.24123993531421134  0.25210248818713848
  0.26264400391377368  0.27315124366056998  0.28409394855005138  0.29540135192684713
  0.30693028402297812  0.31868892921531206  0.33051462616439287  0.34233820212948263
  0.35385091854155748  0.36461082446467219  0.37505915956848995  0.38568319495551573
  0.39657325319316949  0.40783550208157132  0.41937262247725515  0.43099215199425356
  0.44295798950038895  0.45501205858591892  0.46667491963847396  0.47785783859338421
  0.48875296892051939  0.49952662389637548  0.51050939733962475  0.52129578494432172
  0.53095811097553336  0.54056634968170680  0.55024748582734162  0.56083155281258568
  0.57012897381848127  0.57882246360921030  0.58716325139916337  0.59572395582385673
  0.60485724911374239  0.61384093271350892  0.62262075797927496  0.63264518048581742
  0.64354271041752387  0.65432442586015549  0.66482434179164718  0.67503961400471157
  0.68530586694826257  0.69607062757472093  0.70690453987512214  0.71760587677224252
  0.72780747795487044  0.73738907780330232  0.74695869528461389  0.75642214774711192
  0.76565296647728975  0.77522851319773201  0.78499518657796974  0.79550368106596148
  0.80716572980365786  0.81902020101313933  0.83013772348400616  0.84030265803304849
  0.85047978621698972  0.86107409091297804  0.87187734675968775  0.88205985249125585
  0.89175746993150307  0.90137753118363606  0.91133216660559901  0.92165107738553964
  0.93194811660858679  0.94187659569885096  0.95105716351125380  0.96012419122101711
  0.96894827207955569  0.97924986683872173  0.98876434584205508  1.00000000000000000
 -0.00217440097126348  0.00857846019846394  0.01897356727268064  0.03039778824366155
  0.04155874695256821  0.05242388073289962  0.06353979343234736  0.07457740386383042
  0.08569350794549618  0.09654786932277666  0.10671768808107394  0.11634004189928070
  0.12642616563118136  0.13572806580872918  0.14505212913664031  0.15436057883540769
  0.16341915770552196  0.17293543703065450  0.18367642934102382  0.19456893790351418
  0.20540427837867464  0.21572079767509331  0.22580278120254113  0.23670638886227260
  0.24747639196032362  0.25753960670751885  0.26711414489803947  0.27688997199283549
  0.28716089832886871  0.29799224691591597  0.30920303480063310  0.32043197397539286
  0.33209049995549528  0.34423273722201742  0.35606648548017145  0.36722463779938946
  0.37755402346392652  0.38780257747833186  0.39825725237281551  0.40891763302871553
  0.42023649710514349  0.43139931128156006  0.44071474698114155  0.44889154873245973
  0.45717153330087301  0.46545730658404671  0.47383281902723340  0.48242096735090800
  0.49071446159180110  0.49900859453068086  0.50881704478790957  0.52018015015750085
  0.53144526240602041  0.54238187913602354  0.55351241384739447  0.56469485035022282
  0.57589314741402520  0.58719603858362979  0.59845818714394861  0.60974797925345181
  0.62100070328839818  0.63147062409865462  0.64145943289287788  0.65178258064131167
  0.66230655173760111  0.67263564738045223  0.68272576705564558  0.69288942646484830
  0.70364125230929153  0.71517708632583699  0.72674388385058575  0.73822085514277502
  0.74995780214711083  0.76170650129471673  0.77308347347209672  0.78395345774485137
  0.79462010230377822  0.80475874791705970  0.81473478941894295  0.82486534349353102
  0.83556500178440762  0.84688766828129414  0.85815447480410401  0.86964415957037478
  0.88125941192299084  0.89234886643167577  0.90302161928576130  0.91342830737002212
  0.92448037299298302  0.93631627680700424  0.94777056735211918  0.95852163766092002
  0.96838301772253577  0.97882603273016466  0.98945099833944861  1.00000000000000000
  2.29520557891636665E-008  -1.0000000000000000     
 T T T T F F F F F F F F T T T T F F F F F F F F T T T T F F F F F F F F T T T T F F F F F F F F T T T T F F F F F F F F T T T T F F F F F F F F F F F F F F F F F F F F F F F F F F F F F F F F F F F F F F F F F F F F F F F F F F F F F F F F F F F F F F F F
  <DiscreteSampler_grid>
  grouped_processes
  1 # 1 for a reference and 2 for a running grid.
  10 # Attribute 'min_bin_probing_points' of the grid.
  1 # Attribute 'grid_mode' of the grid. 1=='default',2=='initialization'
  0.0000000000000000 # Attribute 'small_contrib_threshold' of the grid.
  0.5000000000000000 # Attribute 'damping_power' of the grid.
 # binID   n_entries weight   weight_sqr   abs_weight
    10   10   6.651944313942529E+005   4.424291625694067E+012   6.651944313942529E+005
  </DiscreteSampler_grid>
