  0.05136491122205720  0.05164707113351877  0.05291685917256458  0.05443915592219162
  0.05597600496009671  0.05747160340957762  0.05899421462533634  0.06056096342423106
  0.06214604880910774  0.06386163279346263  0.06575527623087400  0.06757058664902714
  0.06942063261761372  0.07130799495978714  0.07316252211571501  0.07506948235736643
  0.07702600646271394  0.07900768866951491  0.08099944107762801  0.08296063602427775
  0.08499211807886940  0.08709453857639410  0.08923202785167303  0.09130946369294721
  0.09339295659718060  0.09560862066418563  0.09792767699837643  0.10027320654080610
  0.10261209633011435  0.10495910738846043  0.10729224589822532  0.10960371232479381
  0.11197980252297661  0.11438565045791967  0.11694484564634303  0.11953886614172073
  0.12221242962598128  0.12512026839284510  0.12820273387915090  0.13141418301124927
  0.13480614055345083  0.13831675367966526  0.14177121733067122  0.14533744057107481
  0.14886235422740196  0.15233971046550024  0.15577881219544915  0.15923536968049484
  0.16285081723164879  0.16661342737441842  0.17032616083070229  0.17391484620553108
  0.17750920436149686  0.18124623248511418  0.18530284524203039  0.18959187181773424
  0.19380674662235461  0.19788418425805324  0.20183171760600682  0.20574514374663197
  0.20971545167390643  0.21386334223619100  0.21809333175081841  0.22236084950519977
  0.22694883039299940  0.23185903921187762  0.23684417716858644  0.24159827897053360
  0.24640346716124359  0.25156538836765951  0.25733088581920976  0.26345833897567761
  0.26952063187014763  0.27578840265933124  0.28217942144837171  0.28878885802151866
  0.29536655950673507  0.30255801979562813  0.31039187403606794  0.31911885025351161
  0.32826382350081523  0.33779538258677771  0.34792791495461178  0.35873482546779478
  0.36970937519986297  0.38108683716449243  0.39266249958903676  0.40379563366720922
  0.41507841157467179  0.42757121155847772  0.44207523329194154  0.45761214894210889
  0.47214018173867028  0.50485926959767780  0.53291167271415862  1.00000000000000000
  0.00237528976048837  0.00242542069086878  0.00245241683678060  0.00249516201868590
  0.00253271375102121  0.00254992670207761  0.00262228535960215  0.00279978653854652
  0.00288848160503447  0.00292089925993777  0.00298403148995746  0.00302989925321131
  0.00308747182488504  0.00314854554650848  0.00320339283458540  0.00326551841984283
  0.00333037598516663  0.00339370296196701  0.00347291464373315  0.00356468412727031
  0.00367292912570604  0.00379402438367340  0.00388442957679344  0.00396580067181345
  0.00404249223246949  0.00411571602895832  0.00418809053725002  0.00426401240958304
  0.00435076415822405  0.00444559396106041  0.00454616886782181  0.00464985810814385
  0.00476018344727823  0.00490694357686266  0.00506666765921967  0.00522767161586521
  0.00537496029243742  0.00551271565754750  0.00566578902556909  0.00582250366913116
  0.00598141706597795  0.00615359084964955  0.00634133892115644  0.00659156558114456
  0.00682909644598315  0.00710445494769869  0.00739838640410244  0.00770238864076264
  0.00801848831375247  0.00834058490785578  0.00865955104871819  0.00900267081884372
  0.00937274362519065  0.00976734894152290  0.01019061955654848  0.01067017720211185
  0.01122626295857385  0.01186070112213565  0.01257506207899998  0.01334448096460349
  0.01420566097656987  0.01513570469221576  0.01616295727123324  0.01730344983484644
  0.01859950868021687  0.01999925892908622  0.02146369526238182  0.02301912963349496
  0.02473219887712453  0.02668530998203553  0.02887558182411011  0.03126775947756100
  0.03388457055158704  0.03665040552248745  0.03958882648981683  0.04270158484050236
  0.04614517371318669  0.04988672611939264  0.05397627943385120  0.05862646593469154
  0.06379089039207475  0.06944139267315602  0.07548976206190423  0.08226608200727555
  0.09004017941996331  0.09864248087697507  0.10838838876562251  0.11876741306842627
  0.12917857582983588  0.14046274729279601  0.15242149388423390  0.16585265484476239
  0.18151257786074734  0.19772258222667277  0.22091819130335311  1.00000000000000000
  0.00018975216342860  0.00024507690977239  0.00027054995875937  0.00029185234547843
  0.00032828804702673  0.00036388760702507  0.00038873426107675  0.00040600471470610
  0.00042574289225037  0.00045013742603211  0.00047213288152280  0.00049070895226585
  0.00050846381737999  0.00052686056183136  0.00054830263313586  0.00057581205914998
  0.00060367732116537  0.00063245674842051  0.00066601249029104  0.00070651441113780
  0.00075325217859346  0.00080262803236430  0.00085070876030236  0.00089311259796933
  0.00093463935623024  0.00097639492596643  0.00102029243138914  0.00106669752193664
  0.00111594444213794  0.00116666090026955  0.00122052703690617  0.00127640797980375
  0.00134720669786775  0.00141883551785755  0.00149752569152265  0.00158260837881183
  0.00166968356383860  0.00175537357079574  0.00184180446126409  0.00192938351085543
  0.00201950914911208  0.00212491264513405  0.00224305817518432  0.00237619476560276
  0.00251064453891235  0.00264304912046614  0.00278117096503434  0.00292347463973019
  0.00307428681995773  0.00324129250265976  0.00340990120428623  0.00358367846040597
  0.00376813115349535  0.00396902254642374  0.00418733610767297  0.00444429215023615
  0.00473694934415188  0.00504569468286665  0.00536756626394223  0.00568709593982111
  0.00601604717450335  0.00636626996098513  0.00676017441614320  0.00718461859039133
  0.00766709593535418  0.00818915648114291  0.00874556387248144  0.00936466191593418
  0.01004220422669824  0.01076216772519213  0.01154280398720006  0.01240512331142472
  0.01333167380535416  0.01428460862137183  0.01534659680900806  0.01650276235871839
  0.01776532452542149  0.01911006742349866  0.02060655371477064  0.02242246724068493
  0.02455562824359404  0.02688651346664006  0.02944327185566267  0.03230722482305883
  0.03560389420587362  0.03937914989250229  0.04379770174841227  0.04895216525926532
  0.05474772915197842  0.06084196128203734  0.06854316278282352  0.07883929241876503
  0.09749100696288872  0.11999945409197803  0.14823645993313453  1.00000000000000000
 -0.00175897195598427  0.00597317762829218  0.01313182781391307  0.02040559340786707
  0.02795118793102775  0.03560622890174404  0.04357982677881161  0.05196692181158572
  0.06017405947694437  0.06832066964304036  0.07690626545795992  0.08600445421236495
  0.09573055698528271  0.10507271460469375  0.11392990571640350  0.12313101525899035
  0.13297960889415752  0.14317203612864232  0.15296633047015926  0.16268940131344511
  0.17241168083672620  0.18305044357491598  0.19402237025475180  0.20579853477804819
  0.21803076145392866  0.23055851447473868  0.24321939265434006  0.25517144432285505
  0.26677299445516084  0.27865791260293010  0.29057519079984406  0.30242396073753663
  0.31456786622140631  0.32721226817861115  0.33931024697534778  0.35139286965079136
  0.36343706349919513  0.37564563926319011  0.38784691678311684  0.40027892403621373
  0.41365431840745076  0.42728590303911623  0.44152520859557026  0.45571553313936464
  0.46994822101950462  0.48319830948273362  0.49643490532779599  0.51041572231858090
  0.52545856930927815  0.54035413543862243  0.55492630539450927  0.56875056496571885
  0.58223540686994057  0.59559414638479669  0.60910294736229831  0.62306524718217859
  0.63700272249497092  0.65096450270933992  0.66483717390040953  0.67750977842139293
  0.69022774068594817  0.70254172402209591  0.71484500256770889  0.72603064584886357
  0.73657978306045624  0.74657083570267790  0.75686179248312613  0.76762629688824402
  0.77881424496943286  0.78943335090684352  0.79895625223043465  0.80824614932235805
  0.81785284774106382  0.82807439634464919  0.83866193112304355  0.84891388927506917
  0.85859936812296045  0.86790720372879382  0.87701283361407789  0.88635660454291465
  0.89588963268330113  0.90475726777749299  0.91320253004407770  0.92193600058218572
  0.93024904959813504  0.93840849050320518  0.94609346152887830  0.95394869032407625
  0.96118640601067151  0.96742294339191381  0.97366777224408929  0.97980711921028474
  0.98541269086116978  0.99065085812779585  0.99539162791496449  1.00000000000000000
 -0.00266094452007134  0.00864479649262675  0.01805416506457923  0.02747920248739740
  0.03757555299973594  0.04798301377410017  0.05829707945521125  0.06862413429403692
  0.07948559675402572  0.09068133032481890  0.10187494040624206  0.11335375445897278
  0.12522995499635170  0.13684101370255108  0.14749015877716654  0.15780212673464047
  0.16855410233509385  0.18008827108763409  0.19132681170626759  0.20198086990823924
  0.21197507582817848  0.22209383698385213  0.23243677624645312  0.24246858514063058
  0.25190702874673709  0.26137164884044034  0.27203419686569302  0.28402312872107272
  0.29583300493618031  0.30683695506834396  0.31754795429653904  0.32873602609576480
  0.34061504410495569  0.35265205276469574  0.36391822048944672  0.37471240041565096
  0.38535769841805817  0.39667192731770023  0.40879924670074358  0.42001557801052264
  0.43015510451994937  0.44044230465751422  0.45105244682567153  0.46226205108025514
  0.47277252150025828  0.48337122399786736  0.49379295200265499  0.50449446318782964
  0.51520274703141755  0.52554398967231997  0.53569090820087595  0.54616435424400034
  0.55669347378104994  0.56731102259169019  0.57806204402984329  0.58905627000996097
  0.60056628783149091  0.61191597875585257  0.62305310901683553  0.63333209839402704
  0.64372928991893785  0.65426127058153971  0.66563301501052274  0.67700331629762300
  0.68813367424488248  0.69847414484087811  0.70915230072448032  0.71978946513998721
  0.73024523454025059  0.73995849516290513  0.74953421799602793  0.75962593240128973
  0.76971369849071902  0.77962579138183052  0.78962684398864502  0.79996351693602963
  0.81023150192890037  0.81941886523773599  0.82761745911831663  0.83634537802269515
  0.84531813935346189  0.85443582328049605  0.86328000762705182  0.87229805001281968
  0.88318280499180424  0.89466512943987886  0.90558406348043063  0.91608509523540660
  0.92671882899708191  0.93705549008779521  0.94718647655984667  0.95690511936008693
  0.96727032528486812  0.97780443462852484  0.98885627822588340  1.00000000000000000
 -0.00244847087020482  0.00968995669640962  0.02065631040811357  0.03222554061544514
  0.04382174603537363  0.05537078734908121  0.06709437599097265  0.07905592195956700
  0.09052380791212372  0.10112854289414742  0.11168646075849270  0.12216751858811911
  0.13309917772308436  0.14438071449567552  0.15683426253771651  0.16969061880363429
  0.18240691703392886  0.19469423469181543  0.20648135812220048  0.21757577505196074
  0.22794082483763173  0.23815902791787463  0.24791048368461871  0.25840514940423576
  0.26844580162565490  0.27791320883578502  0.28745576814023138  0.29755966668422756
  0.30915167079790917  0.32098138622432104  0.33250707375989363  0.34283860252510007
  0.35319688200974630  0.36377940113847879  0.37471378369278491  0.38591620130494386
  0.39696957700588986  0.40747047718301704  0.41727035089487530  0.42764458887806700
  0.43777961178141145  0.44893222932680432  0.45918929976828982  0.46822979777176982
  0.47731683453079210  0.48621544464228755  0.49604282586942378  0.50713110865403999
  0.51700143762250261  0.52718623993620817  0.53765728365044774  0.54856068004939618
  0.55905855268502702  0.56889777272830511  0.57892653961790119  0.58976437348103983
  0.60065515083735910  0.61100201980821467  0.62117293892282699  0.63073811585492834
  0.63987248975195077  0.64896486462825831  0.65788899544947355  0.66690411429771113
  0.67583065827720745  0.68470080678684964  0.69401753317182180  0.70380111697556758
  0.71393192215451640  0.72456054022403227  0.73503417414544991  0.74481227540999118
  0.75376113262703326  0.76285044305153160  0.77172135509579409  0.78139934600104288
  0.79198681637319812  0.80256622516426346  0.81297945493291868  0.82333835211341344
  0.83396147357479833  0.84544051329385872  0.85670467292571995  0.86800396430149529
  0.87911024302422403  0.88996767670212640  0.90063147807241084  0.91122660610809303
  0.92175021990916806  0.93275407282457579  0.94398079132824675  0.95532318345490763
  0.96651849955991243  0.97758488037718128  0.98896518973079617  1.00000000000000000
 -0.00010084618117114  0.00012504577670650  0.00030622337644555  0.00044825741875072
  0.00056387904821534  0.00068750688919024  0.00081378564668588  0.00093228369673461
  0.00104768804137054  0.00116251938864417  0.00127324091828223  0.00138403879305860
  0.00149137705516075  0.00159639992220526  0.00170005271906653  0.00180306211365039
  0.00190950398872797  0.00201739498818675  0.00212633818562602  0.00223858536727076
  0.00235057367104056  0.00245998240558517  0.00256694025086510  0.00267080234001179
  0.00277094437809807  0.00287519710362116  0.00298680582367974  0.00310055172339919
  0.00321453636423553  0.00332886245187669  0.00344209695164045  0.00356170958399590
  0.00368146313071430  0.00380160840711246  0.00392411173211488  0.00405216192801502
  0.00418836355797872  0.00432579397339347  0.00446083325607956  0.00459503664116111
  0.00472401939059342  0.00485229683711427  0.00498140933739879  0.00511388403454072
  0.00525012917768145  0.00538968629230594  0.00553898295059345  0.00569920683297144
  0.00586002391527696  0.00601901347692491  0.00618491436986305  0.00636181557087734
  0.00653120714374751  0.00669647457000601  0.00685690698294796  0.00702221634868645
  0.00719571462313049  0.00737838398357947  0.00756747026362777  0.00775581680216447
  0.00795150502146028  0.00815284599494929  0.00835783419836370  0.00855795842380992
  0.00875214065778901  0.00894328177538569  0.00913810113007650  0.00934028286409276
  0.00955039553656460  0.00977085606158364  0.00999428635091289  0.01019887076537025
  0.01040577606777139  0.01060079508209214  0.01080434072397304  0.01100298778093980
  0.01121394376476400  0.01141273161275079  0.01160452167196615  0.01180463963016286
  0.01201710019279030  0.01225891679079170  0.01252456615166019  0.01280777528339323
  0.01313296255502447  0.01352164830023828  0.01388767082461170  0.01420053732123379
  0.01455370430435809  0.01505106812628139  0.01547063679153462  0.01581899146328903
  0.01619422081907263  0.01674136770015947  0.01675281555286314  1.00000000000000000
 -0.00251221580062281  0.01086956312143353  0.02221375969291530  0.03313613260540692
  0.04394161720460148  0.05426431911457857  0.06457558916546260  0.07499365274418204
  0.08573811228601079  0.09674258361348462  0.10800096336472943  0.11896838499555884
  0.12990166158114799  0.14049231643587964  0.15175401856658802  0.16294297837567415
  0.17427404457354131  0.18500612887049048  0.19572607041550813  0.20638543855913144
  0.21742703712975303  0.22807521634044256  0.23754914722580073  0.24632752086347043
  0.25506974465435955  0.26358449942732370  0.27239301954041056  0.28077277209231816
  0.28951394643365652  0.29993318198008218  0.31164188947060262  0.32282763365339334
  0.33381220329614369  0.34453562810238392  0.35514733430226120  0.36556954729179947
  0.37561195138446890  0.38552041223094174  0.39550843147794867  0.40590194377671995
  0.41653817258764209  0.42694830770861569  0.43745098994692927  0.44809710456130197
  0.45889586949064493  0.47044382854298972  0.48161074482309146  0.49139684364879144
  0.50075222849459822  0.51004263766234137  0.51979494235257595  0.52974126715299108
  0.54057088808177944  0.55101754659098323  0.56064167860510572  0.57003076334648739
  0.57909274607150196  0.58824210260641541  0.59748664149989317  0.60764239843598422
  0.61987737133074772  0.63201015097915259  0.64355883448956053  0.65487091926796337
  0.66604132418339557  0.67638239499895836  0.68686088135828771  0.69727646604233950
  0.70718527834246270  0.71676692768877204  0.72690108563207056  0.73871928098544548
  0.75111368955131164  0.76293660386871309  0.77381916560506858  0.78410473631930155
  0.79420758898085431  0.80445642687094177  0.81589039830688448  0.82761212348690427
  0.83907492080968615  0.84960833618528853  0.86046829584179763  0.87118740656077076
  0.88224098366063397  0.89299691049154928  0.90423974003512464  0.91523102487158181
  0.92661684092176044  0.93860935630649556  0.94894235034195384  0.95909008506671400
  0.96865087157755048  0.97906705356548773  0.98926322272714540  1.00000000000000000
  2.22067025295967831E-010  -1.0000000000000000     
 T T T T F F F F F F F F T T T T F F F F F F F F T T T T F F F F F F F F T T T T F F F F F F F F T T T T F F F F F F F F T T T T F F F F F F F F F F F F F F F F F F F F F F F F F F F F F F F F F F F F F F F F F F F F F F F F F F F F F F F F F F F F F F F F
  <DiscreteSampler_grid>
  grouped_processes
  1 # 1 for a reference and 2 for a running grid.
  10 # Attribute 'min_bin_probing_points' of the grid.
  1 # Attribute 'grid_mode' of the grid. 1=='default',2=='initialization'
  0.0000000000000000 # Attribute 'small_contrib_threshold' of the grid.
  0.5000000000000000 # Attribute 'damping_power' of the grid.
 # binID   n_entries weight   weight_sqr   abs_weight
    10   10   7.010041108152383E+002   8.541139398584360E+005   7.010041108152383E+002
  </DiscreteSampler_grid>
