  0.05136313856866239  0.05198216523130711  0.05277076486310073  0.05354746949601569
  0.05432805570794371  0.05509792399063950  0.05585833159357015  0.05660865732263010
  0.05737519920345857  0.05814453754914205  0.05892333177177382  0.05968229759761454
  0.06044420763138296  0.06119019808566242  0.06191463004308618  0.06271249844469248
  0.06359321773628372  0.06448784645229948  0.06537237012972685  0.06625773579700621
  0.06715815349604290  0.06807927945874219  0.06899800294342606  0.06991231826321143
  0.07082600282754772  0.07174390381579220  0.07268281484303178  0.07361222641676271
  0.07452808913006743  0.07544652047391688  0.07638519159435722  0.07734818032680292
  0.07832174731826264  0.07928901500930675  0.08025953990003594  0.08122770404024247
  0.08221518655424583  0.08320993315929817  0.08423828824071465  0.08528173713920841
  0.08631409244857985  0.08732271745569879  0.08833169611029380  0.08937240258244251
  0.09043708339041755  0.09153046622248855  0.09264406790584781  0.09374330096489758
  0.09485307131264775  0.09595454589109853  0.09702484473612186  0.09812324737393099
  0.09923501669981807  0.10036212050262981  0.10149388478896636  0.10261716662980563
  0.10375704819461570  0.10495598182085661  0.10622095215282762  0.10751747142274372
  0.10881289714444405  0.11010793455106957  0.11142203038189116  0.11274673054391136
  0.11406651877790419  0.11540806669366083  0.11679172561146135  0.11817859906426582
  0.11957544534121693  0.12097353721362451  0.12238875771667042  0.12384900291368128
  0.12537991414708999  0.12708159772471453  0.12880353379694409  0.13054153006709701
  0.13228836762476515  0.13407527169182562  0.13588290147983367  0.13779892472371064
  0.13981606782576336  0.14188998000157066  0.14400358786922482  0.14624796675631171
  0.14876563611567128  0.15146720341025138  0.15427318536092485  0.15719928924466661
  0.16031559312808091  0.16373200617425718  0.16769335874919769  0.17277970094189979
  0.17885439490759428  0.18628036676177290  0.19265617010233685  1.00000000000000000
  0.00151314966448988  0.00158662639256372  0.00165131663991878  0.00171020455399713
  0.00176593411452303  0.00181750919801401  0.00186677913701670  0.00191496231499487
  0.00196316215103174  0.00201021161740971  0.00205675969270593  0.00210301703591678
  0.00214975778425889  0.00219659256608583  0.00224424830717810  0.00229250835407942
  0.00234022908331709  0.00238899124737539  0.00243854031532708  0.00248937005895873
  0.00254122934950929  0.00259325719488580  0.00264675761782940  0.00270118280223906
  0.00275603661534384  0.00281220174155138  0.00286897950477065  0.00292566608637726
  0.00298342962682549  0.00304425856975143  0.00310782390599499  0.00317212777746327
  0.00323783479974415  0.00330651503686495  0.00337656645104247  0.00344618589244819
  0.00351737282651693  0.00359056900768857  0.00366170370352044  0.00373436456887001
  0.00381020540775528  0.00388955629771915  0.00397219573981460  0.00405494414417162
  0.00414140394549703  0.00422766372453265  0.00431582469010044  0.00440680246554293
  0.00449994870879399  0.00459347944812467  0.00468933477147306  0.00478883737411231
  0.00489251581790440  0.00499787937998519  0.00510706209957677  0.00522042356815272
  0.00533798163426443  0.00545894063405784  0.00558359580324163  0.00571084598108600
  0.00584043784998079  0.00597212609240660  0.00610202746720698  0.00622953835610798
  0.00635892263407773  0.00649708138121599  0.00664406558623386  0.00679615749534696
  0.00695122264847071  0.00711092013545493  0.00727207849340220  0.00745056956285995
  0.00765107011904223  0.00785185270221172  0.00805657625991289  0.00827394356611093
  0.00849337257758204  0.00872259270946474  0.00896895793874480  0.00922043136350117
  0.00948981572122844  0.00978284419615033  0.01010435715412364  0.01043484098456211
  0.01076620478778105  0.01113028746042468  0.01151403710049520  0.01191985635550352
  0.01236099313739128  0.01285042009854343  0.01340161806702835  0.01407459496484051
  0.01493721640614679  0.01595291165902241  0.01669714599204693  1.00000000000000000
  0.00719132138284564  0.00823916198042004  0.00904648989818829  0.00975088564188378
  0.01054663915876164  0.01143331342458188  0.01231999530602483  0.01320997537820329
  0.01413808358761857  0.01507689956459899  0.01606271989933627  0.01710227624247157
  0.01814688174508865  0.01921643030103165  0.02036047207912124  0.02155956303230596
  0.02278278869055003  0.02402455387874055  0.02533202567627391  0.02671250657183699
  0.02818925261648875  0.02975592892953981  0.03142105154633632  0.03316359292317527
  0.03500360985865616  0.03698879518729462  0.03909939319380860  0.04138345934434207
  0.04371828231705622  0.04608710004369133  0.04848479254528651  0.05094405467973278
  0.05347860247213553  0.05607213651285335  0.05865767527551428  0.06122840649306670
  0.06379412449344472  0.06635230642502868  0.06888940491138330  0.07140895247314288
  0.07394973663209255  0.07651475356771355  0.07912315950679920  0.08172794607022628
  0.08435399758858918  0.08694388365804340  0.08954113109168903  0.09216104106365879
  0.09478553064195325  0.09743940097242075  0.10008281139343357  0.10266686149107053
  0.10520467820442665  0.10771269145682348  0.11021519716264740  0.11274888699773028
  0.11527360103641680  0.11775355188352669  0.12020982960215906  0.12260268648622649
  0.12498971285023878  0.12732033238038873  0.12969440583024022  0.13214841031929986
  0.13465620357847183  0.13725830726472929  0.13994950334102843  0.14266286879815915
  0.14542106164027213  0.14811054409262459  0.15074665652888178  0.15339891881057802
  0.15602844096528054  0.15874945471545848  0.16137275785775110  0.16390960018883932
  0.16641141986187330  0.16888737798824996  0.17136920390677363  0.17384400706556635
  0.17658097444296603  0.17941004931879861  0.18229191323795282  0.18501964112879118
  0.18752441718674084  0.19000720002191310  0.19245000866038697  0.19501842280856044
  0.19767786930996764  0.20038683186430178  0.20325721660484397  0.20648967628191237
  0.20978882022391704  0.21208975623445203  0.21342351060739526  1.00000000000000000
 -0.00506602181998309  0.02977016964730500  0.05451889252597929  0.07423031459460747
  0.09083013343299989  0.10554364463097275  0.11915191876226228  0.13202675698379004
  0.14435327685702815  0.15631278273727478  0.16802882412439021  0.17965974967409110
  0.19103406315320459  0.20222504217766238  0.21326002809959466  0.22428776177383911
  0.23471270288124010  0.24501926129594523  0.25555633713221915  0.26637048775531075
  0.27706109399149703  0.28737041005949421  0.29819695483590819  0.30927630705581421
  0.32045181770646103  0.33141449349947699  0.34270939773433007  0.35398838002737465
  0.36520399391215885  0.37641904409866644  0.38737098455495900  0.39835389367038704
  0.40936319337150889  0.42128138410132637  0.43323935120563334  0.44488359644348840
  0.45631937527283045  0.46777196542555860  0.47902110048353574  0.49005160156365779
  0.50110771342675853  0.51272419059248431  0.52382944202792414  0.53541300573321238
  0.54677121261518968  0.55866332024556742  0.57034870290429296  0.58186454873093674
  0.59297638242590145  0.60396475058205179  0.61508875862337964  0.62630169914652289
  0.63732774126909908  0.64778658087777219  0.65832800545248993  0.66881873034843120
  0.67918071076497533  0.68919074353655185  0.69931966787152344  0.70931925176068911
  0.71957621232326874  0.72945953160804156  0.73968414712275721  0.74946636238485853
  0.75850555306810796  0.76757313431752550  0.77645782659853324  0.78530011013518719
  0.79429233512104924  0.80321127272422155  0.81193341875519454  0.82033265555072099
  0.82866320655365411  0.83684431493814682  0.84508434770789875  0.85324297793205739
  0.86128336248959769  0.86922160735221043  0.87700681763767174  0.88468156077631743
  0.89225050708566034  0.89976448032225642  0.90747116139089956  0.91518201253058395
  0.92288828412832613  0.93036516487734455  0.93739308302239466  0.94429963865800193
  0.95121744337456604  0.95823804547493496  0.96533383950822693  0.97240881656812672
  0.97937192128239992  0.98624731268051080  0.99314965254524312  1.00000000000000000
 -0.00229886726344262  0.01018001975463937  0.02053998502733262  0.03124296058387024
  0.04165028237860608  0.05204266339237514  0.06208643427120218  0.07262024355404989
  0.08304812367800427  0.09347750834009168  0.10353941696201138  0.11339088167389788
  0.12327861688848114  0.13341481755169987  0.14421428748406440  0.15488336356929325
  0.16580342354510105  0.17664458987069323  0.18772694362819758  0.19835999747213179
  0.20870763506062112  0.21911146729636466  0.22948362626857133  0.23979348536943385
  0.25017267266145582  0.26089250764880673  0.27171401872246664  0.28216541682244151
  0.29236081765586613  0.30248482940731941  0.31295722263790415  0.32355290337922399
  0.33404959164682602  0.34415378029856075  0.35416069978043679  0.36414651444458968
  0.37426780658797654  0.38434128844711990  0.39431753924396495  0.40483273255483931
  0.41555850170836733  0.42608024254612442  0.43643228281597046  0.44694663917607824
  0.45746331597588036  0.46769212466879434  0.47778444650438662  0.48812867377964986
  0.49854818989076438  0.50901833184364342  0.51936072252182131  0.53031331144528659
  0.54110704355049344  0.55216389293786627  0.56313421170531353  0.57424136096281453
  0.58523215905804893  0.59623064473103071  0.60705307788782481  0.61753597072166633
  0.62802195051392617  0.63836807635117443  0.64892632797066196  0.65960791973906541
  0.67035729097417884  0.68098149609050385  0.69141465064138063  0.70197726164960972
  0.71258952378899121  0.72322512643570236  0.73390880639418843  0.74465427213135760
  0.75499581131803339  0.76507284500191430  0.77549981070161256  0.78614723230891514
  0.79687527545847181  0.80746413134662853  0.81818062978428308  0.82951529384249778
  0.84106913980289932  0.85236020709498295  0.86349625549584419  0.87426131732273993
  0.88500800817607717  0.89571516362839088  0.90626808913283341  0.91662182839716422
  0.92665108656904649  0.93694553128534785  0.94750340895962304  0.95824272750680728
  0.96875591093487334  0.97882236430297431  0.98931605663740607  1.00000000000000000
 -0.00212107226144825  0.00965647646937971  0.01976396933474123  0.03095069066551868
  0.04231694432128281  0.05345940176027896  0.06421499520682533  0.07504051355307637
  0.08585309107381646  0.09669296346860445  0.10754365747717823  0.11845195755676301
  0.12932531318878904  0.14000338368723472  0.15102476868526962  0.16180199880369214
  0.17252630368704369  0.18277966361553027  0.19321450817101818  0.20356405559911506
  0.21364073543942569  0.22363535416590405  0.23423051185220561  0.24513522696054388
  0.25567843005132607  0.26601589952252802  0.27646616341264174  0.28717098543406605
  0.29769165088763638  0.30817022200432198  0.31843037111622424  0.32809976043936462
  0.33785725745732093  0.34749640629068229  0.35746477021636375  0.36733411719089570
  0.37696299973137531  0.38677758618851077  0.39696078046397398  0.40741671651043593
  0.41780377809282204  0.42759228818935757  0.43730938157745919  0.44696165464145582
  0.45656255731580664  0.46597510639661438  0.47549248889530210  0.48582929930488361
  0.49667528176452019  0.50748484401136862  0.51778728068044544  0.52847984404057002
  0.53926966198629467  0.55024810360355814  0.56157398101005562  0.57236686669873160
  0.58285307023031208  0.59326071832893579  0.60390419681565188  0.61423009670038686
  0.62460546127857630  0.63506942196423077  0.64530396610107399  0.65529752565811461
  0.66530084589589367  0.67574796558148809  0.68628365899202104  0.69656967758567012
  0.70710600902399212  0.71753830823331111  0.72808360088770252  0.73826334488037038
  0.74841113184634578  0.75868361975741505  0.76905652882133269  0.77971718915516064
  0.79027657064667078  0.80078069830755561  0.81145306774412440  0.82248298566598033
  0.83355032713091415  0.84446933588393247  0.85553549612526070  0.86695640840573840
  0.87819226983120857  0.88921857450807062  0.90051239424365559  0.91209847117833220
  0.92315604523422490  0.93381424866011953  0.94466242050553861  0.95560891644204904
  0.96696368762162777  0.97793301167708613  0.98912282392263973  1.00000000000000000
 -0.00258782307532249  0.01086874468038485  0.02214821339812166  0.03330364172411675
  0.04401568700234827  0.05425826986479516  0.06450175894953329  0.07515354181235143
  0.08586892899457704  0.09641326594198070  0.10725434872323365  0.11767084152371218
  0.12787387650834836  0.13758071322013990  0.14740931518217865  0.15798542248045244
  0.16863695201133669  0.17942167762424355  0.19008005646625409  0.20093629583629177
  0.21184489277852847  0.22247348222684488  0.23310536695805029  0.24394693317435659
  0.25492939908105761  0.26571323661085433  0.27642588068020540  0.28661405328997858
  0.29672128554313110  0.30648711762552477  0.31633404874870868  0.32622195879001270
  0.33632853246408423  0.34696452732935495  0.35770112865334841  0.36827287336817566
  0.37861037795805857  0.38909876427711365  0.39998807073307990  0.41121245989085814
  0.42237907493648563  0.43349380423153111  0.44435181016791353  0.45461219323082802
  0.46475636222932726  0.47476254780168892  0.48512037827878540  0.49550325200705797
  0.50587674460565224  0.51624910510165722  0.52660390784568756  0.53725989778976646
  0.54783920782630735  0.55833101012305264  0.56875259520961696  0.57893502225292537
  0.58909574415640675  0.59943089651326775  0.60990138957342133  0.62085780856411177
  0.63189564458990322  0.64302261867068766  0.65382649226544642  0.66446520150333432
  0.67506214383435403  0.68560836269414727  0.69552455284719439  0.70554189079708496
  0.71598852159484561  0.72662552597221008  0.73740072478371432  0.74797770287972465
  0.75915883778807680  0.77029974903529785  0.78093895333748353  0.79164007597040154
  0.80227600735715310  0.81268377047473128  0.82258226043483529  0.83251929766243837
  0.84312514138556771  0.85373602595505382  0.86408746139173465  0.87424770816111630
  0.88457326702399486  0.89441697208367799  0.90400652525073411  0.91365136343759068
  0.92411613213205301  0.93488260686399183  0.94586040878081090  0.95675620893638491
  0.96744391799154572  0.97794841210230965  0.98884918530719645  1.00000000000000000
 -0.00246842560668795  0.00885177376848970  0.01900058290246786  0.02932332718317137
  0.03982521333313697  0.05009424530867910  0.06041144029739077  0.07077443238051664
  0.08134539006899606  0.09215855986810967  0.10279800462343286  0.11337256088793259
  0.12387272807987001  0.13457686921315418  0.14553239587116584  0.15659370891530161
  0.16781396185763384  0.17892535727622066  0.18973447839568378  0.20040959446150805
  0.21066403223448066  0.22091921068015463  0.23136274120166650  0.24199377720169613
  0.25290159072806340  0.26369396067430673  0.27498975805940135  0.28623200807633997
  0.29720522775183922  0.30788234174577750  0.31813217948597633  0.32813962234725930
  0.33830268415382114  0.34829726427824198  0.35845382731015479  0.36880314097801109
  0.37962181429135300  0.39087579363875136  0.40226245614456346  0.41354074107724337
  0.42432916572352458  0.43481989319269432  0.44545625671757272  0.45592851478175161
  0.46605215034609798  0.47610510001680817  0.48599773928963458  0.49593935941566453
  0.50586830290586737  0.51624131920411909  0.52683027539837002  0.53747494746685098
  0.54823839739353164  0.55886599884075217  0.56941475862938717  0.58021628623864452
  0.59158159017377299  0.60291433025340224  0.61404705794208125  0.62487294527718562
  0.63539309111932574  0.64573693121106401  0.65589317596722230  0.66586379848088750
  0.67606645566295920  0.68612521256937142  0.69638041523813277  0.70639039555865013
  0.71669807753687897  0.72728422646893387  0.73781005192111426  0.74857660192178566
  0.75940167548316362  0.77002534069524975  0.77998277967577823  0.79004256549939922
  0.80038370152442206  0.81124044584750254  0.82187187127289785  0.83245841623625616
  0.84319025198645858  0.85438321253994987  0.86549699353618403  0.87635349831272824
  0.88700835861912097  0.89779158572974638  0.90853911854993941  0.91896702666234997
  0.92930266769050973  0.93996199744263431  0.95036169484650868  0.96051899487787218
  0.97018893046281196  0.98014190775563870  0.98995250737503848  1.00000000000000000
  2.32630830847953215E-009  -1.0000000000000000     
 T T T T F F F F F F F F T T T T F F F F F F F F T T T T F F F F F F F F T T T T F F F F F F F F T T T T F F F F F F F F T T T T F F F F F F F F F F F F F F F F F F F F F F F F F F F F F F F F F F F F F F F F F F F F F F F F F F F F F F F F F F F F F F F F
  <DiscreteSampler_grid>
  grouped_processes
  1 # 1 for a reference and 2 for a running grid.
  10 # Attribute 'min_bin_probing_points' of the grid.
  1 # Attribute 'grid_mode' of the grid. 1=='default',2=='initialization'
  0.0000000000000000 # Attribute 'small_contrib_threshold' of the grid.
  0.5000000000000000 # Attribute 'damping_power' of the grid.
 # binID   n_entries weight   weight_sqr   abs_weight
    10   10   5.177654995511783E+003   5.603795592363334E+007   5.177654995511783E+003
  </DiscreteSampler_grid>
