  0.00000343155085412  0.00000454306923012  0.00000508718287838  0.00000572558186950
  0.00000642053984400  0.00000704057147456  0.00000771376862834  0.00000842758281882
  0.00000918556918735  0.00001007310579990  0.00001111967705572  0.00001228671850034
  0.00001352914865111  0.00001484828473562  0.00001620388849272  0.00001768400316359
  0.00001933852720718  0.00002121294341374  0.00002329165656299  0.00002550802047896
  0.00002786161811206  0.00003025545934702  0.00003263699316645  0.00003504984140601
  0.00003749609955562  0.00003989856327469  0.00004219318692579  0.00004417296634391
  0.00004600706638810  0.00004768133157063  0.00004928835838829  0.00005095390671543
  0.00005273171567101  0.00005457110589524  0.00005643779759805  0.00005837360027416
  0.00006027962950064  0.00006232932653843  0.00006447984720794  0.00006670333261673
  0.00006904110575482  0.00007151932996126  0.00007420498382719  0.00007737320784550
  0.00008056630536297  0.00008378893539315  0.00008683983802462  0.00008975200937433
  0.00009266866422724  0.00009579696928863  0.00009926022372941  0.00010297302331158
  0.00010678770544764  0.00011077107868402  0.00011492266290039  0.00011928699549391
  0.00012387930146083  0.00012894673105571  0.00013422592435467  0.00013964409403473
  0.00014556320939593  0.00015273596803477  0.00016086594899860  0.00016910262662201
  0.00017764466642877  0.00018743113204127  0.00019784649117689  0.00020973621382111
  0.00022314647499451  0.00023714136919466  0.00025231119131871  0.00026894828167094
  0.00028651510650823  0.00030540525072567  0.00032628346268646  0.00034966682141348
  0.00037743276658307  0.00040836096629397  0.00044371086407609  0.00048164713079672
  0.00052642132279664  0.00058059721380342  0.00064639821821365  0.00072298153260330
  0.00081790161819049  0.00093415897770019  0.00107802989643579  0.00126293113990273
  0.00151521448072211  0.00185145340914461  0.00231361605029036  0.00308823327963874
  0.00464740063362329  0.00807861258461271  0.02498856670987197  1.00000000000000000
  0.00000904548352823  0.00000995023173905  0.00001047323748697  0.00001091329969783
  0.00001136076383735  0.00001187029065513  0.00001239244909323  0.00001289970945741
  0.00001336871085844  0.00001386110710495  0.00001439801127989  0.00001499785617749
  0.00001560940597999  0.00001622188360238  0.00001677132341183  0.00001734794201905
  0.00001793406914622  0.00001852912116772  0.00001912992967704  0.00001966004174133
  0.00002024281254390  0.00002087450436103  0.00002155266028535  0.00002222086514887
  0.00002291601160389  0.00002367598876841  0.00002436129921117  0.00002532472064370
  0.00002654824697536  0.00002791936985374  0.00002942194028082  0.00003106822311512
  0.00003282553489734  0.00003472829551763  0.00003684247869479  0.00003912704109452
  0.00004153441304117  0.00004406708472675  0.00004675634797564  0.00004971408333901
  0.00005290752704832  0.00005639985176569  0.00006017931755700  0.00006443199768748
  0.00006936044134881  0.00007478379556561  0.00008054846224326  0.00008668199742723
  0.00009335102611745  0.00010062615158183  0.00010896155661684  0.00011787108640380
  0.00012711999080650  0.00013695964305674  0.00014744275679076  0.00015856914954935
  0.00017017766412652  0.00018218447877606  0.00019641399775608  0.00021374501164265
  0.00023326235380467  0.00025412832181497  0.00027677063502620  0.00030188318944270
  0.00032923020166859  0.00035861599724046  0.00039078352578266  0.00042544761829149
  0.00046398037438313  0.00050793912762942  0.00055673659595653  0.00061023417001365
  0.00067112255156723  0.00073855465969475  0.00081333120938195  0.00089813090046018
  0.00099537028074665  0.00111211285137718  0.00124594334291710  0.00140338523946080
  0.00159178176866944  0.00181802231534900  0.00208622526023941  0.00241904636045184
  0.00283520079400055  0.00335416089461035  0.00402591382258216  0.00493097665555246
  0.00621985816856557  0.00816108184639536  0.01120887757946543  0.01620120914491481
  0.02708616478859644  0.05509143314317883  0.17546221061246525  1.00000000000000000
  0.00000376608240165  0.00000432334960678  0.00000501901426124  0.00000615225059697
  0.00000702512217184  0.00000798007885956  0.00000880329766737  0.00000939922385824
  0.00000990370027217  0.00001090340294346  0.00001231467941864  0.00001406091856608
  0.00001545892678034  0.00001618053296505  0.00001691945819256  0.00001785576952818
  0.00001881486061364  0.00001978716779352  0.00002076195373038  0.00002177487466408
  0.00002304324539454  0.00002465229993900  0.00002688210906956  0.00002939673915207
  0.00003189294855211  0.00003451699055723  0.00003696125703899  0.00003922217437367
  0.00004129899957079  0.00004321827668607  0.00004504504545212  0.00004685403222355
  0.00004862895645311  0.00005039485486249  0.00005218110670257  0.00005401306840025
  0.00005590155983184  0.00005786865751557  0.00005998885746703  0.00006233785989035
  0.00006487205134262  0.00006748286463660  0.00007014490959299  0.00007294847098764
  0.00007586070637172  0.00007883379133350  0.00008176915430655  0.00008468381520964
  0.00008767059867386  0.00009081518954646  0.00009411563018235  0.00009751447025708
  0.00010105461829890  0.00010488711894474  0.00010901906783859  0.00011317871295898
  0.00011772447353309  0.00012267694094824  0.00012800111289211  0.00013351890367951
  0.00013903867360258  0.00014503819362381  0.00015249987219004  0.00016141734011515
  0.00017141176553102  0.00018186557780287  0.00019265476503463  0.00020388560129953
  0.00021664439648241  0.00023124784942742  0.00024837767349786  0.00026779358295808
  0.00028864203621860  0.00031154849765385  0.00033674264455219  0.00036511852149983
  0.00039593758431071  0.00043030825445758  0.00046913448272225  0.00051252421223493
  0.00056357238973270  0.00061646835097636  0.00068586324222815  0.00076800566063788
  0.00086978352633170  0.00099229498319377  0.00114938954353133  0.00136276903601549
  0.00166006272791522  0.00207566940762529  0.00268937101851893  0.00369153289585213
  0.00586620695059824  0.01173205437204319  0.03880194805339746  1.00000000000000000
 -0.00185840176403844  0.00800088263014377  0.01665323133848649  0.02541397614428186
  0.03314649996924717  0.04062648509882250  0.04845047099069688  0.05650858858311020
  0.06465382804082151  0.07293749485343673  0.08088207824189918  0.09058950806813368
  0.10200825817556843  0.11324366558034833  0.12376395504451243  0.13455527993439970
  0.14547201875658833  0.15618504567893784  0.16637070149353944  0.17610966407387563
  0.18565848563916956  0.19549787620152742  0.20589122447346422  0.21735248776045002
  0.22879618530454893  0.23939223684303637  0.24957923748224820  0.26020133052545624
  0.27143718993113364  0.28202358457222398  0.29213340633809171  0.30254045853491796
  0.31321008201757250  0.32406928285594655  0.33494244773675830  0.34649774055805266
  0.35788143792757099  0.36950190357522922  0.38123989762873650  0.39229730180457245
  0.40285301888590935  0.41357895472339096  0.42464874843841116  0.43587605539701696
  0.44733453023810638  0.45866279524570058  0.46991526246156434  0.48082017488561862
  0.49181357695048311  0.50301101798215819  0.51423878623727870  0.52587761579226100
  0.53793729701322990  0.55048080217317974  0.56306315722909772  0.57485402744299463
  0.58538542923027059  0.59503781925967980  0.60475575914334445  0.61497590905447752
  0.62506926282271325  0.63477155981641886  0.64475307576780860  0.65538739459275053
  0.66681354758243183  0.67803275417409958  0.68856551542759170  0.69864101257598898
  0.70835676662163227  0.71806580329645697  0.72743235864958988  0.73683278380538542
  0.74639332884081167  0.75605567641883809  0.76622392294949571  0.77690080518545546
  0.78791625600263915  0.79894551926880242  0.81049145637071207  0.82295458898668961
  0.83558938961507601  0.84761870892905977  0.85886076329148409  0.86968679325383502
  0.88070342411307923  0.89196518783300038  0.90373985878372842  0.91533742030278364
  0.92659945228642326  0.93739505071475127  0.94800129247862919  0.95880121380721117
  0.96980489983712992  0.98059316210483083  0.99053254828407078  1.00000000000000000
 -0.00004121742093991  0.00009697653118263  0.00034099227238827  0.00068439732188555
  0.00112793979299374  0.00158945676860402  0.00206206517439200  0.00254955775269469
  0.00308688894872780  0.00364107832095606  0.00423460451686193  0.00486336697604063
  0.00551601848848213  0.00620742181751158  0.00709815756796277  0.00804817324555390
  0.00905769618192581  0.01015154534167248  0.01133167275896410  0.01256077949661552
  0.01383317195374762  0.01513973106818373  0.01644505070145938  0.01779063710881576
  0.01923986836506172  0.02088822122044249  0.02277556588974841  0.02479170780066270
  0.02685284206111407  0.02895074494073979  0.03114844846639944  0.03340591256379617
  0.03572745582112952  0.03801333129568681  0.04050059997248207  0.04343566171058821
  0.04675794883132060  0.05026348836595608  0.05381440300362481  0.05743277936424625
  0.06123193019609212  0.06531630773816523  0.06983572648105939  0.07450966761647997
  0.07942038095006908  0.08454510883659416  0.08978819287758795  0.09507850679301537
  0.10057596989905959  0.10659217191408417  0.11314785540118839  0.11985466849427284
  0.12673690983938235  0.13391375493230667  0.14114064828859743  0.14893935287452381
  0.15743162341611022  0.16654346798469835  0.17614382946115009  0.18662613308568388
  0.19863040257762973  0.21099194192192444  0.22332048132383825  0.23564692394852732
  0.24877022378367472  0.26228058990465597  0.27592075125397647  0.29051208337105178
  0.30581657792549205  0.32184750630597120  0.33844657825133029  0.35513075486149787
  0.37254426226983306  0.38991849719244248  0.40900555453056886  0.42954311727009847
  0.45058819160394031  0.47112804475546760  0.49190538457374361  0.51321422458959132
  0.53666540738516832  0.56275502070002692  0.58969747021733554  0.61785525811913167
  0.64594910898511437  0.67418151769972223  0.70374615045894240  0.73389210350947720
  0.76474600897817857  0.79681699949611440  0.83078948300698430  0.86478695687585894
  0.89773237407132855  0.92913295850318289  0.96262265134073755  1.00000000000000000
 -0.00320168432124925  0.01137318105420807  0.02439110362415712  0.03745680024733661
  0.05020937413372837  0.06241053568536677  0.07423897184358305  0.08588430873588181
  0.09709791277840438  0.10800173362926969  0.11863757032630018  0.12953247785589472
  0.14075963812567552  0.15195448455338512  0.16289944441588708  0.17360021366849843
  0.18405598699297832  0.19418883700514755  0.20421318132303110  0.21438301615726441
  0.22465252656359597  0.23471559568505196  0.24478358229051816  0.25565930943097870
  0.26712556338573779  0.27769930610665594  0.28732527855528234  0.29737735523829623
  0.30714576928910164  0.31664397579987696  0.32576151593935448  0.33462891114264476
  0.34363384454544554  0.35300882348004525  0.36275442465872521  0.37303483077591448
  0.38339841645936834  0.39381138923701842  0.40403789350468139  0.41438958693372180
  0.42446085550275364  0.43398863327824388  0.44382671314569444  0.45413928761870426
  0.46578810849388508  0.47743844884818398  0.48895810709294363  0.50017206099520173
  0.51190581309802685  0.52411683118075203  0.53649992154247150  0.54916362264741581
  0.56162227161594658  0.57388402214698320  0.58594836625110880  0.59736452402214413
  0.60804777818788469  0.61824808416904053  0.62825694915896235  0.63798656336700421
  0.64766523726572300  0.65746082658518612  0.66740133508670907  0.67751133627956439
  0.68758642361163402  0.69739700452742248  0.70699048405101161  0.71601853132135174
  0.72529379947357098  0.73556378916516973  0.74613652663652652  0.75648650719566035
  0.76685898415986165  0.77746229282595380  0.78812040152997898  0.79856392746315297
  0.80866555695635900  0.81857171024432596  0.82881515102382963  0.83983150124677042
  0.85082657184865951  0.85947780167961441  0.86724213917197179  0.87551385387946867
  0.88350466343118084  0.89150344247148139  0.90024604012597809  0.90894142873209083
  0.91737017564914525  0.92887606346371987  0.94149263063373789  0.95352955967480058
  0.96527529171733017  0.97747379888257779  0.98859526609800663  1.00000000000000000
 -0.00013996930918748  0.00016779095554961  0.00076243606202801  0.00176726677685039
  0.00315677179874952  0.00471240577994142  0.00645859450437808  0.00850659226206884
  0.01098240071799251  0.01364560696378449  0.01645284243736465  0.01944804326349051
  0.02281839613999177  0.02651149777161001  0.03046775391010226  0.03452790921891714
  0.03864087348414468  0.04283149730119939  0.04817037599512097  0.05383560623051428
  0.06003267508846647  0.06689386268078608  0.07410983555371177  0.08147354747794811
  0.08896738327480583  0.09675954292424491  0.10505271744489013  0.11401471346228267
  0.12371451754863347  0.13408179990728822  0.14497267017917220  0.15627141288234436
  0.16810397079507253  0.18034090788726406  0.19255008710403809  0.20424863068379243
  0.21560373955401621  0.22731361977936576  0.24016658174985064  0.25350291238504430
  0.26552842365627333  0.27803172336928800  0.29186506637069942  0.30600844395280502
  0.32101437638398456  0.33639902412502842  0.35184303425677094  0.36615481735754835
  0.38043378901922059  0.39496080264314076  0.40943507191812789  0.42456872494176889
  0.44004978248524557  0.45496829089874308  0.46976676062819944  0.48512021430235125
  0.50098457852344846  0.51750688931755806  0.53336767565388865  0.54927188276235139
  0.56455345263470302  0.57929936926207160  0.59384395449475003  0.60816646537655727
  0.62238762346482135  0.63695408633177331  0.65189881104855507  0.66680538700870517
  0.68144039887736185  0.69613805205816515  0.71105792903223097  0.72623510773435873
  0.74034322219753190  0.75450452104548704  0.76832837162468270  0.78135595770254207
  0.79295072768314812  0.80383891614908864  0.81421744678366526  0.82423107169016585
  0.83494274280478498  0.84625041967868775  0.85738172299552706  0.86823451283080366
  0.87854121698609189  0.88779377898129508  0.89683723113813929  0.90666395110488640
  0.91583467920780082  0.92464696139896507  0.93204547180701869  0.93996696017920067
  0.94847502148901897  0.96157424609611730  0.98234162395675773  1.00000000000000000
 -0.00364956087634828  0.01463940632266554  0.02934328707585813  0.04588904124727818
  0.06305410837473011  0.08075634033799135  0.09773741794295228  0.11449581540626140
  0.13161431401997789  0.14863373778809627  0.16489857555156839  0.18069887404758922
  0.19625225681578740  0.21174200625609690  0.22703112014569626  0.24149448648668945
  0.25494375490593130  0.26790572010461605  0.28037602778446652  0.29185203982767605
  0.30269314323555452  0.31337627342001811  0.32435128701420346  0.33519789331869959
  0.34521245814191814  0.35445526186889209  0.36295122863560869  0.37133844758408224
  0.37940328887776409  0.38697348739676340  0.39417793484117258  0.40127781969455983
  0.40831635275522976  0.41516176131275712  0.42194226953352387  0.42879301386821023
  0.43551021688918068  0.44108791802066549  0.44623891715684677  0.45164218180992888
  0.45685194988045796  0.46188181857733057  0.46684725595104831  0.47191411353574092
  0.47680879943109150  0.48136719442713777  0.48579613828676760  0.49054194402245638
  0.49538231811792549  0.50091041730511376  0.50707060585919361  0.51333378902179816
  0.51922231498098392  0.52475049347560454  0.53031620323141482  0.53591619943122026
  0.54192851345080895  0.54813884760733667  0.55470307932693974  0.56145187753402748
  0.56879726205728121  0.57651518225839804  0.58432975911822937  0.59213728990627357
  0.60009549659425465  0.60813218982331563  0.61638039451428717  0.62478199893548925
  0.63312121769102758  0.64207669166661308  0.65175183082954846  0.66196989901017433
  0.67258644631506159  0.68353668752141461  0.69458362067852741  0.70546235048028605
  0.71677097291075531  0.72860328500539395  0.74066540517487778  0.75281616596791912
  0.76531740169912132  0.77822891858874910  0.79243322881831824  0.80833213918766822
  0.82354309335812304  0.83846194633245674  0.85330748521889210  0.86827489668920599
  0.88367646295543567  0.89980363170857458  0.91600077473571218  0.93274986069411270
  0.94929451653793606  0.96616233858224598  0.98279443042616543  1.00000000000000000
  5.81104748851965432E-007  -1.0000000000000000     
 T T T T F F F F F F F F T T T T F F F F F F F F T T T T F F F F F F F F T T T T F F F F F F F F T T T T F F F F F F F F T T T T F F F F F F F F F F F F F F F F F F F F F F F F F F F F F F F F F F F F F F F F F F F F F F F F F F F F F F F F F F F F F F F F
  <DiscreteSampler_grid>
  grouped_processes
  1 # 1 for a reference and 2 for a running grid.
  10 # Attribute 'min_bin_probing_points' of the grid.
  1 # Attribute 'grid_mode' of the grid. 1=='default',2=='initialization'
  0.0000000000000000 # Attribute 'small_contrib_threshold' of the grid.
  0.5000000000000000 # Attribute 'damping_power' of the grid.
 # binID   n_entries weight   weight_sqr   abs_weight
    10   10   5.026712912538170E+003   1.270934656320814E+008   5.026712912538170E+003
    16   10   6.610250747642560E+003   2.204296284453104E+008   6.610250747642560E+003
  </DiscreteSampler_grid>
