  0.02433622041776067  0.03073479133565635  0.03907917941505558  0.04722613598215564
  0.05543616540505810  0.06423253135135164  0.07358190436784678  0.08317245585518675
  0.09227292116156935  0.10099183434996817  0.10994194402918656  0.11928483057155581
  0.12903286959892132  0.13842262991613799  0.14750259331203322  0.15685974195899424
  0.16660522574837033  0.17669167681796905  0.18689489699470221  0.19691311836933570
  0.20696233795725588  0.21692389192273173  0.22688126945992301  0.23670470079743405
  0.24648788955948059  0.25639952769411445  0.26625389336597483  0.27621462553046261
  0.28605550449739697  0.29586229015395099  0.30537523196484040  0.31457985981043535
  0.32338106312551890  0.33226278290565736  0.34159377377818090  0.35113707654643805
  0.36047507063980250  0.36950654161933760  0.37874493396576553  0.38806304156940569
  0.39775422615177958  0.40731976442110684  0.41758774602036408  0.42756352717274293
  0.43697598987967917  0.44602494650527147  0.45465956422447812  0.46335721685982473
  0.47255255113508104  0.48256010920702797  0.49418833471673052  0.50621066265357084
  0.51834750372616822  0.52902075244584557  0.53854715701653721  0.54842832508744532
  0.55839361443444380  0.56828693466879210  0.57809421084924029  0.58857600532326804
  0.60007253712615083  0.61102552120900522  0.62144114095610115  0.63089045981903780
  0.64033656772479508  0.64999973592603533  0.66007613412854926  0.67016672170088021
  0.68010301685810837  0.69008839600205263  0.70077366662916840  0.71130603494415234
  0.72139785564300896  0.73074860664373176  0.74006754731606705  0.74981506026797395
  0.76058489238540028  0.77182110242806790  0.78263236633295308  0.79296627917361429
  0.80310175478609958  0.81344763200834924  0.82403332266344109  0.83524795838410293
  0.84708143218645748  0.85923561947317384  0.87118506133994456  0.88295852525888141
  0.89490663232126044  0.90743604366899200  0.92052914655833129  0.93437561426555582
  0.94913906804867298  0.96344025874239869  0.97208285410776551  1.00000000000000000
  0.05835496958006597  0.07693000147317430  0.08470432551307808  0.09066141074340887
  0.09638187463255339  0.10177370638861641  0.10666434914469257  0.11130625765229360
  0.11569597696106129  0.11988063026721518  0.12417690206889069  0.12870849591612818
  0.13327371179759237  0.13754059140001526  0.14177051116616635  0.14590850330250496
  0.14985283353832651  0.15357171057966687  0.15733938495528937  0.16118935904064918
  0.16526751389258773  0.16946637105012993  0.17385450318910528  0.17791390547658692
  0.18157718232183853  0.18517926752881197  0.18887582516557194  0.19292973619310080
  0.19698321085331660  0.20094575514902635  0.20492921927993729  0.20892516488480664
  0.21289488636142151  0.21702579468335292  0.22125370077981729  0.22556878914020900
  0.23013572615327274  0.23453440209346729  0.23902141637063856  0.24375321872631542
  0.24858378775303000  0.25354836887459498  0.25817318813525680  0.26274857835216064
  0.26763026087318414  0.27225559484599687  0.27687115672688306  0.28144338556876541
  0.28596713245282113  0.29083070921984489  0.29590977531222973  0.30143139436486716
  0.30749670141775642  0.31355899915687202  0.31946281564381146  0.32522943762457684
  0.33118367346036187  0.33710552996756121  0.34274726685016199  0.34878805058121554
  0.35556632412166866  0.36266459800795942  0.36964274845943240  0.37653260603651179
  0.38347492961762719  0.39048016640962174  0.39812538621776955  0.40654372785909010
  0.41534842487228074  0.42440893462572143  0.43296750459214239  0.44216981044037507
  0.45060095639349751  0.45902739867980263  0.46760079977314933  0.47680968766876897
  0.48596415447225427  0.49493394375335392  0.50414414584683820  0.51414648063372193
  0.52567382875755331  0.53863092029714943  0.55195985495880973  0.56584344543582155
  0.57999714196417029  0.59556450591370136  0.61262654047163201  0.63186670464328831
  0.65389943392900141  0.67652958385888717  0.70221607508598716  0.73102100780707291
  0.76353217043846378  0.80400990234773884  0.86372010060971616  1.00000000000000000
 -0.00296508826637152  0.01484968490730177  0.03032085410557005  0.04610081279282865
  0.06097736490176967  0.07581367466548615  0.09029609413217068  0.10547205652497318
  0.12016708022465596  0.13488493595890477  0.14902157943989708  0.16184922639806784
  0.17355681605533632  0.18462949477064672  0.19606580272228971  0.20772968749289147
  0.21832909064627209  0.22805094134461051  0.23691552220610540  0.24640049520381713
  0.25605587929543927  0.26631332100042904  0.27670110671580117  0.28702186598505741
  0.29738604416664388  0.30766395610564795  0.31780697679739434  0.32822910050427812
  0.33900208473135018  0.35013156939983231  0.36137813253444467  0.37222862772522269
  0.38284559401399659  0.39303299486753340  0.40293524362830868  0.41252787539648744
  0.42182968415860544  0.43101257306026020  0.44032961928927122  0.45029167991334124
  0.46023747733797366  0.46988509334547812  0.47929596624093024  0.48884226056942320
  0.49863439300160739  0.50849804281394928  0.51802095010053084  0.52702860085336389
  0.53579261042023962  0.54463333748475029  0.55375038477237493  0.56318449796093639
  0.57319325280385369  0.58322482869628323  0.59305711412499407  0.60230291552248738
  0.61096479848991070  0.61970868160962134  0.62905846318842706  0.63897851195556576
  0.64881880915443502  0.65845990207784966  0.66759531542387873  0.67718256615892092
  0.68693382829538241  0.69676909621685723  0.70650841129190867  0.71595607182420495
  0.72566216194591537  0.73551496969088526  0.74627489501543454  0.75746528542716285
  0.76863085264987052  0.77907032272749344  0.78931578834506844  0.79957452706891430
  0.80971862756523350  0.81935304950108712  0.82864872369891129  0.83792386843310107
  0.84763154181721967  0.85740237118117424  0.86763646629494640  0.87848185060256101
  0.88898584843342709  0.89882926333263458  0.90804428668670034  0.91779951406159144
  0.92848184704865822  0.93936827879029994  0.94991860928856020  0.96075837073228676
  0.97118756676791473  0.98164141958196516  0.99110392036514749  1.00000000000000000
 -0.00197645206000765  0.00898571212270123  0.01846706618264645  0.02799067074565152
  0.03813645231631896  0.04832444521308517  0.05843524946093968  0.06904141481198875
  0.08004188475747039  0.09104053297885022  0.10157040398806014  0.11198916772102255
  0.12311711072030891  0.13449596186155574  0.14608221263675641  0.15637970552689345
  0.16632915394038028  0.17537365688402881  0.18463601018313894  0.19393400080258572
  0.20396350634548591  0.21482326877838212  0.22634956977665824  0.23821266585916687
  0.24970561394596957  0.26152467480374875  0.27279016881522411  0.28396102873033430
  0.29474954464217329  0.30551317540720679  0.31622011361768365  0.32697992779036994
  0.33766798157473610  0.34798405056913323  0.35815017594950838  0.36832826277483061
  0.37856849829354910  0.38929128271237262  0.40030485255228415  0.41082222103978361
  0.42081997721074732  0.43085194705152463  0.44162633807091012  0.45244141243763841
  0.46312144408979061  0.47373352023031129  0.48427175642363929  0.49476441455529852
  0.50463784298112668  0.51533051687539855  0.52688056693475616  0.53989338975606471
  0.55100089433759691  0.56104865332157416  0.57078331440786712  0.58107407963411328
  0.59157568533534910  0.60298462293614796  0.61453829938303062  0.62638145009529456
  0.63682427340011150  0.64726425973621671  0.65718593543969628  0.66710966010978368
  0.67666026378283917  0.68634446514933045  0.69646274552973475  0.70657952470885343
  0.71686118768234164  0.72735084121446858  0.73783463750259459  0.74748685376335300
  0.75674720692351005  0.76635512328502631  0.77671255047540377  0.78778555502413083
  0.79938985972521326  0.81115445986083401  0.82308295300482825  0.83503632780605874
  0.84676185862017583  0.85808822322949385  0.86863781833753395  0.87891165818839767
  0.88895487307953625  0.89938632975232058  0.90993051428693783  0.92029829224027337
  0.93034774826944688  0.94049543401512381  0.95064968946859119  0.96038714632464628
  0.96987481897151651  0.97939034899577770  0.98952088350440959  1.00000000000000000
 -0.00206712444752172  0.00655571829860817  0.01485416780350811  0.02326836194917517
  0.03245110024161522  0.04192383061028798  0.05110325325005698  0.05996762786560544
  0.06882157763261894  0.07788660340007862  0.08751161340511862  0.09727777251581082
  0.10736151336425481  0.11797602928925187  0.12906580764367681  0.14014421874531405
  0.15095347918047328  0.16184293460952995  0.17300094539410962  0.18397989152934799
  0.19446535294902717  0.20498688698260187  0.21609663331009199  0.22795771975373735
  0.23968084327610131  0.25053134542167405  0.26127086758414553  0.27246232853140739
  0.28481493719604944  0.29629324685196801  0.30698720205150865  0.31735851234127221
  0.32796418352848911  0.33901204992753431  0.35051086251515023  0.36201769348759361
  0.37297070666790688  0.38425967025501534  0.39632595391070030  0.41007819159766701
  0.42383494664983939  0.43644707597261495  0.44784147788584666  0.45871348494590303
  0.46933730851491118  0.47977423965794158  0.49090168387301231  0.50213956364881396
  0.51304925306771409  0.52355596603466992  0.53438910848004761  0.54590027660050133
  0.55763758786638173  0.56856881640527090  0.57921985441729795  0.59035626913497563
  0.60225699284112566  0.61328538445978809  0.62374998759831934  0.63387603304866280
  0.64390292575785102  0.65362331810769070  0.66317957730336785  0.67292121668382898
  0.68305036010703002  0.69352515186576413  0.70442311284628389  0.71637335631753163
  0.72880890973636037  0.74093022903345052  0.75250575630419558  0.76382564128016317
  0.77449738044617733  0.78454903380090479  0.79462301513426048  0.80539072000709844
  0.81668072144688542  0.82801282340569138  0.83846871921125843  0.84804051543790049
  0.85690380088648377  0.86623186891749260  0.87579555811244225  0.88533598510207701
  0.89486943529674956  0.90465235340376349  0.91423637241527711  0.92384206936302105
  0.93300360350748479  0.94253464455467317  0.95256417060967113  0.96295022660500207
  0.97222178201683429  0.98129532361737837  0.98986981595572598  1.00000000000000000
 -0.00188997013256204  0.00722932956341593  0.01649489238806840  0.02585813898845097
  0.03663342369790654  0.04791980549437957  0.05884882377698263  0.06945313778275659
  0.08053988442299569  0.09142895772287958  0.10196499987768873  0.11222767836848369
  0.12253487801737790  0.13351653269712330  0.14463741897006774  0.15595054403102690
  0.16714317727950140  0.17780862129347283  0.18874168915273470  0.19988548660241715
  0.21164061407779478  0.22286410847455243  0.23336381538284179  0.24292737546416518
  0.25232295361821683  0.26158021809274062  0.27125581205546362  0.28213269172900735
  0.29365282964811529  0.30524194317426639  0.31579914531361319  0.32549051263552237
  0.33480852155584773  0.34424345657564626  0.35398133940252841  0.36404718711606587
  0.37377102124412737  0.38448126166053564  0.39450888209590634  0.40417311818504498
  0.41377045084810482  0.42457759166177994  0.43727515715557652  0.45009730273743209
  0.46113205199667484  0.47099027375361568  0.48072910256185319  0.49106553556852028
  0.50211777991851325  0.51309577697199282  0.52348342484085086  0.53364969711568966
  0.54427346269091492  0.55478527215826279  0.56504738616860617  0.57542721807390806
  0.58633505211673465  0.59745558997063686  0.60893871723965354  0.61956930300996593
  0.63032462742266049  0.64052679741807628  0.65122084852088735  0.66237436397756455
  0.67370828257591231  0.68444966738220214  0.69484502075046117  0.70496447700151199
  0.71486277609696514  0.72473527777293567  0.73482910703307869  0.74576835872691871
  0.75655583595029585  0.76732415367607054  0.77803330975085983  0.78908543118789465
  0.79931950388711470  0.80923565142420117  0.81929075497208970  0.82980604371303135
  0.84016781336436297  0.84976616704387098  0.85950332458832701  0.86947875104245953
  0.88032725887647068  0.89200533361676226  0.90368698400650704  0.91466212174847639
  0.92535003485994116  0.93660100936739976  0.94831588907685260  0.95892123045140121
  0.96892266885020384  0.97874174219289856  0.98914051422869109  1.00000000000000000
 -0.00239414789797746  0.00995659687621103  0.02048965215468288  0.03001945201240947
  0.03994671731253237  0.04996524322230318  0.06036057308669590  0.06982062772637582
  0.07935835377653459  0.08911767597053372  0.09941701111380100  0.11015167962320334
  0.12153068739458246  0.13393829786049791  0.14627489650057404  0.15830326127256270
  0.17053629994450628  0.18289390295310948  0.19502877170019831  0.20578323560166584
  0.21583747790737140  0.22568059203734234  0.23573190644826897  0.24527366648821963
  0.25485673646535972  0.26488667885774508  0.27664524352504172  0.28817389868670251
  0.29862808005595809  0.30811874897815134  0.31735406408799138  0.32649877429490565
  0.33588002163136538  0.34447455835914381  0.35346686432420427  0.36338576370998177
  0.37323126560093378  0.38240858445385539  0.39185941765887733  0.40249245291949565
  0.41389278101664506  0.42376068508165216  0.43323938260055833  0.44343662787261368
  0.45445399397561298  0.46478136388498659  0.47445182404338443  0.48406023295627393
  0.49400290283762599  0.50448043651514474  0.51548190419839190  0.52653339007004896
  0.53692563999713105  0.54749279862600053  0.55865590086958272  0.57035073810144032
  0.58169108894589994  0.59286630905590665  0.60377015898365005  0.61462167723160110
  0.62552293387389635  0.63655846656537829  0.64761204604510525  0.65836451089830905
  0.66889633370311152  0.67945498797689474  0.68977361439625895  0.69973944251616682
  0.70966771920332627  0.72001163413063651  0.73123368060753402  0.74268459314959323
  0.75393515254686194  0.76494108502725355  0.77610712698114792  0.78744866987530082
  0.79820369861769747  0.80864810271988430  0.81921322473076263  0.82999116401439910
  0.84061775929212057  0.85105870358328994  0.86150662662350141  0.87185508830527469
  0.88245967041359963  0.89355693612627285  0.90462101176547183  0.91528664943998417
  0.92572541061278846  0.93610690094408977  0.94645871082138022  0.95717199696106325
  0.96818635119128515  0.97905375181516452  0.98948240531375187  1.00000000000000000
 -0.00241832344851828  0.00981910679632070  0.01945272668392758  0.02961713302921850
  0.04023420461784355  0.05110908962820333  0.06155739869730199  0.07208138150379519
  0.08287363244600168  0.09399236797397034  0.10511192601359066  0.11598479547062562
  0.12722975526616223  0.13773465988338521  0.14763008708464062  0.15725918494106667
  0.16683958279661132  0.17665982318323703  0.18653333865347257  0.19674343091190150
  0.20695463698684488  0.21691847372012768  0.22722701669006276  0.23823403672652665
  0.24956768239865734  0.26045667736283140  0.27140268077422464  0.28265677838575748
  0.29397428522565039  0.30511337324925503  0.31584422835473003  0.32609429940234563
  0.33656496905174837  0.34755528463858276  0.35833410295806745  0.36837861222116042
  0.37827445253209507  0.38845809380590052  0.39865258525330821  0.40838138895948273
  0.41842280163433393  0.42843146562879253  0.43809771939492820  0.44769536206227661
  0.45767349067849317  0.46874688477974308  0.48081455020119801  0.49292746097373302
  0.50481961810871756  0.51635830431478236  0.52749909641457449  0.53789643864275094
  0.54790538626218832  0.55742330321307743  0.56684114422426146  0.57651528676668662
  0.58758966924974887  0.59988945611476707  0.61151652787234045  0.62248257936773854
  0.63250247993105213  0.64244880294793005  0.65251163413056845  0.66299187527837145
  0.67378071342690193  0.68500238457282947  0.69645608047893148  0.70757441212170091
  0.71784375041966142  0.72786748921392153  0.73813443389998723  0.74871476674177406
  0.75949411303620051  0.77069799771584369  0.78138498126081402  0.79171174192551397
  0.80167682444670751  0.81161315150999380  0.82137918160378398  0.83103179029523799
  0.84089073899523392  0.85124073372223907  0.86232302395349070  0.87395805106804780
  0.88532968498164022  0.89577796385794595  0.90508358247083875  0.91456938942191657
  0.92513721228165902  0.93620148689279259  0.94693139975951446  0.95722565589185993
  0.96739226548607893  0.97826819068139192  0.98886853742482461  1.00000000000000000
  3.42204831931547769E-011  -1.0000000000000000     
 T T T T F F F F F F F F T T T T F F F F F F F F T T T T F F F F F F F F T T T T F F F F F F F F T T T T F F F F F F F F T T T T F F F F F F F F F F F F F F F F F F F F F F F F F F F F F F F F F F F F F F F F F F F F F F F F F F F F F F F F F F F F F F F F
  <DiscreteSampler_grid>
  grouped_processes
  1 # 1 for a reference and 2 for a running grid.
  10 # Attribute 'min_bin_probing_points' of the grid.
  1 # Attribute 'grid_mode' of the grid. 1=='default',2=='initialization'
  0.0000000000000000 # Attribute 'small_contrib_threshold' of the grid.
  0.5000000000000000 # Attribute 'damping_power' of the grid.
 # binID   n_entries weight   weight_sqr   abs_weight
    10   10   1.374603096306207E-003   6.675978551339484E-006   1.374603096306207E-003
    16   10   5.563308726676977E-004   6.588340786533621E-007   5.563308726676977E-004
  </DiscreteSampler_grid>
