  0.00023551880766249  0.00023970177130970  0.00024221606980567  0.00024485837658451
  0.00024708854047366  0.00024931906858376  0.00025201068435819  0.00025560386028442
  0.00025966943524218  0.00026341650843820  0.00026744066460209  0.00027321071397159
  0.00027922682416105  0.00028518179599312  0.00029153063373822  0.00029741408874176
  0.00030284170725887  0.00030798092851758  0.00031320111159942  0.00031971634498796
  0.00032620119431316  0.00033256711939978  0.00033900439896706  0.00034469390734538
  0.00035092345264763  0.00035703562668062  0.00036296578092509  0.00036914569683660
  0.00037632335453990  0.00038542102473328  0.00039430342528877  0.00040302018713380
  0.00041175086455069  0.00041992111303616  0.00043184235283993  0.00044700373278702
  0.00046273058407983  0.00048193454114810  0.00050209452471179  0.00052257167972198
  0.00054245235418601  0.00056874442724376  0.00059647935081108  0.00062109509862959
  0.00064749239989018  0.00067335859890042  0.00069885810630419  0.00072549425171454
  0.00075535219727598  0.00078447910612069  0.00081180367030951  0.00084178884580710
  0.00087449372224655  0.00091213317467754  0.00095059985723416  0.00098750043503515
  0.00102817667091052  0.00107389815997203  0.00113092658947629  0.00118697156522480
  0.00124451345066774  0.00130288178452103  0.00136865667049527  0.00144454458945074
  0.00151830135814110  0.00159617886460441  0.00168378650953719  0.00177684622755944
  0.00187805515016313  0.00198649203306753  0.00211585945385267  0.00227401472467999
  0.00245546257417269  0.00263401325974317  0.00284766405484014  0.00309797019419756
  0.00341930236430373  0.00381716541236655  0.00429663743592408  0.00484916266321767
  0.00545044575164129  0.00614125369496233  0.00703507113765507  0.00814971516903198
  0.00930330632029683  0.01064053300834030  0.01251648483225998  0.01508467894168920
  0.01810896372023122  0.02247309259649085  0.02806113374029361  0.03669745276404131
  0.05342617645488925  0.08769790297515397  0.16678427158824460  1.00000000000000000
  0.00037843217125057  0.00155425502510670  0.00191621458993271  0.00300347452360190
  0.00354325387870378  0.00430270873332447  0.00564153129194290  0.00691542930515077
  0.00811820661680510  0.00920600795772154  0.00978132449611799  0.01050403780615001
  0.01124029835810612  0.01173695975393675  0.01227856260937520  0.01288377622903428
  0.01346880681658013  0.01400055518318060  0.01456091661538769  0.01523835411947700
  0.01610101018725593  0.01693858064499025  0.01761863607338701  0.01822954678224828
  0.01891183929908159  0.01982030383389640  0.02077652256312520  0.02174642391908588
  0.02271952406318747  0.02369214261373835  0.02490555658081440  0.02599469529611090
  0.02719159258056046  0.02844275195494535  0.02990248160997538  0.03155491635597271
  0.03324837487340074  0.03493525114424411  0.03657979064039804  0.03830378548529641
  0.04023164480623682  0.04240857110202340  0.04452384768447359  0.04649228982984566
  0.04852937073995286  0.05072389723293873  0.05305732415671131  0.05539626640571381
  0.05795794991305796  0.06034368908180625  0.06301304848717165  0.06568728744817258
  0.06884272370291200  0.07248052627686911  0.07604626725931171  0.07960874498276907
  0.08327880368393073  0.08728096829044373  0.09169550132331357  0.09590567777235366
  0.09972751084489916  0.10391771482651499  0.10856221625649096  0.11427035244075998
  0.12017290947422347  0.12600815466186410  0.13208848259972727  0.13810045217844852
  0.14384603047964506  0.14985492699275552  0.15702810564546149  0.16580101886422505
  0.17552516955844366  0.18530148327342430  0.19510088129144373  0.20702835979410106
  0.21963173380588003  0.23029551667676043  0.24014370729588755  0.24906463650302038
  0.25821144762191583  0.26793477418919581  0.27984916616999822  0.29330796143071991
  0.30846774645289976  0.32748747178640608  0.35132488507808518  0.37713700485329493
  0.40173809480267342  0.42816312815932306  0.45975552886051507  0.49972413634338358
  0.55430804934173061  0.62747534847699482  0.74521120366051963  1.00000000000000000
 -0.00212873637310786  0.01136002472855679  0.02289458871381842  0.03409689073857164
  0.04556232853937423  0.05550311702246753  0.06423694581568554  0.07392537115656550
  0.08294233711177519  0.09161341376403984  0.10087562055708245  0.11044726738631401
  0.11978773486693853  0.12906327100956880  0.13870905784781509  0.14880991631112461
  0.16205166366389795  0.17503379916705686  0.18729197447102477  0.19916711633046211
  0.21012989642132621  0.22050076916434408  0.23066207556913196  0.24271884980862951
  0.25240775485032385  0.26268794512297872  0.27143099604998078  0.28071921678221751
  0.28863539300783259  0.29585515117120181  0.30323539688660400  0.31129817548155786
  0.32141463785852553  0.33263406557794267  0.34539462711306235  0.35740255877003646
  0.36781509026452874  0.37762764713658326  0.38661961608112039  0.39477314223414839
  0.40380068504647837  0.41364707361031455  0.42400591818130123  0.43399329114756657
  0.44318007819407407  0.45232544323447338  0.46230075720008224  0.47172034017650510
  0.48256579810726236  0.49422751435749646  0.50716180960595003  0.52014770445853276
  0.53046307804025672  0.53950485205974907  0.54947071328698938  0.55955017201219448
  0.56718552461079819  0.57416851803509661  0.58034572041663046  0.58968291691226471
  0.60019666650311310  0.61170161973456028  0.62388954041531985  0.63635118313354555
  0.64874156858910925  0.66033875051953839  0.67113914219835236  0.68302900710550918
  0.69491550810350555  0.70709475599108396  0.71979159932967107  0.73218741793845121
  0.74338687808253823  0.75608999341383742  0.76728621587817025  0.77977226681639467
  0.79029222758601214  0.80078898281906263  0.81045188481096919  0.81745006755535754
  0.82529639611455663  0.83394518038773935  0.84414200035506015  0.85410891163507041
  0.86384619251050221  0.87291065967472492  0.88168491499733448  0.88993377757707304
  0.89830655333358411  0.90755859407243700  0.91919760292877994  0.93365877128040287
  0.95026274701887714  0.96681199707229937  0.98364614369275472  1.00000000000000000
 -0.00267900860191493  0.00970288469050686  0.02028858678417924  0.03187182296340752
  0.04366930493288174  0.05542578060586124  0.06783680515907249  0.08043302124882001
  0.09389651896862161  0.10818027288496797  0.12304428042416601  0.13774724864906143
  0.14954998168457581  0.15974145473417953  0.16942463452039344  0.17874172982025610
  0.18742873131748464  0.19626819172024904  0.20486205431949875  0.21362021790256744
  0.22114987705158110  0.22918531425035607  0.23790007056384468  0.24724534275298002
  0.25588345442023203  0.26417219578209222  0.27306432269192132  0.28386728751742524
  0.29453526974961752  0.30480489944342237  0.31490881131857335  0.32580885081317551
  0.33693363689349526  0.34785400682274303  0.35918502384882717  0.37064655219942427
  0.38061810839327587  0.38917148250439892  0.39799444478278700  0.40697501470406872
  0.41709866453979111  0.42774859812373378  0.43857255073435619  0.44950708746229767
  0.45914988272267265  0.46817261361234713  0.47692098125591692  0.48633863265403260
  0.49751649688243915  0.50979595210995343  0.52196268207358743  0.53401617551388347
  0.54618391856860593  0.55918613347392032  0.57340772003205442  0.58675683297127190
  0.59903237805803200  0.61139939568044965  0.62319788372901574  0.63368228805817373
  0.64382277799804322  0.65439180788383056  0.66501318514882735  0.67461385315062206
  0.68370181318971102  0.69391696638919975  0.70591994494110855  0.71887538734839218
  0.73104346318080660  0.74221364213539553  0.75270156125289578  0.76244164960594341
  0.77268968532110072  0.78432481584381619  0.79563328920684462  0.80443968906113938
  0.81252799006000753  0.82058494649924274  0.82888586576451084  0.83755821095347505
  0.84589524361734925  0.85393870936779059  0.86205051741740601  0.87028346668898071
  0.87859777355857527  0.88683610123937084  0.89550034323210004  0.90586164114143919
  0.91802240324802842  0.93142630581383568  0.94295517576766574  0.95299758186129058
  0.96329838363632025  0.97451782164807921  0.98719759295639220  1.00000000000000000
 -0.00101470330329439  0.00440129118733883  0.00934789914191498  0.01403960266331534
  0.01970298043875784  0.02637186577593100  0.03308381935920375  0.03894085673758666
  0.04547204998119114  0.05288085758027899  0.06064222394166370  0.06892562747355435
  0.07830321190447095  0.08757605058880986  0.09737705692278775  0.10658645224895064
  0.11581064483705887  0.12523444119747015  0.13439696596371295  0.14439103991018415
  0.15561313717828865  0.16818834372649608  0.18201276802798777  0.19667738805222928
  0.21102651639254463  0.22430233839835015  0.23673758615513424  0.24882541821964482
  0.26096464677059478  0.27202915027619251  0.28201650616751650  0.29212804416600890
  0.30267282325144568  0.31360187891431923  0.32436794005610442  0.33486199585636578
  0.34839371906210664  0.36062170823294271  0.37413197727643466  0.38692717471089344
  0.40078006546112144  0.41498874761261517  0.42717737072913670  0.43830975280275414
  0.44971066815896960  0.46101732405787466  0.47237309764962299  0.48366939916695956
  0.49676615230884480  0.51006417126869918  0.52184707450266898  0.53383328857373513
  0.54582331131926687  0.55780655028915171  0.57018071786897662  0.58220108813930216
  0.59380244266409321  0.60600396018315117  0.61927445242471202  0.63297543754121444
  0.64603034691042727  0.65767375269772643  0.66844033168823214  0.67906137168849412
  0.69090368361646748  0.70249963688502948  0.71358618409123464  0.72305344094068347
  0.73408902229651007  0.74610197990890126  0.75924356612126354  0.76950910094660940
  0.78020380533328548  0.79114226831070711  0.80343625712062672  0.81620067580295474
  0.82839947026910299  0.84045574091876363  0.85217017154843000  0.86302356544289838
  0.87344980681217343  0.88335058822478441  0.89275556978206583  0.90183363845491382
  0.90990767522114890  0.91833395208484181  0.92707146679919350  0.93588475556069584
  0.94480360420137066  0.95338935182014928  0.96101123720298209  0.96854104153154752
  0.97625131436244195  0.98433301080967350  0.99247699319963389  1.00000000000000000
 -0.00214298051774832  0.00851332399885274  0.01916036591148258  0.02999688920447372
  0.04091511784894909  0.05214158932968724  0.06346981249373031  0.07530802667460627
  0.08763109426354916  0.09931552424894753  0.11156454842669336  0.12243312313706659
  0.13247774559560219  0.14298023622645212  0.15423121114696201  0.16581247701353846
  0.17683725026381991  0.18700131984023211  0.19652341884138519  0.20591418871436443
  0.21670842602504850  0.22856525178445508  0.23888196391366795  0.24811666883508762
  0.25711362786175163  0.26585597151814566  0.27441367026539948  0.28313983332695192
  0.29319957210944664  0.30631622862899177  0.32043052235251229  0.33511911572205461
  0.35030834870351452  0.35981375449261960  0.36757027285095117  0.37474145469203218
  0.38203413842170553  0.39036434209344123  0.39903446924283120  0.40802535735867534
  0.41674733123742586  0.42716710312700928  0.43810987333030643  0.44898408570472825
  0.45911514129900449  0.46869077107781981  0.47801351752631444  0.48835189233668808
  0.49828347801152445  0.50842901921471717  0.51887440148609643  0.53086436867441245
  0.54224188286354913  0.55229670666822694  0.56233716364129893  0.57273835722811417
  0.58362447867008260  0.59537020530726759  0.60862903354545506  0.62432551741208020
  0.63891981630253813  0.65261384580602388  0.66441866282184425  0.67568203556985185
  0.68688744992554251  0.70005386208823417  0.71329799998018528  0.72557618575398775
  0.73689433627198186  0.74784874989865135  0.75889713811375348  0.76981014777981938
  0.78112941590533636  0.79229356251593164  0.80390637991587877  0.81599430110243210
  0.82999761357257296  0.84221226799926663  0.85301478926865226  0.86336311911034991
  0.87371666881483512  0.88213199362266170  0.89105161677455302  0.89908441562364250
  0.90699863505332801  0.91493079064371785  0.92276628853818399  0.93107152146250038
  0.93985390094420529  0.94911324658253393  0.95870091870124508  0.96687462924142231
  0.97543718034529148  0.98305467161952953  0.99169086292902331  1.00000000000000000
 -0.00183238720250681  0.00951521107786967  0.01910533019601336  0.02918986743551133
  0.03879795284864422  0.04787076623872050  0.05553474646275309  0.06333571297072695
  0.07173036349712172  0.08220521944998026  0.09433612088159300  0.10721374925648641
  0.11853641125230303  0.12788959319630677  0.13661172451257914  0.14466953210470748
  0.15360364073701047  0.16275328831517466  0.17254998320647558  0.18266062869645830
  0.19334873140435971  0.20415836770024973  0.21466686181068392  0.22504594601828393
  0.23573605753286545  0.24733640134272541  0.25774352763867803  0.26705330991101389
  0.27656954074629775  0.28628520638841187  0.29652210059455558  0.30726253891910799
  0.31953572577368311  0.33171044121901988  0.34438681073603566  0.35831858996232607
  0.37362375686603932  0.38824879385077710  0.40208321728661550  0.41448573989819609
  0.42534124117313771  0.43502615236870523  0.44380761434515947  0.45365485637607722
  0.46517517154860705  0.47737643826595016  0.48858280317337111  0.50075113297203133
  0.51639578543855746  0.53127436168490805  0.54437629841282964  0.55744604973876144
  0.56958380266418407  0.57973946193866088  0.59026771988285454  0.60261276658649876
  0.61627876618098343  0.62854287525790831  0.63987622643361497  0.65110160784732840
  0.66138055322310829  0.67235941969384427  0.68411643270910438  0.69675379593405973
  0.71003911667926489  0.72255910819416691  0.73378441997739097  0.74658402653329392
  0.75882514928943767  0.77043771191017041  0.78178324545154154  0.79280108461974541
  0.80385538055110095  0.81497977247077580  0.82519613380012657  0.83462540380715056
  0.84398578172125915  0.85299160808695385  0.86227637015795389  0.87044379852272424
  0.87808601319400226  0.88534857885544405  0.89422924463277487  0.90445873221256512
  0.91407282277115898  0.92298735020565970  0.93197135924000085  0.94159608871579403
  0.95182224965753881  0.96095396873939110  0.96736206989424423  0.97307928680740752
  0.97884292785892557  0.98477174808701606  0.99186303130268982  1.00000000000000000
 -0.00217231372650499  0.00758605893749224  0.01732726427026464  0.02668090050106709
  0.03642217365354687  0.04829538957464390  0.06098047205284118  0.07380098600664828
  0.08658138938923823  0.09869271866846889  0.10924660657449652  0.11840936717444296
  0.12885604713531768  0.13918042969387953  0.14976187315019440  0.15994538327872843
  0.17320943618125778  0.18697973873417839  0.19913035872189783  0.21008040784417017
  0.22143144256765865  0.23345357071066225  0.24644529832623724  0.25909667627104577
  0.26923258164982689  0.27820491962132504  0.28660326638865663  0.29608925504442851
  0.30663920470459133  0.31785933339340394  0.32941526846906655  0.34022667280391766
  0.35066937032028261  0.35967760873890881  0.36857710054536480  0.37833862307615157
  0.38864335516751869  0.39978541127421624  0.41234206124503098  0.42248298211952273
  0.43258007711270607  0.44281165379975013  0.45325093817946105  0.46401414608158392
  0.47399537383351398  0.48293631456568681  0.49162084211965035  0.49984400140902396
  0.50732962749523536  0.51448538696466284  0.52157955113900756  0.53030642989864463
  0.53989307454710866  0.55024913262306441  0.55927435900798905  0.56794984579229713
  0.57808764889398889  0.58861599262470321  0.60147628041734624  0.61418822530827544
  0.62711282546639502  0.63765616472339870  0.64779558755290856  0.65829907367777363
  0.67027304663516951  0.68344345549270535  0.69623737246263362  0.70806798829530038
  0.71990357576205410  0.73192725082823318  0.74375372205416201  0.75341559128657420
  0.76179114108023926  0.77022053895303655  0.77674784913120765  0.78247733173911049
  0.78911914377264281  0.79716875594983894  0.80643841253796789  0.81594223879108085
  0.82740507011350961  0.84005937341512837  0.85363536354180436  0.86571595268871193
  0.87546631879607129  0.88393631432018149  0.89228270131619003  0.90137852377373473
  0.91333872923671566  0.92694416286747183  0.94167727414775004  0.95571505135361778
  0.96806413557781634  0.97838714463833754  0.98896361287956269  1.00000000000000000
  7.21144378361659841E-011  -1.0000000000000000     
 T T T T F F F F F F F F T T T T F F F F F F F F T T T T F F F F F F F F T T T T F F F F F F F F T T T T F F F F F F F F T T T T F F F F F F F F F F F F F F F F F F F F F F F F F F F F F F F F F F F F F F F F F F F F F F F F F F F F F F F F F F F F F F F F
  <DiscreteSampler_grid>
  grouped_processes
  1 # 1 for a reference and 2 for a running grid.
  10 # Attribute 'min_bin_probing_points' of the grid.
  1 # Attribute 'grid_mode' of the grid. 1=='default',2=='initialization'
  0.0000000000000000 # Attribute 'small_contrib_threshold' of the grid.
  0.5000000000000000 # Attribute 'damping_power' of the grid.
 # binID   n_entries weight   weight_sqr   abs_weight
    10   10   3.109957852243546E-005   2.810834475378271E-009   3.109957852243546E-005
    16   10   8.522328073161652E-005   2.317232245260885E-008   8.522328073161652E-005
  </DiscreteSampler_grid>
