 -0.00003867891018906  0.00125817978884298  0.00341006648050287  0.00618725903031433
  0.00916885074016860  0.01239773556053662  0.01556249708411151  0.01871026015781675
  0.02209918298994444  0.02544334068415959  0.02856066431310876  0.03165579154757504
  0.03483980951882060  0.03786885604369980  0.04088988521152456  0.04400890436330945
  0.04695252633544646  0.04968277305775358  0.05245599685270553  0.05531485221306649
  0.05819557256552934  0.06100515469924018  0.06372619975592511  0.06633508478539966
  0.06891745428655775  0.07136950864654237  0.07381845654132990  0.07619794168385693
  0.07853811225832764  0.08088966071865163  0.08326829601560085  0.08552532459965535
  0.08780201504990336  0.09005647578378155  0.09224890017451924  0.09433692850895559
  0.09631447054330164  0.09823699615073665  0.10019045953207092  0.10220719725277978
  0.10423195241330295  0.10628696935131714  0.10826375809964633  0.11026538018061892
  0.11222663330435487  0.11415373279769790  0.11606597665058989  0.11796977786632315
  0.11985608602561491  0.12171006102342943  0.12353464027699396  0.12527721963425337
  0.12701451422751911  0.12874946045323785  0.13044616113565272  0.13210484476228429
  0.13375855991530561  0.13539636542691388  0.13707210488738780  0.13874754791180610
  0.14039895987145157  0.14202225335779728  0.14363526447124625  0.14520106840325528
  0.14674570410063237  0.14826994096442858  0.14981903901799221  0.15144791023903892
  0.15305694992191343  0.15469639342083000  0.15631949155399499  0.15792054895117255
  0.15952678888835750  0.16117911006759864  0.16283741737374385  0.16450911734053417
  0.16620155691092064  0.16791442498485612  0.16969142957002020  0.17147914727778435
  0.17325731636592095  0.17503333710341087  0.17724433464230477  0.17957082553826981
  0.18206094148852561  0.18480724142781610  0.18800863271762255  0.19163991905521288
  0.19601546876780382  0.20105989864753604  0.20691553452858483  0.21464416512759241
  0.22307291396361989  0.23266072709748262  0.24575293970316661  1.00000000000000000
  0.02462304174825009  0.03139891290360367  0.04056849062042573  0.05018856904562025
  0.05986786176266963  0.07024581219577544  0.08067634339668157  0.09043337388077570
  0.09955625655729568  0.10891224949317779  0.11878127533221620  0.12920399166231214
  0.13989393522108368  0.15017266996465395  0.16016832197280476  0.16973261402868622
  0.17909224561824932  0.18865844562543202  0.19841812433886469  0.20813777621860724
  0.21801121847296936  0.22808321993641395  0.23840410123422903  0.24890818103618614
  0.25914201059224223  0.26903627875261327  0.27846272231049418  0.28778757409801886
  0.29774448120736469  0.30811921162373396  0.31873315347992998  0.33034308582855937
  0.34130433651889142  0.35272582719438167  0.36347331182718506  0.37401767812294978
  0.38418346755177191  0.39435362417868114  0.40490163795764850  0.41568070633329157
  0.42586277753931828  0.43602287623666758  0.44551602073692270  0.45471141800024539
  0.46338911747840544  0.47211986260881461  0.48104974539722883  0.49083057477597158
  0.50128611219308805  0.51278815349971585  0.52443692498369576  0.53513612693116575
  0.54570319182754790  0.55600973647946794  0.56673388160712634  0.57730697564334288
  0.58728622706807154  0.59683167583827779  0.60644890620115333  0.61624857855003767
  0.62598771628662719  0.63572995187996273  0.64565261081098335  0.65574293577207821
  0.66567395662798401  0.67564296719395700  0.68554756377458514  0.69586928927926428
  0.70574039680125489  0.71621714880670939  0.72639364166841336  0.73557683909573313
  0.74435291449451646  0.75288262043237064  0.76125945716041410  0.76978918617138581
  0.77893471754991617  0.78854592622155284  0.79908852014283982  0.81052388621306526
  0.82192463661627946  0.83316058941960003  0.84371258871461341  0.85398239400874454
  0.86481026814721051  0.87617831988570327  0.88716560701045388  0.89758102366608483
  0.90829058115534500  0.91979208831042558  0.93179894353852255  0.94364642574719970
  0.95536206430372506  0.96709232415593760  0.97572015978899673  1.00000000000000000
 -0.00005903434979837  0.00237599905724741  0.00582187499339871  0.00972637655747793
  0.01432453818665139  0.01868387376222220  0.02341088953900531  0.02881902614248395
  0.03416709875158296  0.03915652876290922  0.04397735494769534  0.04852276740556219
  0.05345285034999617  0.05840931962967059  0.06326071802865489  0.06781141528003552
  0.07219498123423544  0.07656564413089857  0.08111987771267443  0.08594441351497155
  0.09081547356410979  0.09553556444312430  0.10009925611509241  0.10454534738200313
  0.10929321709518500  0.11430703304685011  0.11949273134709903  0.12479804880665966
  0.13012464673283572  0.13544562369718052  0.14076492482666672  0.14587610415269173
  0.15074996248280156  0.15555197805798399  0.16029997021644365  0.16502953329213468
  0.16983632080679806  0.17451846834475854  0.17933326945791464  0.18416615110248474
  0.18904904720436080  0.19417923695896941  0.19942200868839810  0.20458856538908776
  0.20980924094748299  0.21538291757582781  0.22137450820253432  0.22783238484257026
  0.23384501446276060  0.24005216337423621  0.24664546474122279  0.25375803282406195
  0.26126593315428431  0.26882633543843842  0.27606408141532257  0.28283421037534984
  0.28924549377790465  0.29552531045226288  0.30188329451527152  0.30840840974488060
  0.31502650438015706  0.32190741763871616  0.32840021620551929  0.33468491958410029
  0.34093228793092145  0.34716695111957402  0.35342791544421781  0.35983871603347400
  0.36635388741059266  0.37290593223638041  0.37965417220228892  0.38682313379873540
  0.39455177404339786  0.40264298906941776  0.41052521795740538  0.41864292749163101
  0.42664127586431105  0.43478192939610694  0.44389620608691505  0.45353875085506107
  0.46284785728515548  0.47214895403572954  0.48194199732956627  0.49267175621761211
  0.50410822302057801  0.51658185871162465  0.52982635540809231  0.54315384552108814
  0.55740985272069565  0.57598515069415301  0.59578282448328002  0.61921868419603632
  0.64732684049445011  0.67803008385819230  0.71128110386304599  1.00000000000000000
 -0.00497934070800666  0.02750016998909865  0.05297826474985563  0.07624715463555698
  0.09664732595165262  0.11539415990426161  0.13376111091086793  0.15324169734134124
  0.17190915133745557  0.18997082578591803  0.20633710848383549  0.22226406654388653
  0.23707796358134700  0.25038640520998345  0.26219847162310106  0.27358667026202782
  0.28509077749176537  0.29654850481773715  0.30757784481625405  0.31873864963249210
  0.32997227393871653  0.34085617361025705  0.35155393257547157  0.36222572552569127
  0.37271884446565212  0.38307779373407519  0.39334666043274819  0.40316379096752403
  0.41250748966737416  0.42175625238430170  0.43128330545793581  0.44083125084230945
  0.45023457552796492  0.45939154419867612  0.46874426267513736  0.47813570853739545
  0.48753051084236798  0.49633731254924596  0.50507463974316280  0.51388135343448471
  0.52314407823412756  0.53304596033627827  0.54269125589592349  0.55200006076690766
  0.56126924924575972  0.57047036611557722  0.57958642798861992  0.58843915161419580
  0.59706484487043909  0.60605988927980103  0.61573835850274472  0.62538234957405425
  0.63430543465100364  0.64286054352549271  0.65091125113392678  0.65870429141534137
  0.66676731134985923  0.67464816114034232  0.68260826700484323  0.69049974025046423
  0.69838285151163226  0.70617981042623590  0.71378588086917738  0.72133938509892370
  0.72911278082879771  0.73683127532081516  0.74436802960635762  0.75233718383791492
  0.76024526647876722  0.76855024420719420  0.77746964859376677  0.78706326806552618
  0.79630266664989957  0.80540275987858023  0.81405493570021115  0.82225045892455173
  0.83033455039597448  0.83841750192829811  0.84681791203038004  0.85534854573057606
  0.86330858155595058  0.87112715248373562  0.87932853805527433  0.88802845294059840
  0.89622683701643546  0.90536137886876622  0.91412891604755242  0.92397405844148439
  0.93379309761643225  0.94345070402639175  0.95355742150612588  0.96401014050753042
  0.97391076106856467  0.98289269140271218  0.99138013350147280  1.00000000000000000
 -0.00192440547067669  0.00850505101787033  0.01738366935474455  0.02704143563395114
  0.03677831828149677  0.04633124474948173  0.05536647591820592  0.06469568484507357
  0.07481348576038724  0.08610307932140761  0.09755018608966202  0.10893256918733032
  0.12002972924494115  0.13098352763636875  0.14208529221264718  0.15280216544392841
  0.16303800900874782  0.17298742947289947  0.18327619850726523  0.19345190299063578
  0.20347168946064759  0.21360401025913456  0.22379676897801384  0.23408281009666615
  0.24424025016200127  0.25458254169695571  0.26513848395035167  0.27634234468198582
  0.28764296101054088  0.29922005565787557  0.31117797345287179  0.32421261691469655
  0.33812280931927863  0.35137735591010627  0.36192447434651320  0.37252177526017105
  0.38218393601753337  0.39188967212957310  0.40124870508525184  0.41062806534312329
  0.42071088447331684  0.43087504515411940  0.44153310510709654  0.45244625267425309
  0.46344221727855289  0.47442493501480693  0.48553741930209260  0.49660739275408267
  0.50703661945999923  0.51679906002408982  0.52671806706155333  0.53699786772224445
  0.54691658349055883  0.55641644326466655  0.56589665054219551  0.57543252272850998
  0.58488032786348110  0.59434334299995206  0.60439537201367366  0.61519143571540924
  0.62577653168450054  0.63600646673024064  0.64608055547911991  0.65672513751021422
  0.66770362774407055  0.67881314580759722  0.68979517574631355  0.70053069318811234
  0.71115550673750649  0.72121112679461785  0.73133601677588467  0.74146442364864518
  0.75184556605314057  0.76266460227264066  0.77373990903293632  0.78470031586017475
  0.79561385620065705  0.80650022907621155  0.81684580037245769  0.82669651288704082
  0.83634115887302007  0.84587006971949319  0.85538149125123786  0.86463450018477883
  0.87480400539587877  0.88620057499983917  0.89735830141933604  0.90821909301062276
  0.91844467628874094  0.92863002070850975  0.93929559854979028  0.95018676993929962
  0.96148803387342352  0.97352619028358800  0.98636900737677113  1.00000000000000000
 -0.00209774881598440  0.00779376438188074  0.01691475719292090  0.02543368502982234
  0.03376855959830367  0.04211371654241478  0.05010518969616017  0.05839035210867514
  0.06688776615433419  0.07562869158691973  0.08440765994831294  0.09344127293626997
  0.10336327646486322  0.11445747439764446  0.12570710306124616  0.13609714776828044
  0.14601072143703561  0.15545144320086546  0.16508655261771973  0.17450213382426741
  0.18441664665615559  0.19424839822191431  0.20424960895427502  0.21393193321693299
  0.22387461669651604  0.23337614426423348  0.24293047332984052  0.25273953910256314
  0.26307622715003076  0.27397841402219114  0.28541241846147292  0.29640497594462706
  0.30667325017096303  0.31689588045807854  0.32732276895832013  0.33770630245702760
  0.34756257272317242  0.35805261867421379  0.36924943317000758  0.38004377456902899
  0.39020624266429998  0.40054528535753697  0.41132011250754236  0.42210249447367176
  0.43264736843428853  0.44351496525511697  0.45502018076230383  0.46697639109356326
  0.47893165940418353  0.49094057539896213  0.50328074628557795  0.51612103906238749
  0.52917000108197454  0.54179446566224976  0.55382401707996742  0.56533580947115203
  0.57631795982749079  0.58755436875472644  0.59917486156148481  0.61009981001414648
  0.62014708936326091  0.62998177946076672  0.63950423268821666  0.64934269076835194
  0.65908748503276238  0.66887592173473320  0.67920395890792284  0.69029065245775267
  0.70260522196736019  0.71561891036680347  0.72860202798569251  0.74041064532605882
  0.75161631719629574  0.76250762580364040  0.77338603319504451  0.78419262260448275
  0.79473434263373433  0.80511695112224790  0.81513003580575305  0.82573485947724412
  0.83633605451791837  0.84619082176947891  0.85549920946543734  0.86448054504095273
  0.87394183602376274  0.88373577006268278  0.89412189415938781  0.90561538541133524
  0.91738564251275445  0.92847187674878306  0.93966367814630358  0.95142079528524581
  0.96378206031199076  0.97637017087313849  0.98819068873356875  1.00000000000000000
 -0.00225570995405855  0.01097947320694007  0.02172197135077567  0.03246731947124647
  0.04295884272283369  0.05446765084024517  0.06534351378472264  0.07582442425001261
  0.08741970741213967  0.09885750992378918  0.10982856190091109  0.11990527977727854
  0.12979669756355580  0.13999733209466234  0.15021771134260331  0.16055738653491042
  0.17018108930364215  0.17893768028117277  0.18806842074965716  0.19789105401154236
  0.20786115058955393  0.21790939541873455  0.22811400081465871  0.23864561585462266
  0.24914782020997980  0.25945000989803502  0.26971817062803316  0.27973636989578027
  0.28965103426394456  0.29948358256025431  0.30982199628497253  0.32068788288969979
  0.33150327725010859  0.34232339993823596  0.35315114678865306  0.36408479949476169
  0.37474673345787879  0.38478288857307896  0.39484370029034421  0.40423748789389874
  0.41274578323260253  0.42118980603711093  0.42985683980496830  0.43948126881432920
  0.44901950233062432  0.45965118300583524  0.47237481505933365  0.48559525167377049
  0.49856653913687193  0.51079793170252197  0.52171176822895193  0.53164466953242429
  0.54156313466131811  0.55192282301560869  0.56276009309106845  0.57322084082526048
  0.58352793807162118  0.59453678417019107  0.60602577368632737  0.61752742090600254
  0.62918783682593493  0.64106071942516230  0.65256600897208139  0.66303889310951147
  0.67368685894021529  0.68381410674302645  0.69384961103935938  0.70391070743277351
  0.71446098823799220  0.72536011205294315  0.73614928579755157  0.74663463603359292
  0.75767282130980285  0.76870449763651771  0.77965469466064374  0.79066580846521106
  0.80149664529046216  0.81202682526856740  0.82166706182498150  0.83101595270011064
  0.84086854718178328  0.85088936201950882  0.86149673321320885  0.87210286276203253
  0.88316484506869453  0.89420461567728060  0.90557280954932740  0.91723016290191550
  0.92865196706773467  0.93978335859214757  0.95052666313639833  0.96086155337833401
  0.97078435543992236  0.98079882332707269  0.99060042051295183  1.00000000000000000
 -0.00250778053047671  0.00918301683335115  0.01974986140570600  0.03145698986422384
  0.04258542768547004  0.05261533627156427  0.06217150890610274  0.07190717597677024
  0.08194168821235528  0.09205347028355051  0.10193042069312915  0.11564896516859288
  0.12873973901567279  0.14043419731725573  0.15210310383146208  0.16379010489833146
  0.17587997711106648  0.18744342966281108  0.19741989321011438  0.20693949275103826
  0.21696962106569445  0.22779306737496155  0.23820659529121505  0.24855336270453929
  0.25971702939121777  0.27097779528613536  0.28131115239774790  0.29126734258870812
  0.30101195489741689  0.31089552535799642  0.32060792863287324  0.33046579182560176
  0.34058692269736851  0.35044805489035219  0.36013111938340203  0.37000445228334850
  0.38075194831336828  0.39209119722651065  0.40355839631700324  0.41454950856691536
  0.42510380705221634  0.43560955234057269  0.44633521400773851  0.45746099762382803
  0.46890542260618107  0.48059839454550235  0.49253769208394516  0.50389061940392876
  0.51468740510506872  0.52552315125529014  0.53622091856845222  0.54661806327712859
  0.55671068192584794  0.56690969989090256  0.57733251036695066  0.58814080068772856
  0.59940208622073843  0.61099529654968598  0.62229225476009575  0.63293073289897117
  0.64301099376353887  0.65271163450127723  0.66191559907837649  0.67098211187384382
  0.68001769179874194  0.68919346884260901  0.69887791339538763  0.70907015010117569
  0.71926636292288126  0.72914523253332786  0.73864782106891003  0.74828421859147209
  0.75859419333141742  0.76969561368357042  0.77981466916143960  0.78964966865951436
  0.79934928772177793  0.80982960976836371  0.82048881838673726  0.83128125558875754
  0.84277332290388474  0.85449103060122866  0.86563789794174695  0.87632358026149837
  0.88727137766003827  0.89769349701326417  0.90668771184383568  0.91578841329221494
  0.92575464166461019  0.93586377706188129  0.94565744357801285  0.95527587934719449
  0.96609150147642087  0.97756018407237366  0.98892989172841617  1.00000000000000000
  9.94199683764172088E-011  -1.0000000000000000     
 T T T T F F F F F F F F T T T T F F F F F F F F T T T T F F F F F F F F T T T T F F F F F F F F T T T T F F F F F F F F T T T T F F F F F F F F F F F F F F F F F F F F F F F F F F F F F F F F F F F F F F F F F F F F F F F F F F F F F F F F F F F F F F F F
  <DiscreteSampler_grid>
  grouped_processes
  1 # 1 for a reference and 2 for a running grid.
  10 # Attribute 'min_bin_probing_points' of the grid.
  1 # Attribute 'grid_mode' of the grid. 1=='default',2=='initialization'
  0.0000000000000000 # Attribute 'small_contrib_threshold' of the grid.
  0.5000000000000000 # Attribute 'damping_power' of the grid.
 # binID   n_entries weight   weight_sqr   abs_weight
    10   10   3.307204857145767E-002   1.839778293143627E-003   3.307204857145767E-002
  </DiscreteSampler_grid>
