  0.00000242843095326  0.00000303912847524  0.00000344884257260  0.00000392584395752
  0.00000445020020669  0.00000499530148115  0.00000555482712035  0.00000620240813690
  0.00000698468394557  0.00000799117415565  0.00000907326834744  0.00001012536714380
  0.00001130684627134  0.00001254251265433  0.00001398776478156  0.00001568118878704
  0.00001727676042677  0.00001883854781367  0.00002046479722746  0.00002214018884053
  0.00002368789919177  0.00002545704682889  0.00002753229971124  0.00002967699436662
  0.00003255218285337  0.00003588345612624  0.00003942580163042  0.00004336320034175
  0.00004789031889828  0.00005334860405017  0.00005975190087542  0.00006662478747655
  0.00007455412872184  0.00008415030908612  0.00009443668717253  0.00010552131658424
  0.00011698604849392  0.00012732536743927  0.00013870876992438  0.00015084725656293
  0.00016314529686971  0.00017871736347389  0.00019427424494973  0.00021157939316053
  0.00023230928727994  0.00025637960513008  0.00028981869898343  0.00032680317231582
  0.00036743542077579  0.00041388490447133  0.00046520060794410  0.00052065390345188
  0.00058079286167572  0.00064749381162967  0.00071939263521440  0.00079283099529209
  0.00086737889024824  0.00094072429070811  0.00102156410956187  0.00110972639996820
  0.00121596689596285  0.00133300746155542  0.00145833099783936  0.00160175656172542
  0.00178019011687655  0.00199357972113032  0.00220874234880931  0.00242024996911602
  0.00268233628769667  0.00300895731062449  0.00340016543967986  0.00387180925857060
  0.00443333029355177  0.00509680438407190  0.00586197735863033  0.00677831241946346
  0.00783817201582769  0.00902165209281474  0.01037968917185874  0.01200270074489091
  0.01402259472077810  0.01647582229857111  0.01939065370509047  0.02283977377332403
  0.02696324512729933  0.03177962986228535  0.03782963072736863  0.04524569691887085
  0.05428531440536745  0.06645297947498523  0.08595334921151281  0.11898486579198039
  0.17132066137591978  0.25040935137344944  0.39546980355290390  1.00000000000000000
 -0.00369591353159101  0.01806663209571137  0.03189400392998431  0.04349917613632645
  0.05465332160726456  0.06648952380318424  0.07913651011280171  0.09227024607839550
  0.10572810888176365  0.11816541418127759  0.13000117831389504  0.14188964633289447
  0.15418990601731461  0.16712033529372858  0.18020964893183641  0.19322142692411517
  0.20592154944210245  0.21640592800817940  0.22563104575584711  0.23473265017606243
  0.24323917310935958  0.25020628869549094  0.25603686018661798  0.26170628244569200
  0.26873649908568426  0.27666036602382987  0.28553619757428278  0.29491647148175637
  0.30387243932529778  0.31233472009172536  0.32217623048307126  0.33308631839078212
  0.34450736127381937  0.35680247121001485  0.36987478888588815  0.38228964655695763
  0.39304642673310208  0.40245406621528929  0.41126690314033543  0.41944887605731801
  0.42882079917179111  0.43923953634960644  0.44999445044450276  0.46105743608325495
  0.47134179638957291  0.48136023586908394  0.49146176257059210  0.50221351500125033
  0.51436129877228498  0.52656092263332477  0.53889469560462255  0.55124292122632634
  0.56328705314103122  0.57513520306428700  0.58666887957020719  0.59805156459120312
  0.60953397369880069  0.62122878338638177  0.63212370017496111  0.64156593770416259
  0.65025431507612419  0.65873909965530986  0.66794974045580058  0.67805050917096688
  0.68838421618379464  0.69936707127288866  0.71104061489143500  0.72263208710526927
  0.73418863386595801  0.74527619542860435  0.75618168513580897  0.76681293901579917
  0.77792240591287232  0.78968794498387662  0.80186950624709208  0.81415011749405075
  0.82516163652503838  0.83516493453051677  0.84490504837233615  0.85478753689888731
  0.86486547055427410  0.87316149359722417  0.88225788845612929  0.89183385609887078
  0.90174271977373388  0.91270859041714159  0.92318875041435489  0.93308480889465073
  0.94349584915793461  0.95366394832827250  0.96351039436591124  0.97283860211394946
  0.98154941293366738  0.98880901275925903  0.99467838512894757  1.00000000000000000
  0.00000673986813144  0.00001079148100747  0.00001315279824965  0.00001547066637229
  0.00001819625627588  0.00002144129583529  0.00002548789210643  0.00002978168265464
  0.00003421793321112  0.00003921383184476  0.00004525127732765  0.00005204561338476
  0.00005924777698802  0.00006667826689017  0.00007485618679511  0.00008403326140631
  0.00009440478860829  0.00010677943092651  0.00012095182195220  0.00013769458510530
  0.00015661241229416  0.00017760447680742  0.00020118363877767  0.00022746303615726
  0.00025690166262113  0.00029057295253158  0.00033065608917911  0.00037598578816273
  0.00042818148357617  0.00049081342633087  0.00056356586844565  0.00064383766826877
  0.00072917322200834  0.00083208023212570  0.00095396720313043  0.00109898483282720
  0.00125722275306129  0.00143209359830723  0.00163224436438766  0.00186677461256841
  0.00214591454763019  0.00247586061430186  0.00285402976206620  0.00329727172074242
  0.00381652132259671  0.00441512514843814  0.00510337563207112  0.00590365731029396
  0.00687003044789972  0.00803083910747337  0.00941164506165327  0.01099123938444684
  0.01286614642803764  0.01503464880452391  0.01755503094012478  0.02059497332651600
  0.02437040308835816  0.02912338503355795  0.03489127284797455  0.04178028465592420
  0.05008458955412495  0.06059800636662065  0.07358462793069448  0.08934188228639053
  0.10999691864881153  0.13715689934055106  0.17120678433354911  0.21171616120750250
  0.26048788277845986  0.31528121143391796  0.37785406995343873  0.44863030109118912
  0.52569516001244232  0.59711278806381840  0.65935502563511839  0.71325067642691364
  0.75998567527560623  0.79091987000297226  0.81812800064269686  0.84186244586685044
  0.86217212862108494  0.87939048961003752  0.89279379606950615  0.90308374228064769
  0.91287206352027650  0.91939504575769859  0.92478831907123105  0.92899453286785794
  0.93317297296170731  0.93670040219415940  0.94022783142661137  0.94519308403236080
  0.95680085553704441  0.96840862704172814  0.98001639854641198  1.00000000000000000
 -0.00184956427567021  0.00922944068738137  0.01843138558065438  0.02707554065661507
  0.03543157292809804  0.04327851166191300  0.05101798728083504  0.05893876897708446
  0.06715923245653520  0.07557850451252365  0.08425798594316576  0.09297945998028501
  0.10143883314258723  0.11045539813028060  0.11965496235198980  0.12953310605642460
  0.14007095222233143  0.15067958771587545  0.16147073374007570  0.17148630254681088
  0.18055116707823587  0.18976657689964002  0.19905327239719864  0.20932369275378029
  0.21997635207390187  0.23150215805989602  0.24358895541568856  0.25594280014617632
  0.26868340253995693  0.28201046075047570  0.29528041387513454  0.30785516095030585
  0.32006641294589561  0.33250140764670599  0.34524679910531098  0.35795567177909970
  0.36814306460041801  0.37865546651783827  0.38946853748376137  0.40148662900310850
  0.41533136936531900  0.42953107374626454  0.44374377544722471  0.45722719969561776
  0.46928963479357616  0.48058759363663323  0.49204423824457239  0.50451293387754836
  0.51811734815043275  0.53243291446392071  0.54711607494898662  0.56189113633635002
  0.57662264606689473  0.59148743664422576  0.60602525982889721  0.62033578253332466
  0.63355806237777956  0.64708107214033328  0.66085562928764496  0.67443961100229510
  0.68693193149044596  0.69882360386123654  0.71168207669650774  0.72418521019023741
  0.73541932844960389  0.74468529581810095  0.75318053903802384  0.76141028211470907
  0.76982261480131509  0.77768648495216630  0.78503122766534073  0.79286667729570814
  0.80233151008299830  0.81548523755105629  0.82785959429353406  0.83907490492955239
  0.84861058546230828  0.85791021138920009  0.86727779666371441  0.87616764143898318
  0.88438768729172146  0.89251863083032568  0.90018402302588973  0.90703274775368714
  0.91390886109620773  0.92123624291512052  0.92908177116945889  0.93669358906530531
  0.94442160894199911  0.95159232212003364  0.95829088796353701  0.96508634344922961
  0.97229288690599058  0.98041975621308808  0.99018109659147369  1.00000000000000000
 -0.00248604951710899  0.00972335832350938  0.02096595437361823  0.03220805699517079
  0.04360208191827951  0.05507080718933279  0.06645850852613770  0.07785087880018110
  0.08958180544236086  0.10168524307713016  0.11239652986866448  0.12235864319319956
  0.13228955197340367  0.14316140371800376  0.15426713398979100  0.16573969101057739
  0.17826656754510600  0.18895379549586203  0.19906902777060520  0.20919277164604472
  0.21939152675531270  0.23196237950533263  0.24419744291228251  0.25589548314172600
  0.26752795012929625  0.27914480708912737  0.29090123372659815  0.30083550365453915
  0.31098978510843045  0.32126548391781889  0.33164093329228556  0.34165815655320586
  0.35180397341267228  0.36226283598736025  0.37222599454176719  0.38231043592470554
  0.39260609543298902  0.40457177229409230  0.41631063051492068  0.42842929796995011
  0.44023879892666895  0.45167451796538899  0.46257767549082113  0.47329691722770562
  0.48393823028190203  0.49481431750380278  0.50530050881965483  0.51522993106867865
  0.52475731056098640  0.53396634284406286  0.54484835875895177  0.55596116838775622
  0.56691331598334249  0.57755084799306800  0.58857689880536279  0.59962637048829559
  0.60909387174448482  0.61807934481108262  0.62711918842176384  0.63608920475705111
  0.64542973810122184  0.65503745743341735  0.66458293154853187  0.67471560032554811
  0.68504412699836714  0.69517958275678193  0.70468388283038863  0.71416537131960900
  0.72383684750330701  0.73283941201901448  0.74353965487057438  0.75437164257818501
  0.76534571001285234  0.77520686834416297  0.78416644484094644  0.79370276522393035
  0.80329078658614583  0.81291184361210100  0.82237115169852848  0.83146190877299098
  0.84158162197788511  0.85249295180445595  0.86322424681496668  0.87332588901196628
  0.88337010172734032  0.89276916661849415  0.90191456608257081  0.91135009195976024
  0.92114027305542423  0.93220797783425302  0.94337570026866147  0.95405879422512030
  0.96498753383931468  0.97581168344460301  0.98746933151873395  1.00000000000000000
 -0.00199615229195258  0.00680081509572907  0.01511495334547268  0.02400924644885222
  0.03344920117312640  0.04331835965739105  0.05340267025922428  0.06387244459624836
  0.07456143382346538  0.08489991714569121  0.09433593591296761  0.10323215980983326
  0.11192601354287693  0.12037048606906151  0.12862497861315778  0.13709899886496518
  0.14538483287434056  0.15518082186025972  0.16552972945030350  0.17512094975841130
  0.18504114762011317  0.19513834288364770  0.20582965660175601  0.21697047382178902
  0.22608162171373322  0.23347731235597416  0.23981416300555924  0.24700603705845059
  0.25566762772840879  0.26455676946911205  0.27361727339539943  0.28257603323159924
  0.29246850627619242  0.30380326947621605  0.31601652181662021  0.32916406562457579
  0.34343828734707349  0.35502089704224493  0.36426788195619336  0.37298189374559282
  0.38256611756159337  0.39384852816434041  0.40537497077007401  0.41752316211643781
  0.43159805621145381  0.44559509443854606  0.45918381784289181  0.47280546504097126
  0.48578497695389855  0.49805767099702603  0.51042014974691119  0.52313034077023890
  0.53524300121303992  0.54579204640065371  0.55650088803210385  0.56753446212198011
  0.58081287375544477  0.59468384148253250  0.60814338633617371  0.62137804660948792
  0.63405996326101688  0.64657893999866156  0.65921690187011595  0.67155047276794044
  0.68373164857104407  0.69682118450434427  0.70994414562830666  0.72226887854989286
  0.73384561580830310  0.74439346864874412  0.75484029692591581  0.76544319043646958
  0.77705451469964859  0.78926218817783866  0.80120224771095339  0.81302996123195970
  0.82209765149821623  0.82941166726511462  0.83653384194130709  0.84377862689387539
  0.85258020221049513  0.86195751138614596  0.87109062149151362  0.88029004489791041
  0.88988320265332321  0.89915313705981770  0.90825382159081158  0.91742055397713984
  0.92663259878651971  0.93648311408321816  0.94661129944069577  0.95675054535137194
  0.96764429928979645  0.97812556394942318  0.98915526533379960  1.00000000000000000
 -0.00256363481976229  0.01193972365256106  0.02338553432851104  0.03460577505012408
  0.04593691405113813  0.05740239358475965  0.06875674049488949  0.08008355922848198
  0.09199474031493791  0.10241236969346776  0.11230396747276297  0.12198321537814041
  0.13204153744600430  0.14347846821678570  0.15477289784976744  0.16529308839752721
  0.17402851516024714  0.18258188119818325  0.19150418060368191  0.20099005690591387
  0.21063049214341656  0.21971072454957521  0.22868990936107339  0.23862275348576348
  0.24959174522753011  0.26058943757095587  0.27154370235209435  0.28287161852788223
  0.29434888475883980  0.30649892836494985  0.31918058271226163  0.33172900414190848
  0.34305148933265123  0.35381861955470728  0.36483569999422344  0.37605031223978214
  0.38752890684736507  0.39920883838891391  0.41095970875003013  0.42246861601377583
  0.43433843213782342  0.44664474423996142  0.45914404472799619  0.47082467031525960
  0.48200543564092979  0.49313659362208839  0.50447797774324155  0.51601975560751379
  0.52724420000982697  0.53837896101063620  0.54928736785991361  0.56029644227331110
  0.57140507056413992  0.58200495118739193  0.59232103240916667  0.60268708532514836
  0.61343734024136798  0.62504926271992878  0.63712750256518824  0.64933576297117834
  0.66208306340580625  0.67472305850329162  0.68705060611497126  0.69916228325963425
  0.71050324087528904  0.71984155297673957  0.72921118889986214  0.73840145084851183
  0.74797180066331337  0.75845029071762082  0.76862470584452003  0.77886430721721756
  0.78942711848572777  0.79900704553033841  0.80718882751815957  0.81514696093877292
  0.82387271349634605  0.83208738420446382  0.83949511700200175  0.84700852659744408
  0.85610621579162904  0.86730353052625653  0.87879742719193477  0.89000848745852412
  0.90145534648610126  0.91363647205755316  0.92337237537874051  0.93190436124110909
  0.94071317227976992  0.94910316363965475  0.95762780604271458  0.96509351641925523
  0.97204679908294034  0.97908604263806109  0.98929142319783769  1.00000000000000000
 -0.00196540566699351  0.00917072320238818  0.01969257914056198  0.02928542173378005
  0.03832514782099965  0.04745387477679312  0.05634223520295840  0.06550371833968251
  0.07528590074654248  0.08501339686995694  0.09596517284921048  0.10679552501894393
  0.11771026451537499  0.12835986472167349  0.13919643701828757  0.15002200654505676
  0.16101464046229444  0.17273292286905362  0.18531595365080142  0.19492038962138369
  0.20432368666328074  0.21342559204105496  0.22281854379224741  0.23142344646096941
  0.23817033227647588  0.24485193802721664  0.25272934599644337  0.26487902667951846
  0.27579301114791704  0.28662316034987051  0.29765300477324408  0.30956640820063236
  0.32190232436535388  0.33465202309241970  0.34789796338313300  0.36018497190811416
  0.37100824979749658  0.38115980436907865  0.39025396073872948  0.39916045929274019
  0.40800755134468408  0.41696950736823662  0.42643146153107730  0.43607460567738687
  0.44788782444295810  0.45971894575051325  0.47210580014330933  0.48464667690994512
  0.49775437249847121  0.50998910568780020  0.52191218061578337  0.53464793683414069
  0.54709952480620427  0.55864810902407269  0.56999727220332830  0.58082612531427602
  0.59123550415474335  0.60202142163956762  0.61358960486343117  0.62606373094211576
  0.63818981339830438  0.65043259179225899  0.66195238238082210  0.67306971730523169
  0.68375643071498038  0.69273409960200061  0.70131569713365383  0.70953348918945380
  0.71702041310656284  0.72671924265120647  0.73580416695537820  0.74485140837328867
  0.75435058555771295  0.76523890438493258  0.77645134211957978  0.78772621381918828
  0.79828645499220929  0.80905712444102529  0.82033087993046050  0.83177315819799758
  0.84409274128613265  0.85539994493055349  0.86597531507825076  0.87687682136756995
  0.88824593438137434  0.89913713666754802  0.90892610413343600  0.91890453939203076
  0.92977748762029933  0.94155794694169315  0.95092498202336317  0.96020195322268798
  0.96957844666926096  0.97866222650109458  0.98930562784173481  1.00000000000000000
  1.29926450324119559E-008  -1.0000000000000000     
 T T T T F F F F F F F F T T T T F F F F F F F F T T T T F F F F F F F F T T T T F F F F F F F F T T T T F F F F F F F F T T T T F F F F F F F F F F F F F F F F F F F F F F F F F F F F F F F F F F F F F F F F F F F F F F F F F F F F F F F F F F F F F F F F
  <DiscreteSampler_grid>
  grouped_processes
  1 # 1 for a reference and 2 for a running grid.
  10 # Attribute 'min_bin_probing_points' of the grid.
  1 # Attribute 'grid_mode' of the grid. 1=='default',2=='initialization'
  0.0000000000000000 # Attribute 'small_contrib_threshold' of the grid.
  0.5000000000000000 # Attribute 'damping_power' of the grid.
 # binID   n_entries weight   weight_sqr   abs_weight
    10   10   8.200672230156530E+002   4.594199754079541E+006   8.200672230156530E+002
  </DiscreteSampler_grid>
