  0.00009779069529607  0.00010804167044492  0.00012085912881292  0.00013388749119684
  0.00014679802095597  0.00015940661483611  0.00017230289486892  0.00018523815048949
  0.00019996066584177  0.00021563645408289  0.00023318331247374  0.00025283507027980
  0.00027348300745198  0.00029505102180573  0.00031836778347632  0.00034297274927127
  0.00037220429085504  0.00040412068612631  0.00043795984226959  0.00047502281490639
  0.00051441385057331  0.00055501562753709  0.00059453352391251  0.00063170367765227
  0.00067167581600243  0.00071362894398627  0.00076388527774673  0.00081755252659974
  0.00087474392608293  0.00093685401284755  0.00100459040404431  0.00107882819508524
  0.00116385284536882  0.00126831257660880  0.00137686903938655  0.00149041090065237
  0.00160805735719950  0.00173550204177578  0.00187729572795972  0.00203364440915943
  0.00221042124431973  0.00239381380236644  0.00258143885290997  0.00277522668488883
  0.00297686393188357  0.00321359776095419  0.00349539717387741  0.00381494323565666
  0.00414028274229982  0.00445717366489056  0.00479479799290716  0.00516510861252387
  0.00554520333927985  0.00598115039746852  0.00651271340249387  0.00711353318056357
  0.00776655530266298  0.00845017861006826  0.00919255327719000  0.00997336212917224
  0.01080824332495876  0.01171953628357695  0.01275342926798602  0.01406112835939508
  0.01556923820894016  0.01714853808790911  0.01881255654692442  0.02065483312843928
  0.02284858694730832  0.02535641104430521  0.02816097336720361  0.03131864349307718
  0.03482764090326165  0.03869215546745759  0.04298328707854480  0.04789290105959433
  0.05355268252040214  0.06009429205592709  0.06779230170942321  0.07652055968188370
  0.08624664882734669  0.09635071318776993  0.10768502812409131  0.12012532901983961
  0.13516276159906951  0.15183221646464704  0.17170763274083914  0.19504934719226835
  0.22173030317922848  0.25132525254653743  0.28476296274804175  0.32430190649265817
  0.37045872998652923  0.42766643007652372  0.51920497886170269  1.00000000000000000
 -0.00382004450004946  0.01601599112451099  0.02930033270126258  0.04108817849441442
  0.05192692237092973  0.06318842168256053  0.07416187880771198  0.08394930618481866
  0.09279035609386928  0.10130568284546648  0.11011286217025509  0.11899000578862504
  0.12748462115073014  0.13596228639813646  0.14454582545568165  0.15376802203595116
  0.16355660981317077  0.17357494111931088  0.18347469654191600  0.19310698082784036
  0.20263608976768668  0.21225267410249080  0.22209022709017062  0.23204704416892769
  0.24135605344525474  0.24998479319630706  0.25858440652317516  0.26742578540229178
  0.27747816817863885  0.28793826147397478  0.29769887471626399  0.30692529037479482
  0.31641772198850232  0.32616258664495718  0.33605668829274316  0.34565509882645939
  0.35559643794780910  0.36652004944792338  0.37736632261999775  0.38814395084592829
  0.39832253135242074  0.40868355715027294  0.41907368305513959  0.42945406617780868
  0.43972393759722567  0.44991728097135114  0.46002358169592200  0.46966796216803419
  0.47898211373578281  0.48845213491854306  0.49831759285120286  0.50816249808269576
  0.51770937912330284  0.52723089751876129  0.53685526472311051  0.54696424789914133
  0.55701859664625664  0.56794435207457195  0.57893781347906270  0.58943796200027043
  0.59986387794540386  0.61080610515820244  0.62252574505024483  0.63406022443348631
  0.64591884310801073  0.65774495201113470  0.66934755855855055  0.68049378514529002
  0.69210860846056377  0.70402187406173555  0.71590415771656701  0.72731957920032475
  0.73835871203220693  0.74886291181149811  0.75937905725162125  0.77011058167042890
  0.78140873473400918  0.79311535015987911  0.80516019793011551  0.81697342296951114
  0.82838701271605009  0.83927202346917684  0.85011407700939967  0.86123862247338556
  0.87295879789556241  0.88508132654628902  0.89722068155496071  0.90949401476244651
  0.92170047319372239  0.93429245311387221  0.94620103825213286  0.95796093796532056
  0.96862959302062046  0.97948574561336044  0.98968148179586368  1.00000000000000000
  0.00000995710584414  0.00001235921943395  0.00001549404649280  0.00001927751321495
  0.00002315751062193  0.00002729233725297  0.00003184984224756  0.00003689146272661
  0.00004297851697431  0.00004985003436902  0.00005789901383150  0.00006640253224010
  0.00007603252969013  0.00008687899933069  0.00009918509375610  0.00011308797124964
  0.00012885697559512  0.00014731171105131  0.00016971376985859  0.00019607713713372
  0.00022533023768805  0.00025887103542465  0.00029784613384208  0.00034093937592052
  0.00038928181703729  0.00044621004297352  0.00051401716160849  0.00059127037542650
  0.00068130678483732  0.00078909164522424  0.00090997975950495  0.00104546941581921
  0.00120284792953112  0.00139212418515320  0.00160695546120750  0.00184735202979712
  0.00212494704344780  0.00244650354758083  0.00282186995039041  0.00325778752157817
  0.00377098989809142  0.00437049884395313  0.00506098540000367  0.00588275103247950
  0.00687518933343126  0.00807039832805296  0.00949900512553724  0.01122573563856634
  0.01327053292603708  0.01568738584341979  0.01850457562459494  0.02171291002386553
  0.02547022554830976  0.03011714781569976  0.03578990157915914  0.04248091928944146
  0.05049082436845003  0.06029846930089321  0.07236046827678101  0.08706206814636006
  0.10543501188390689  0.12890742678137865  0.15847000876369519  0.19478105489465003
  0.23708600151452003  0.28511258584437493  0.33732143813356297  0.39447185821202618
  0.45699147288603631  0.52207353879914586  0.58532534948415249  0.64318888500173288
  0.69601555990131647  0.74279149866230865  0.78073693675919675  0.81126782446692836
  0.83773642985464469  0.86085846138395294  0.88029969099166494  0.89712474632838535
  0.90505198149125043  0.91250643280774002  0.91945559167039026  0.92586290045295327
  0.92969879496801222  0.93234006277261761  0.93388649717300332  0.93539147826007008
  0.93688448105587308  0.93816105661471105  0.93943763217354892  0.94074139163103532
  0.94204776090959219  0.96021370661652861  0.97855276341354569  1.00000000000000000
 -0.00151644313177666  0.00846569374914432  0.01747713140685271  0.02663074586421638
  0.03555947641991580  0.04412182152441697  0.05289961553385276  0.06224681150852543
  0.07211561044179869  0.08219618300819227  0.09211097907359105  0.10160796940892622
  0.11145525335035696  0.12141449090224234  0.13196883113196614  0.14271181939458999
  0.15325041291993402  0.16427002574427454  0.17443966208395911  0.18414588190454809
  0.19384566207219131  0.20397404550138665  0.21482795870266311  0.22578491870646730
  0.23666636080072692  0.24780059529142148  0.25879605903415914  0.27005937130547714
  0.28086277558444150  0.29106135873662814  0.30040426588175234  0.30970203551887793
  0.31960199011490825  0.33028511568663560  0.34139128645619282  0.35231232524837469
  0.36250643652664566  0.37203566978203262  0.38122130098978541  0.39066237668189546
  0.40079988320095117  0.41167715299626129  0.42277098533899171  0.43460174713849020
  0.44650410003412161  0.45859730952385458  0.47059070968301941  0.48210874146696608
  0.49359407376126718  0.50509662931026322  0.51675098616362980  0.52853191445844916
  0.54080281716300083  0.55305215633875504  0.56485062874997627  0.57609448361525328
  0.58765457633773677  0.59917184663581180  0.61068909444520969  0.62218650954509314
  0.63389595748552330  0.64590015635295561  0.65757484030919322  0.66919734761723093
  0.68084222954922580  0.69173009323829615  0.70165090256277562  0.71127620384070467
  0.72078442280856891  0.73036341558444717  0.73990388701216026  0.74916310575848055
  0.76024457601670437  0.77148144268215746  0.78272049139855360  0.79409709445089915
  0.80509898019503257  0.81589249734109603  0.82633914818655718  0.83616754173167396
  0.84577551466966960  0.85612569668419969  0.86701236970706652  0.87726059956884206
  0.88706152807132987  0.89686737664087357  0.90769396428769855  0.91792587680805460
  0.92809541112367222  0.93845880604261145  0.94925279275780639  0.96023377823161937
  0.97064160220267048  0.98106415181932483  0.99049651345087197  1.00000000000000000
 -0.00283257845380764  0.01044113159023660  0.02124709170271848  0.03194044092686302
  0.04283279891130679  0.05425899102749660  0.06559234119096242  0.07670408463881789
  0.08760714990068792  0.09851922663176775  0.10956398238852885  0.12072581520276081
  0.13214546095077695  0.14351896853237300  0.15492975872050838  0.16631701223053624
  0.17788100275770583  0.18939695584575669  0.20092687869920273  0.21245182884909189
  0.22366289115623994  0.23480439058302727  0.24549102017916885  0.25623157177161665
  0.26711308843495885  0.27827448708689456  0.28895489552737180  0.29849001461273444
  0.30750629372866750  0.31613622930191748  0.32497343193842576  0.33370415872438652
  0.34254456646473497  0.35124461880507041  0.36116733708460319  0.37171127062488835
  0.38132583326644942  0.39089409548605480  0.40027469195030074  0.40995036567379506
  0.41948857388163324  0.42934897362483981  0.43946228587161440  0.45045239871691878
  0.46099095223656422  0.47158310926408153  0.48244475851150725  0.49368919247399989
  0.50466960258635563  0.51492425099201766  0.52470631554370073  0.53484846134775477
  0.54515453418253190  0.55712458509422058  0.56842611744387694  0.57997096138539739
  0.59140472269117283  0.60233725366096258  0.61280852876094616  0.62308835569262044
  0.63365326853754911  0.64432051242149835  0.65457207682126495  0.66537493429130512
  0.67620776230656410  0.68697181121168416  0.69743655947760852  0.70770520819971394
  0.71807165066655887  0.72836842990231909  0.73879871295038724  0.74975376861224319
  0.76077531215783301  0.77123801803005598  0.78163682963247338  0.79212313499093445
  0.80317006354642606  0.81465515229302943  0.82619475024999267  0.83605567843902062
  0.84460652507212697  0.85311775493537811  0.86185005844306184  0.87232931119418755
  0.88362076359935648  0.89475401771283891  0.90614880361137973  0.91751312976187682
  0.92876937010073901  0.93973758839745813  0.95004813558647860  0.95998828308284634
  0.96986338973323338  0.98003133711870882  0.99013157997053169  1.00000000000000000
 -0.00186122318910130  0.00625041273881230  0.01382550443520741  0.02158093912914763
  0.02979072397435191  0.03833481819187912  0.04702931764945652  0.05582089385036539
  0.06470921773803635  0.07370779442623467  0.08276889207305246  0.09147788033141900
  0.10006543227342378  0.10804555122850767  0.11591899771824221  0.12417644688978545
  0.13368543599460958  0.14315269212849066  0.15269500028067526  0.16180523124876567
  0.17128003860577967  0.18217092082033079  0.19317300868021167  0.20464033827551945
  0.21609781958792654  0.22749305614992446  0.23849618201435277  0.24929714916152254
  0.26022583234560287  0.27208273290908164  0.28433112507016634  0.29686100983131097
  0.30894045359612754  0.32047033655663892  0.33148968111310512  0.34268625576028788
  0.35404909018462311  0.36560302196687788  0.37703527117795593  0.38852050418066270
  0.39995985678254437  0.41151277551401128  0.42338090468769279  0.43551070561339128
  0.44784426002010114  0.46027335631665572  0.47246692842923921  0.48447243635659848
  0.49650950990110293  0.50884270364163720  0.52181595819458226  0.53509449120189523
  0.54834861109727751  0.56106532737168779  0.57369190888876331  0.58591595002335795
  0.59751654990523972  0.60904141983416837  0.62024604018327856  0.63174584870132666
  0.64362155624731987  0.65571502254855785  0.66811655725260077  0.67975509205657125
  0.68984538054876576  0.69976336372293035  0.71018062560490636  0.72169039303931592
  0.73388274801311959  0.74573414311183805  0.75731769119731918  0.76863584934020079
  0.77969368446522735  0.79060124913894692  0.80153739235468557  0.81261156223760189
  0.82392059964417708  0.83488932734989174  0.84526945530591924  0.85496352375219076
  0.86418682916359169  0.87345983237639302  0.88297641579330310  0.89292996565341209
  0.90264736584823702  0.91198144372229084  0.92111848833963084  0.93024703225750549
  0.93878976950506610  0.94724337545516368  0.95607737921964897  0.96557786535577050
  0.97526100501323887  0.98428858739392655  0.99228641654367300  1.00000000000000000
 -0.00259677461009837  0.01065155672162894  0.02183365953640251  0.03211145705558752
  0.04185801770828446  0.05133072124593846  0.06098670574453934  0.07061871556087923
  0.08024972469435795  0.09011574296325581  0.10081184276421284  0.11167308436095942
  0.12241508664352430  0.13308527665368333  0.14372052181782935  0.15426268838377782
  0.16468243998651572  0.17539399536795874  0.18635311624890180  0.19730291109176146
  0.20874132147822647  0.22036998838674099  0.23216760129212746  0.24341894041538528
  0.25425024153450937  0.26473727571344324  0.27503006080203063  0.28491969947670204
  0.29494577109721493  0.30535746330860264  0.31598190929731579  0.32696848591804384
  0.33763875121296100  0.34834814569457939  0.35911721419026366  0.37017859265882991
  0.38127289180754514  0.39205907259362499  0.40323165613564527  0.41442415413732198
  0.42569340893269719  0.43699569017151590  0.44806612001530666  0.45877799540946024
  0.46928209143062821  0.48008706782308913  0.49117499251807140  0.50210714019290947
  0.51280761397060926  0.52327439600917192  0.53351148271671767  0.54371335406060695
  0.55345918098875513  0.56321852512710757  0.57313184596199707  0.58352412185079172
  0.59489211785733498  0.60612173763502231  0.61680683078052778  0.62722801338109435
  0.63814894373206410  0.64904087926551934  0.65907798587481903  0.66898950725117090
  0.67859578707412793  0.68753078967421122  0.69540186982111607  0.70312278850922949
  0.71107915670458877  0.72190609226108704  0.73242702872842902  0.74276499909439242
  0.75313866426072185  0.76365390899239283  0.77437711652784236  0.78516929995947016
  0.79615938646067741  0.80727426677092273  0.81858656935894325  0.83011926258208335
  0.84139532803479522  0.85215375227203294  0.86234460590723261  0.87275193260148332
  0.88369091796426846  0.89483501434522739  0.90576325425448700  0.91602173575386892
  0.92586353263842869  0.93579010761611303  0.94629901056292098  0.95740019068014415
  0.96873255355365018  0.97942664838613636  0.98986562962873548  1.00000000000000000
 -0.00211941361430619  0.01066376177043226  0.02115561575402552  0.03094808737646172
  0.04074378022349680  0.05113780062295911  0.06192414557537513  0.07213321370962167
  0.08161186613763197  0.09154957846723935  0.10216994811485282  0.11314215954815771
  0.12399780959252403  0.13429853441088149  0.14465534578106526  0.15498096513976756
  0.16589904362133925  0.17690416557440114  0.18779606205727931  0.19770295159561094
  0.20685365211954931  0.21587637249171893  0.22503093391092616  0.23499215197100745
  0.24554033139176823  0.25646498512016169  0.26720161197174419  0.27793132610346921
  0.28870221620292347  0.30025849236742130  0.31179799610327669  0.32298389486664530
  0.33390283113335523  0.34378611582698793  0.35412056022422173  0.36460995135511792
  0.37518193291832119  0.38504153596828589  0.39500570521550304  0.40578764108097154
  0.41644479969660847  0.42686826976731973  0.43781744127107247  0.44961942395434473
  0.46149614567817743  0.47308190975367709  0.48412279469077879  0.49547923600079630
  0.50682321059842572  0.51836615098983874  0.52921970313220856  0.53975916973968574
  0.55033583974938194  0.56069418600510379  0.57059004439924554  0.58052224626896531
  0.59075403347410194  0.60063506959570923  0.60986562337798855  0.61880018561351313
  0.62795364612167814  0.63779146157239230  0.64835479131981077  0.65962870529972606
  0.67119463079310793  0.68260609552128215  0.69369093143550675  0.70466111315618329
  0.71512508679771769  0.72489088466893736  0.73461906436084357  0.74434995880891397
  0.75449612806096467  0.76504331793823843  0.77550604791479472  0.78555985506281090
  0.79521083256952452  0.80465262161501894  0.81445678252967013  0.82504714293237991
  0.83630023033436840  0.84786232329059119  0.85966747098329466  0.87169721978715053
  0.88250796319123248  0.89287968387179872  0.90269874442080345  0.91311379897495215
  0.92341933463828740  0.93391470588270120  0.94442312388155736  0.95524020806851795
  0.96627178858398932  0.97737989972599215  0.98889004459800045  1.00000000000000000
  9.89587487099416858E-009  -1.0000000000000000     
 T T T T F F F F F F F F T T T T F F F F F F F F T T T T F F F F F F F F T T T T F F F F F F F F T T T T F F F F F F F F T T T T F F F F F F F F F F F F F F F F F F F F F F F F F F F F F F F F F F F F F F F F F F F F F F F F F F F F F F F F F F F F F F F F
  <DiscreteSampler_grid>
  grouped_processes
  1 # 1 for a reference and 2 for a running grid.
  10 # Attribute 'min_bin_probing_points' of the grid.
  1 # Attribute 'grid_mode' of the grid. 1=='default',2=='initialization'
  0.0000000000000000 # Attribute 'small_contrib_threshold' of the grid.
  0.5000000000000000 # Attribute 'damping_power' of the grid.
 # binID   n_entries weight   weight_sqr   abs_weight
    10   10   3.049230280615602E+003   8.993570294156569E+007   3.049230280615602E+003
  </DiscreteSampler_grid>
