  0.00110887100128396  0.00750962156000403  0.01297705532871917  0.01914880687519173
  0.02448223655411707  0.02790694480454748  0.03064046619433538  0.03363118888954519
  0.03729878065368874  0.04159678029780747  0.04576913009958162  0.04947326952191682
  0.05256727067260637  0.05530782297441070  0.05808607029925263  0.06173608372703474
  0.06647498999317393  0.07097082210080040  0.07529092619926833  0.07962173472321238
  0.08429355846900724  0.08905775979710201  0.09308936914579409  0.09679668395357556
  0.10087859804390634  0.10555073787863514  0.11023266615262267  0.11495989901256512
  0.11988993408835794  0.12494560621504479  0.12967001844165046  0.13378210349223552
  0.13775206293169012  0.14163030936599086  0.14588586189519015  0.15021504320465431
  0.15454552437355074  0.15905116689114265  0.16365060644239710  0.17106957827517671
  0.17729084747117138  0.18268661194369179  0.18779076533290828  0.19290817844303559
  0.19793597443696320  0.20320520224992514  0.20896792454771437  0.21545875854436675
  0.22263353375146611  0.22988708963945331  0.23658479848173616  0.24292047235684952
  0.24912771484361182  0.25538123174698452  0.26289686241200333  0.27089142823856605
  0.27929426511793454  0.28857021533932575  0.29832629898484175  0.30825102288356754
  0.31812619038575485  0.32610177069610963  0.33274828668831219  0.33898908848548343
  0.34521071834648603  0.35127342196745914  0.35736487517470056  0.36360571985870005
  0.37028388541265350  0.37873375598686321  0.38663826611803120  0.39426224795560477
  0.40154299376334063  0.40885256865909120  0.41589197728866784  0.42272679173608407
  0.42987080992537702  0.43811067466929426  0.44759949046729819  0.45805364446515073
  0.46924183450836271  0.48111314311463799  0.49469969863781038  0.50854406757532988
  0.52489816467732153  0.54336146131043150  0.56510639761633519  0.58692884391494526
  0.60376750977235649  0.62043293826274115  0.63831780383851067  0.65884416628711262
  0.68279993884087764  0.71518775040194538  0.77445560876436847  1.00000000000000000
 -0.00000489822721598  0.00117080236899292  0.00295173329729093  0.00518201062851037
  0.00747627568655313  0.00977020949173187  0.01233985308186623  0.01491458195915601
  0.01761082508115958  0.02025277717074278  0.02273582500772070  0.02502764640109603
  0.02740860900356826  0.03016531357927443  0.03245508636954966  0.03474253782196796
  0.03728094098521813  0.03999561857661967  0.04267804398138466  0.04567174293272670
  0.04860356049931110  0.05145906178989854  0.05455023154863936  0.05803738593892537
  0.06154950085812601  0.06526293551499227  0.06926233938815765  0.07336324896518095
  0.07779457568993306  0.08246500767396603  0.08649673767551889  0.09002511125896964
  0.09345152126761680  0.09679005699917896  0.10023666048062971  0.10383379155711306
  0.10737858989843134  0.11066841155971725  0.11417760698367758  0.11843973074090232
  0.12276824785747791  0.12734020822412978  0.13244295158082034  0.13811071951754172
  0.14375303361265249  0.14865206740493492  0.15318221823953282  0.15751234465020358
  0.16211379993550121  0.16704824772419713  0.17239784703324601  0.17868612694489658
  0.18676061165006802  0.19518076231958675  0.20371073992957223  0.21075443772146030
  0.21694125545808010  0.22313436044920262  0.23061507456191618  0.23759372677883930
  0.24496871002376122  0.25229590595912998  0.25919181879108144  0.26577011030274761
  0.27205334826526101  0.27875272845382193  0.28639847510837041  0.29434236134776415
  0.30218369518400934  0.30973740420547968  0.31725846575925976  0.32506205390851151
  0.33304001005691258  0.34154863363518356  0.35091580561405439  0.36060531071776264
  0.36988151481765374  0.38116211964529034  0.39451088774972043  0.40881168189898465
  0.42489938236305147  0.44525180265280728  0.47004624086507929  0.50050007488246728
  0.53842102643754863  0.56772000696733060  0.59697276554893053  0.62796826728130695
  0.65897946227537085  0.68799097888945071  0.71641787467170459  0.74875799938582777
  0.78518145325440913  0.83945928580003581  0.91120673867719792  1.00000000000000000
 -0.00001409150313121  0.00134220940222503  0.00335766693099993  0.00555699539409872
  0.00753892265955731  0.01001118582457591  0.01275585613223940  0.01557939940712038
  0.01835664794634982  0.02108106676007920  0.02386910849686197  0.02663108819321271
  0.02947736161443655  0.03224636400137210  0.03491210176650192  0.03706663073255301
  0.03950265381436793  0.04211649038237804  0.04494333918721653  0.04803112635535389
  0.05151673748356055  0.05520586977489496  0.05827242875446936  0.06125070445918401
  0.06400854569393109  0.06708369461399716  0.07051622780416399  0.07380384934069653
  0.07688388147169979  0.08019597616050950  0.08376329927751346  0.08733728919465562
  0.09107176372020682  0.09466697188656412  0.09848789689309941  0.10282915972604667
  0.10746105228910006  0.11276252312097033  0.11786469159794898  0.12290284576889725
  0.12826310837562527  0.13401528385904032  0.13973721663428088  0.14483730213226975
  0.14958188282466328  0.15427949162889731  0.15868749643832172  0.16291461976932681
  0.16686292330187619  0.17083694828885457  0.17564232206669156  0.18015992592047922
  0.18479291582126575  0.18930098355502031  0.19377789389668099  0.19812568135257386
  0.20198724445780980  0.20610931621037087  0.21073873166923807  0.21630840448287469
  0.22221335735496764  0.22729421365185615  0.23217504530814759  0.23719250901832972
  0.24282607590333552  0.24914253003171355  0.25545582717348431  0.26128610060276297
  0.26765595460349784  0.27492010778035642  0.28338580836658100  0.29231528794738704
  0.30205654173587743  0.31106330976052371  0.31959238556985864  0.32699994702512741
  0.33391717992720377  0.34620628811666326  0.36363113664920355  0.37871687231596518
  0.39315184864185621  0.40759956469417791  0.42335569253977118  0.44100367722959516
  0.46157481700304370  0.48371097449978234  0.50737267731724767  0.53637966439565343
  0.57545627434373814  0.61889576068482788  0.65864873906503518  0.69520841490154817
  0.73598079172158926  0.82398719448105906  0.91199359724052886  1.00000000000000000
 -0.00227368698101760  0.00719715734047782  0.01573320890059049  0.02401960658002476
  0.03245247900170188  0.04132765732283770  0.05111664138839350  0.06157525004168184
  0.07071814584834138  0.07875094014567464  0.08616506494688091  0.09365045955936308
  0.10175539446029258  0.11258081360899526  0.12312438318928524  0.13272448881175347
  0.14091403740849848  0.14771911771338550  0.15350253551170942  0.16103645850202516
  0.16938166216988834  0.17698182406036039  0.18469052252374790  0.19284059057261271
  0.20232132165389011  0.21125327299150909  0.22343779780715009  0.23564221875924041
  0.25017728801863698  0.26105101458352997  0.27165470310777912  0.28254090873705989
  0.29337112461666820  0.30593202165022398  0.31535089494379503  0.32504707311344444
  0.33515976685364951  0.34648648192654591  0.35692805778785441  0.36590551242364122
  0.37552211112661255  0.38766319250544251  0.40411452137730786  0.42095302240476967
  0.43624110881411393  0.44974264646921441  0.46141835826905947  0.47144239168856672
  0.48088801590111119  0.48815644695898341  0.49611952707554202  0.50479536881499654
  0.51214397232777309  0.51873606992828702  0.52696793708132816  0.53802445786932629
  0.55089154504358084  0.56503033837220851  0.58143939848273729  0.59438188770398748
  0.60677419922865738  0.61873909723287301  0.63002286843094046  0.64120014192009300
  0.65491133233785359  0.67202223899946656  0.68823196112684326  0.69840231480405623
  0.70595997271782873  0.71285918563656359  0.71956387893083096  0.72629856978146279
  0.73467299075843029  0.74372668120177077  0.75271754053645301  0.76251777930525289
  0.77323807101034259  0.78624543904691435  0.80008347680753478  0.81303163516991506
  0.82610002761445744  0.83891658327520391  0.85219377586213230  0.86643228149358098
  0.88183199922950362  0.89488095751829033  0.90523241185126391  0.91451412555833300
  0.92306784433008759  0.93136480890906392  0.94024381954320480  0.94965406823031406
  0.95974445317428136  0.97287932380998499  0.98703634369517135  1.00000000000000000
 -0.00199336905505201  0.01138209237315841  0.02350126420665296  0.03529783868763390
  0.04660572470924850  0.05723747414952353  0.06828028846652071  0.08008752549392466
  0.09132988471485003  0.10194728249706328  0.11151935711592484  0.12214526932235054
  0.13353237648294863  0.14404265878041564  0.15457345238391221  0.16604808397766113
  0.17971331105871677  0.19299378581654253  0.20572953400868935  0.21706740300342714
  0.22877437813360468  0.24125602217317946  0.25433606515542545  0.26749069752698307
  0.28119128541172134  0.29211540798993718  0.30332386084125279  0.31469980520992630
  0.32772430295199889  0.33808553574856387  0.34643284693057741  0.35469724525306151
  0.36363805705504498  0.37268383912970587  0.38126602458295539  0.38948482033340709
  0.39883340417816876  0.41192474175694976  0.42532055200311331  0.43792186090475110
  0.45040126025640187  0.46304954507398943  0.47469564103637418  0.48577440156160323
  0.49644513211524849  0.50632972110534336  0.51535743348309282  0.52383583328883565
  0.53181368667522755  0.53957924038869642  0.54753440070116188  0.55611863284342389
  0.56718301196252374  0.58311633842253174  0.59917265089190719  0.61233027654044314
  0.62455044277094451  0.63511893838290578  0.64303150168491907  0.64946395477052765
  0.65616884270884090  0.66396688611854204  0.67212615493854877  0.67888107951281906
  0.68631677347904663  0.69453600854876119  0.70297746516556492  0.71076429621432480
  0.71829811075876648  0.72481665560756714  0.73106211582443792  0.73813880864134607
  0.74639173359226407  0.75553514788528531  0.76488559099713260  0.77480822748312994
  0.78467479409401952  0.79408069315674756  0.80289599920041910  0.81208057035708003
  0.82286851177722953  0.83445844573187689  0.84903198185756334  0.86251634720592130
  0.87473828593054848  0.88560432045113791  0.89653220660611144  0.90812117176487828
  0.91852226219636857  0.92720265842930771  0.93562354275347748  0.94547883937284583
  0.95741715220003587  0.96878772834388083  0.98180374481602894  1.00000000000000000
 -0.00212340330616801  0.00926072774569169  0.01956570505595611  0.03105676764839034
  0.04301713378440388  0.05599090133754025  0.07276655544080732  0.09010393335176803
  0.10425971274969731  0.11682570799919648  0.12808584059194564  0.13762499228263148
  0.14775985189552537  0.15881143561809805  0.17018499307333748  0.18286325554779942
  0.19366326586187094  0.20122989767011062  0.20830380653026784  0.21450052915258136
  0.22082529074933793  0.22759001713159507  0.23477810461327786  0.24181482774050203
  0.24950915814746080  0.25921674068773082  0.27037375226791388  0.28143321444416525
  0.29496575645474932  0.30784402011542544  0.31920749791811998  0.33033819539240189
  0.34143994546236217  0.35277095900113609  0.36365482309947972  0.37415364764534120
  0.38542171654652546  0.39679139297333704  0.40645729992700053  0.41664643269269563
  0.42898059231151581  0.44290202310302162  0.45684435973125653  0.47117397104215697
  0.48449293967859719  0.49749868602394653  0.51157610616110893  0.52472526308898071
  0.53625774275794091  0.54688454328641789  0.55843398466812721  0.57041315285383420
  0.58200119121543936  0.59007152185337453  0.59954667772390113  0.60861519536146680
  0.61724808099246942  0.62637714389373544  0.63657226303046843  0.64589576710197394
  0.65795943570890081  0.67083733603641427  0.68306815430293399  0.69226047768037502
  0.70077458169487739  0.70974819682223711  0.71908916330296835  0.72794581486555254
  0.73503992269745566  0.74171879695588938  0.74878804282878875  0.75826609279421964
  0.76826416041673196  0.77878899036389027  0.78996608433716542  0.80254290204831336
  0.81506568997611384  0.82593367800759032  0.83639729206152469  0.84571215942881983
  0.85437713033330909  0.86415002806160890  0.87527260394097472  0.88705688582359810
  0.89781319047955344  0.90919637115724594  0.92154651882728833  0.93368204615196637
  0.94393203945914517  0.95190362424090269  0.95816795978639324  0.96423460599231003
  0.97087017177877033  0.97926342203741368  0.98942566729320469  1.00000000000000000
  0.00058338719580879  0.07128247121239108  0.10547542903280241  0.11833070315804751
  0.12843605130047356  0.13580041427049760  0.14259226986912038  0.15049993465229441
  0.16026699253270080  0.16909343693461687  0.18080485467907759  0.19253953922738312
  0.20518475555133037  0.21830953954280449  0.22972334126107508  0.23927426011818217
  0.24798754104026038  0.25601040721146917  0.26376492226157006  0.27225058694614879
  0.28227924528394754  0.29216801541994636  0.30277123650678611  0.31492473106061897
  0.32813862106684177  0.33740171885550202  0.34602820000806184  0.35433344505476805
  0.36313785307307417  0.37299090301553495  0.38208782929907337  0.39010831451546485
  0.39785671133049361  0.40598321424733064  0.41433534504899006  0.42339041130675253
  0.43237555330634281  0.44116295692962065  0.45024323232062941  0.45966814123793470
  0.46783436672268552  0.47676610104957107  0.48358908739645451  0.49006617614168690
  0.49587572681329073  0.50190458892773770  0.50821142204660474  0.51487160765242956
  0.52138193292428836  0.52765003667459653  0.53318734930179690  0.53818552175104717
  0.54478671064787110  0.55288868338924102  0.56056660338041053  0.56798038174297338
  0.57524208361298357  0.58239200658990298  0.58873036148824143  0.59476413656676574
  0.60130192721991482  0.60802726247376837  0.61511229824080682  0.62185269505685115
  0.62891294292453792  0.63642667538064313  0.64413266065330499  0.65247602959928774
  0.66067685733893244  0.66887048230508861  0.68282810797593407  0.69270469066861851
  0.70319869906674370  0.71371546836813715  0.72391050253816869  0.73290700780801410
  0.74098972562692400  0.74942209747697552  0.75807557494368460  0.76645219538254761
  0.77463210424000462  0.78284020144114141  0.79104594938935779  0.79952354202204368
  0.80787943020213815  0.81670677935713054  0.82712743564303681  0.83960322371029383
  0.85234631777181957  0.86549726522288462  0.87967842492189108  0.89364841137023554
  0.90780386706176375  0.92683536811336997  0.95437296705233066  1.00000000000000000
 -0.00586941601808591  0.03078466777810000  0.05431121053757601  0.07416854083264508
  0.09297810110204667  0.11017919335958409  0.12741230284500954  0.14474227911365953
  0.16129418867268144  0.17568789685588540  0.19026896052094755  0.20323226669771668
  0.21599775007985816  0.22946303862370088  0.24223371501297697  0.25281499807527635
  0.26067669274965727  0.26793247855310504  0.27585546136698030  0.28453502984849321
  0.29280897741427447  0.30007239677262759  0.30735139433708880  0.31497180608235592
  0.32263766747821238  0.32954917549131518  0.33565871518327250  0.34195057668777229
  0.34804854009637054  0.35459732735769983  0.36267806529770991  0.37145448298178291
  0.38038564415095477  0.38879151686955271  0.39668676971572298  0.40472270599125248
  0.41324148157655760  0.42163208388269013  0.42986287000020157  0.43727492630569226
  0.44355046121223468  0.44927822775627230  0.45500794037308395  0.46081612448852027
  0.46659768974561217  0.47288166237316109  0.47927306525797581  0.48536440926251812
  0.49105426586449880  0.49695755951965642  0.50308519155412512  0.50929661585324226
  0.51563044876430675  0.52215862463683105  0.52930088757459182  0.53576300415454381
  0.54207187355345243  0.54870998441126118  0.55587593942662628  0.56378211408740031
  0.57112818402763021  0.57799718140469980  0.58485109711919636  0.59208008122302624
  0.59886005306124623  0.60542837042065667  0.61187757981254576  0.61826929746949955
  0.62542432024777583  0.63395341513308145  0.64403318905084050  0.65336890043955220
  0.66226018021154898  0.67051053365105284  0.67958863658808744  0.68913976891907913
  0.69881932671085911  0.70915396500951533  0.71993886275177288  0.73052452667188583
  0.74227158026240470  0.75407748168050970  0.76512283842582784  0.77552073188207427
  0.78594395231720593  0.79749800158440576  0.81168975544694588  0.82778134648033241
  0.84531066239136554  0.86516068311724026  0.88672207360235999  0.90760020969224442
  0.92659747909434242  0.94570082666821687  0.97030672997627399  1.00000000000000000
  2.44635502964179144E-017  -1.0000000000000000     
 T T T T F F F F F F F F T T T T F F F F F F F F T T T T F F F F F F F F T T T T F F F F F F F F T T T T F F F F F F F F T T T T F F F F F F F F F F F F F F F F F F F F F F F F F F F F F F F F F F F F F F F F F F F F F F F F F F F F F F F F F F F F F F F F
  <DiscreteSampler_grid>
  grouped_processes
  1 # 1 for a reference and 2 for a running grid.
  10 # Attribute 'min_bin_probing_points' of the grid.
  1 # Attribute 'grid_mode' of the grid. 1=='default',2=='initialization'
  0.0000000000000000 # Attribute 'small_contrib_threshold' of the grid.
  0.5000000000000000 # Attribute 'damping_power' of the grid.
 # binID   n_entries weight   weight_sqr   abs_weight
    10   10   4.665898814184278E-010   1.862068966328098E-018   4.665898814184278E-010
  </DiscreteSampler_grid>
