 -0.00141890326750884  0.00673997420705292  0.01454560725972927  0.02280830044240993
  0.03232466455490044  0.04273446579711895  0.05365327770520439  0.06407100338005477
  0.07499699427118163  0.08580671865258034  0.09738904878834881  0.10932864469489102
  0.12177436584959732  0.13347667968875854  0.14477424810254638  0.15597604127150655
  0.16716531825868969  0.17890143373499401  0.19094578165255152  0.20277592124049998
  0.21457308445283296  0.22663579321691774  0.23913016104527091  0.25161309642304341
  0.26464614477192933  0.27822027994782184  0.29194717066900561  0.30603644095523802
  0.31905744955507287  0.33145486523151124  0.34316852501486922  0.35406892578239069
  0.36465092598456766  0.37529126297438714  0.38636126168808549  0.39756685686624416
  0.40875384378623042  0.41938495032089890  0.42981850146052247  0.44035220891314586
  0.45083595017165112  0.46133592890222130  0.47178587073977707  0.48248148097404625
  0.49320764056791738  0.50423072813492598  0.51480085906971496  0.52503000722423865
  0.53566158952471199  0.54690741554790412  0.55845788714899702  0.57049662908751819
  0.58224977106337616  0.59375369486607155  0.60501256480480192  0.61569189054700979
  0.62600516659663896  0.63595295301808497  0.64628445492428033  0.65721005083285822
  0.66935215375894375  0.68227134232116482  0.69390535455851743  0.70493252595371214
  0.71584348879898196  0.72676955985185943  0.73732156975394414  0.74749215983272910
  0.75758138965253186  0.76746332507028003  0.77724755416604585  0.78691102091078224
  0.79728272694181679  0.80838652729917948  0.81900758688734243  0.82847747787351778
  0.83801298091542809  0.84753710016794026  0.85702616053487879  0.86607793630488039
  0.87558292618899525  0.88625416633436438  0.89673168483642218  0.90618838799332924
  0.91500464198542630  0.92376676697491811  0.93251382278135386  0.94090993424694458
  0.94888756767127080  0.95670089724070806  0.96438824002748291  0.97173035520037976
  0.97891943172370655  0.98561354393919831  0.99281616691624341  1.00000000000000000
  0.00017285304314846  0.00190026575272119  0.00210648959830143  0.00236947293667835
  0.00265269595510391  0.00288536290895751  0.00311620042272051  0.00332846729125066
  0.00357419299420002  0.00377795656117694  0.00399772956596856  0.00424190366025833
  0.00454444670025781  0.00489265645038565  0.00522946399948082  0.00552548783154674
  0.00579902154437873  0.00607149545858137  0.00640873257266068  0.00680574129966364
  0.00724754451096040  0.00773305690145480  0.00824606051120002  0.00877252231081309
  0.00936303919839274  0.00996022197386107  0.01054275569903657  0.01111741338934499
  0.01170068259202312  0.01234431177367154  0.01304286350667161  0.01381099390932170
  0.01471235597653043  0.01561154086965256  0.01657845479377569  0.01757439048546879
  0.01861863380764794  0.01970040119759969  0.02078549217562148  0.02194471146485681
  0.02317417343005443  0.02450660416840451  0.02587324829527473  0.02733979688508633
  0.02886128740500523  0.03061451430644173  0.03238390774104439  0.03424448815173076
  0.03634267232657665  0.03849552365502552  0.04092197366217774  0.04366118807754175
  0.04662183704341221  0.04986780572864468  0.05342910286442976  0.05733163986280567
  0.06147196938348030  0.06597627148699134  0.07067746152821069  0.07570933302143537
  0.08116518219199900  0.08731731022421926  0.09455207113040769  0.10261585151971737
  0.11148056707372953  0.12155474085121507  0.13282769559985658  0.14561577315070262
  0.16013208293183179  0.17749130263123150  0.19790732431341107  0.22102007111755928
  0.24600073136889150  0.27297037795750395  0.30090600138512241  0.32915701927424523
  0.35781494501774058  0.38727595394288455  0.41690901608706976  0.44561282841028232
  0.47377608097510648  0.50171267023203381  0.52922575597917831  0.55911992942586586
  0.58963975806037583  0.62002079873647720  0.65061166534552417  0.68548912397954287
  0.72067045930943285  0.75734324269568709  0.79480783793522203  0.83240258418594204
  0.87309741204436209  0.91680090018316718  0.93863865561198445  1.00000000000000000
 -0.00000807274488102  0.00058160125701975  0.00146073206840929  0.00230014718950094
  0.00322878091133185  0.00413907480032355  0.00503908880812771  0.00603193914629941
  0.00696170682655030  0.00784862673227895  0.00869236475074799  0.00963157639243392
  0.01057529687942243  0.01155041778314686  0.01254211530766144  0.01352359936216792
  0.01450336589045131  0.01548760957433556  0.01648261717832492  0.01747639819361375
  0.01846507052842961  0.01954143795987894  0.02065160448564827  0.02176708153116948
  0.02289398041689084  0.02402535178943336  0.02518372243584022  0.02640858608261660
  0.02766203996791041  0.02893844131325112  0.03026679034675198  0.03168521132108930
  0.03304381585953314  0.03442680142586408  0.03586560847240488  0.03732931865886079
  0.03881092363537235  0.04034201112222024  0.04194111837878915  0.04357934854353738
  0.04523149275911410  0.04697625793764577  0.04880374698174636  0.05069481480654747
  0.05259864561285207  0.05452103061077343  0.05668803290955744  0.05882142651187696
  0.06097753137464192  0.06323020682314651  0.06561930170443385  0.06814800119009899
  0.07078413691814606  0.07342006452563188  0.07606350618086834  0.07882280130042817
  0.08161513186684602  0.08438778985712424  0.08718384930637883  0.09004655378023517
  0.09304304970013906  0.09609213383214667  0.09921401545547236  0.10263892876822907
  0.10624126022246083  0.10992404329946270  0.11365793621096545  0.11779030121927897
  0.12231364287659251  0.12702736125025707  0.13194005993461388  0.13732686758737220
  0.14309863163528996  0.14913615001766106  0.15554428530116710  0.16261489405980054
  0.17054891160139213  0.17906059314246039  0.18775188835937323  0.19770347986560943
  0.20788571046297880  0.21954950974210413  0.23373760074490638  0.24827156766288341
  0.26415245735191689  0.28097729642010338  0.30030049169301243  0.32254825824204270
  0.34738506550819059  0.37806147562077541  0.41481487869876127  0.46602415165120270
  0.53117306492782324  0.60850175249822558  0.70403618349593389  1.00000000000000000
 -0.00240088294952999  0.00886649295212940  0.01875148607313449  0.02797983273792395
  0.03719505190849155  0.04641831106654486  0.05550331204437732  0.06449149211931716
  0.07328617813259164  0.08200064420748857  0.09080857879020784  0.09955716788691196
  0.10824390172237720  0.11650220996139890  0.12447325937215691  0.13240172417451546
  0.14024753826158112  0.14875139756271566  0.15769239541384417  0.16593993797532280
  0.17467156012670712  0.18393632548566996  0.19382456688568103  0.20396344943871997
  0.21311943934712188  0.22184608113995882  0.23123202887696764  0.24067132974610295
  0.24981759721125854  0.25882449018740955  0.26689768075459108  0.27646510244680711
  0.28596434817441491  0.29618080203545449  0.30673961117284043  0.31799957201921336
  0.32894172053682552  0.33936144783066957  0.34907860788096601  0.35878220539706956
  0.36916446140808018  0.38065247503678790  0.39200837325353521  0.40272807265017491
  0.41330494289583058  0.42404678792356076  0.43491755560198853  0.44629061109730350
  0.45817983771726500  0.47066247502900838  0.48358448887877847  0.49695111663887176
  0.51004541398445513  0.52243371019523543  0.53373542220643821  0.54436284732144236
  0.55474593912405357  0.56511683921018441  0.57596805751256308  0.58692134901764359
  0.59816648418205198  0.60942188702333644  0.62177445691158784  0.63427552687928634
  0.64582780556670016  0.65715852507932926  0.66843527952729997  0.68089594492442018
  0.69351013454909782  0.70600052053143914  0.71777065763050096  0.72919198818220199
  0.74055194287563197  0.75223229106268741  0.76466111428192163  0.77755678238279446
  0.78952658330528513  0.80063092799944857  0.81161551573543889  0.82295929821061486
  0.83484089021922092  0.84700450688271300  0.85885012552442386  0.87025852585544972
  0.88168784290332980  0.89340504225813144  0.90522590524678681  0.91721283539344589
  0.92921014447977668  0.94102473304568024  0.95262943609985129  0.96279844018613225
  0.97179379731506010  0.98048239976672791  0.98979147508334697  1.00000000000000000
 -0.00288390589285693  0.01056938022181294  0.02161736706873273  0.03202709493051823
  0.04325734243707673  0.05427395509550713  0.06532581883237104  0.07619446272307885
  0.08657842391212646  0.09733242226337598  0.10796682449917470  0.11920828587341287
  0.13011886238587569  0.14109935209809543  0.15164816011778873  0.16228640599577682
  0.17225371003330281  0.18283311465468394  0.19391875994907551  0.20435399281423663
  0.21441954263578406  0.22445698873324579  0.23569905937448418  0.24818829432085249
  0.25927146123047451  0.27011259469951199  0.27990342674556062  0.28969805163476053
  0.29948578221188260  0.30927980296217378  0.31908376219840906  0.32886522200919271
  0.33961542746856288  0.35111836984086059  0.36313958434702476  0.37461414027185574
  0.38609404780996892  0.39686004653365381  0.40740430767823238  0.41726359146011166
  0.42663935503228095  0.43638172005542220  0.44678241588944217  0.45769939763399231
  0.46906449445831905  0.48040647463598696  0.49126424012097486  0.50168228494600620
  0.51149707535583877  0.52101573820312408  0.52990287451966123  0.53857898871547072
  0.54733236398979324  0.55646343021301636  0.56608137058299024  0.57621636288429767
  0.58643766397719710  0.59680872485591141  0.60757461767956011  0.61900937256733646
  0.62942857215899561  0.63978206814687089  0.65032047940466065  0.66171649938045052
  0.67215939884201037  0.68226372555105741  0.69239557866291124  0.70239173962056600
  0.71204665144842061  0.72096416262882157  0.73065923570067348  0.74078863184471966
  0.75117199856676098  0.76187038100684967  0.77276490934789999  0.78457171094868405
  0.79618638909610329  0.80775379333067421  0.81843722004897501  0.82879870085372775
  0.83854026243731683  0.84820197872469993  0.85783244651093460  0.86758937420502957
  0.87744437088615279  0.88700922012826433  0.89679870958473851  0.90770435622727397
  0.91931023208996387  0.93118617937431303  0.94242340541178626  0.95341502961268754
  0.96491544888222913  0.97698260370899559  0.98877494545630296  1.00000000000000000
 -0.00137123656235506  0.00803764224017463  0.01606737204508659  0.02469428701262812
  0.03356047048398612  0.04314556381295508  0.05329419793106208  0.06320944797765363
  0.07344325626066114  0.08389574663941177  0.09410730638943633  0.10353549453759303
  0.11300009690717742  0.12222369952590993  0.13190352443605646  0.14097364383145353
  0.15047524094808226  0.16016525660259850  0.17063058546392937  0.18191854722709347
  0.19322167715995148  0.20424747914355096  0.21477194870176702  0.22518202175469515
  0.23554011919209020  0.24583835160328626  0.25780306821240284  0.27026216260822616
  0.28178383308161331  0.29323013624144212  0.30457567242024819  0.31578633734962364
  0.32591920636298860  0.33579624608314740  0.34596588961222913  0.35618274458530597
  0.36631805247854821  0.37640360121426064  0.38649972118996589  0.39629061572455898
  0.40582732054086462  0.41573929802851439  0.42682322821058799  0.43842487337775876
  0.44926218873110674  0.46046632526162379  0.47176469200436588  0.48361781457262343
  0.49512815306064184  0.50692867399541408  0.51847899023283228  0.52988611909194627
  0.54065907980845929  0.55058054894098762  0.55992054334841868  0.56908899251129297
  0.57872621548908620  0.58935220615710282  0.60001437780185818  0.61061420143693845
  0.62066880448051909  0.63079811315423095  0.64081537872172223  0.65034316366404954
  0.65980967922003053  0.67003927833205534  0.68126971367025613  0.69280565088981982
  0.70375769397290133  0.71480841220364244  0.72584089380277861  0.73710132729526667
  0.74785823669649432  0.75829000522366796  0.76841342465282392  0.77841167683353252
  0.78902331214969479  0.79956337536024125  0.81072925205808211  0.82196517933837920
  0.83440915042201835  0.84679488009774462  0.85883662371326852  0.87030453237571259
  0.88172418513402606  0.89333831706948275  0.90500015889488217  0.91656202457129055
  0.92785961801732253  0.93907595469975025  0.94912855800206997  0.95955008699858135
  0.96982425530076788  0.98018979696974651  0.99030233682122715  1.00000000000000000
 -0.00136586071184474  0.00967944628579220  0.01763535684748025  0.02438921197963305
  0.03066488549400405  0.03652191049647879  0.04191509009916146  0.04684546799129836
  0.05151107601186659  0.05608374646116780  0.06078750771326110  0.06591420312559139
  0.07185230289140253  0.07801891506951832  0.08429799440119173  0.09040081645956560
  0.09661449650016223  0.10263490270532179  0.10888161187855927  0.11495708503249442
  0.12087613132518522  0.12668228311962540  0.13226359281631248  0.13767863978085151
  0.14307439204682607  0.14865102107259515  0.15449210821629772  0.16046477828667988
  0.16636496414301655  0.17212092231727144  0.17788654229804118  0.18398769894320929
  0.19001048809740370  0.19602410668902254  0.20221921150878389  0.20805128568009620
  0.21363597810204138  0.21905931363378220  0.22455008370299168  0.22997366406423844
  0.23513013532132479  0.24024383140779526  0.24543388775317143  0.25075854399745667
  0.25612075556674374  0.26127399284036712  0.26646698033186361  0.27158299355479859
  0.27674466802166359  0.28218122808024554  0.28765324028386768  0.29320896868973612
  0.29884800022805924  0.30438288936861696  0.30986206808584416  0.31546580315032502
  0.32156736042270678  0.32763233694164456  0.33374233198677367  0.33972862391050090
  0.34563814089170591  0.35145666584655577  0.35739100433992660  0.36357239928890195
  0.36996358092082615  0.37660354990324063  0.38322681564111410  0.38989223256017558
  0.39664346736958483  0.40372072485522376  0.41065701382289610  0.41724552183749097
  0.42403235052913318  0.43115035392948708  0.43859412142152421  0.44597360620552351
  0.45294315282575953  0.46038946612651016  0.46747221140803946  0.47482366056064357
  0.48221324120264653  0.49023656694135720  0.49859904140320960  0.50724182233202275
  0.51623510255689642  0.52560507124398959  0.53565179718675515  0.54715352806793138
  0.56106156174978850  0.57576737580415704  0.59018829449502841  0.60163793699223866
  0.61093735376532554  0.62032834410565174  0.62472094578138582  1.00000000000000000
 -0.00285995038259640  0.01323669635716404  0.02707560337805194  0.04023141108714978
  0.05294091950762201  0.06598690619364532  0.07904245776527631  0.09158128557681272
  0.10397269460994631  0.11648814131600402  0.12942702259449806  0.14300307717122548
  0.15680914621524231  0.16934870412796335  0.18173826778278615  0.19408073155443850
  0.20639264854140857  0.21823651646624764  0.22941147547950749  0.24034172428372938
  0.25156473847568073  0.26292769687914042  0.27387025544173793  0.28399794850372184
  0.29344178348965988  0.30237178728047392  0.31072496178715103  0.31880982883270148
  0.32683512737960185  0.33503672696406633  0.34338446746876200  0.35203485171440774
  0.36101320639433349  0.37057502627191857  0.37999249320505457  0.38910614676928346
  0.39766329783415166  0.40563824057001491  0.41406200574491697  0.42330188639617167
  0.43272863903480130  0.44179601757012904  0.45066686755796315  0.45965091334809649
  0.46918262707905023  0.47893528780835998  0.48804734864804494  0.49676444815983661
  0.50559077007973108  0.51461224338669942  0.52390023866699820  0.53317572073600950
  0.54259942843060116  0.55213711642727448  0.56171351918866885  0.57133627099190787
  0.58044817262887205  0.58864735872624740  0.59584449527944694  0.60338737052952263
  0.61102001558970831  0.61899307882373389  0.62666785609697551  0.63399916321379468
  0.64125072703028074  0.64858721240527040  0.65635068188494816  0.66432377755732674
  0.67240679569826978  0.68045383998900555  0.68884234169038661  0.69794233083644730
  0.70713978581596204  0.71633108337911644  0.72583006998251254  0.73574212285203477
  0.74636347481669518  0.75726863454218007  0.76822546737447006  0.77938345806055132
  0.79120227911612484  0.80363860455673253  0.81627185278667680  0.82888630274246522
  0.84163981732675408  0.85447359613249696  0.86779261113843487  0.88083596732056568
  0.89416511422051548  0.90779469367425680  0.92249447632805048  0.93838665127236698
  0.95491510021601944  0.97059713054559349  0.98542601881534153  1.00000000000000000
  2.71096959848958244E-010  -1.0000000000000000     
 T T T T F F F F F F F F T T T T F F F F F F F F T T T T F F F F F F F F T T T T F F F F F F F F T T T T F F F F F F F F T T T T F F F F F F F F F F F F F F F F F F F F F F F F F F F F F F F F F F F F F F F F F F F F F F F F F F F F F F F F F F F F F F F F
  <DiscreteSampler_grid>
  grouped_processes
  1 # 1 for a reference and 2 for a running grid.
  10 # Attribute 'min_bin_probing_points' of the grid.
  1 # Attribute 'grid_mode' of the grid. 1=='default',2=='initialization'
  0.0000000000000000 # Attribute 'small_contrib_threshold' of the grid.
  0.5000000000000000 # Attribute 'damping_power' of the grid.
 # binID   n_entries weight   weight_sqr   abs_weight
    10   10   8.611932047134727E-002   2.572237585208982E-002   8.611932047134727E-002
  </DiscreteSampler_grid>
