 -0.00242270803907462  0.01270025563322011  0.02436500293885462  0.03506585746254925
  0.04521173814600179  0.05513501974791797  0.06479141115924403  0.07459853589096914
  0.08448529143690398  0.09449719433795764  0.10447279617210618  0.11476325979799792
  0.12554827874677002  0.13549134856204761  0.14530935327500419  0.15490680150710359
  0.16430035838768717  0.17363776470346445  0.18291937295312030  0.19292719967108218
  0.20341202738619590  0.21412339050763107  0.22421746226532346  0.23431294756603158
  0.24428103668557963  0.25478092864288826  0.26514084320604098  0.27544030962030946
  0.28552434084624073  0.29548020355995325  0.30538890156842191  0.31533697070139455
  0.32538768873321783  0.33539853482307980  0.34512230670112581  0.35470098194549965
  0.36426632663019703  0.37392290921671395  0.38334114487308141  0.39270471374058052
  0.40221784424372742  0.41229041240453340  0.42271430799413839  0.43316940907230522
  0.44389011760183578  0.45475084672051180  0.46542142532123909  0.47581998564710376
  0.48604489404458656  0.49640885615548769  0.50688107796066373  0.51730524802508404
  0.52692051398918305  0.53607705142490381  0.54513472985762668  0.55377959190902826
  0.56263142178330661  0.57194644715358256  0.58148105082508494  0.59144959449652013
  0.60184901199172880  0.61178246599264907  0.62131784130117440  0.63101279974985991
  0.64110902975734396  0.65213076059400099  0.66350713903203007  0.67492458189285887
  0.68641422030322452  0.69771338448917486  0.70904676240113584  0.72014352171577967
  0.73131764001064359  0.74234884728221562  0.75338882370711080  0.76431230455658206
  0.77504900222648809  0.78577043336971197  0.79657574325787106  0.80708016164434626
  0.81747969618157679  0.82823155279460581  0.83935898427723543  0.85068335978274789
  0.86217714337906048  0.87393899708364564  0.88541293819116262  0.89684940119513745
  0.90838046069914569  0.92052000714174509  0.93300771789643411  0.94586031899235579
  0.95906287284803993  0.97266670514347808  0.98640423492617446  1.00000000000000000
 -0.00243031638663911  0.01297298381453133  0.02556557892426905  0.03776724390475580
  0.04980816004361667  0.06235587258325293  0.07531047611773786  0.08785472684204992
  0.09966298696297507  0.11145115290349580  0.12316091173149218  0.13443544378352940
  0.14558202812027551  0.15640894062913505  0.16703380839907245  0.17729857825982687
  0.18781778745781719  0.19883031408834204  0.21019729596818496  0.22160726064477043
  0.23268810904300263  0.24352567407025685  0.25421196595099699  0.26507713702047486
  0.27578054502797722  0.28604986752027317  0.29643211271903314  0.30705640643597581
  0.31784858920997783  0.32864821371341824  0.33986620055664785  0.35184796646530048
  0.36326629727415910  0.37428375669100855  0.38504889596123543  0.39585543857527988
  0.40684933448942101  0.41782431911694534  0.42841450062741943  0.43899614122190767
  0.44975033606301668  0.46063303916355930  0.47154196754281480  0.48263784511209873
  0.49365122711679382  0.50421110891854393  0.51457646228230780  0.52521126018786390
  0.53606939980303248  0.54674612145956014  0.55706877058517523  0.56727795393514791
  0.57752994280178815  0.58784801597058423  0.59813478586716140  0.60837093515176199
  0.61859673259556647  0.62862187067575148  0.63867695086094811  0.64889123982481212
  0.65913398596759754  0.66933034678688785  0.67955124448394144  0.69008679576564569
  0.70096070156016532  0.71182939312581706  0.72257432744421812  0.73331545362143224
  0.74426274963055872  0.75545188734520974  0.76669100151376168  0.77748602562338975
  0.78811413200408631  0.79893452742599691  0.81000680563160266  0.82084419443286871
  0.83139626887255991  0.84151109187759388  0.85137177013972165  0.86143562859658640
  0.87148951811086317  0.88143760018346773  0.89081250872686624  0.90020408920407124
  0.91002147161675662  0.92001013820729693  0.93035437408267374  0.94056580211014174
  0.95031378095150043  0.95916720014590218  0.96693414005405687  0.97449765051234361
  0.98201966711450694  0.98875009958303839  0.99457693358047683  1.00000000000000000
  0.00068649648693673  0.00358117277181381  0.00423637179568142  0.00486722279911233
  0.00551439241620950  0.00614926693497949  0.00679153457246684  0.00742732866217534
  0.00807575500033448  0.00876963893117448  0.00948955813736766  0.01026558939079706
  0.01106197078005392  0.01192108063328357  0.01282616780375038  0.01380446745681668
  0.01483268375020137  0.01595018111806800  0.01712164985727802  0.01833722792325180
  0.01960451193019004  0.02096059132242949  0.02249203690822977  0.02411554673047046
  0.02588385200113554  0.02771855124460646  0.02971934298186791  0.03176869930777001
  0.03391141175751066  0.03624088809859149  0.03872444241629029  0.04146272487607776
  0.04424901284237154  0.04729672732273210  0.05066427343622656  0.05436703797328762
  0.05826335844901637  0.06249939756888289  0.06711707280813728  0.07211422328884794
  0.07744517274633314  0.08324430334107336  0.08961150287027059  0.09639658696136813
  0.10366992996319940  0.11129505066773514  0.11991191290395854  0.12861992470287062
  0.13860997587316110  0.14904635970496069  0.16058979678523388  0.17269189255851136
  0.18569536660253985  0.19951352298557887  0.21466570832365695  0.23127928101853740
  0.24981410601873696  0.26970159874160760  0.29058104589326628  0.31254535488760193
  0.33540852125209941  0.36000603764405920  0.38541640066820965  0.41245348374068730
  0.43953332182593985  0.46820816683452987  0.49707876934687401  0.52594577960208511
  0.55427101835336157  0.58158203403889519  0.60811124375744174  0.63345875267942520
  0.65734383905871940  0.67927724603354778  0.69936132781710292  0.71817829732596961
  0.73642892456669740  0.75455939901659996  0.76858483499262398  0.78179058180262406
  0.79419652515769590  0.80580509093775554  0.81660982206191191  0.82678718487787639
  0.83640122113227755  0.84530606689808041  0.85304381362623516  0.86006401386906994
  0.86654429254622756  0.87267392304048097  0.87856208169487360  0.88437092368165082
  0.89001914861035825  0.89533901071545330  0.90017593244844829  1.00000000000000000
 -0.00236082460222047  0.00990669111985710  0.01966755638887231  0.02945346207051546
  0.03905241635477984  0.04870774796451943  0.05819780860219068  0.06749813690382359
  0.07705764318049216  0.08699307482038095  0.09732055973424114  0.10756972011090546
  0.11733774572686706  0.12710132244281416  0.13704187846632329  0.14695490748431006
  0.15655436691033880  0.16625073921515052  0.17652973492856477  0.18685088578856604
  0.19730261231831295  0.20785652787966749  0.21897833216673726  0.22987812524957826
  0.24018751838105043  0.25052867524941924  0.26091941396803431  0.27105097591375960
  0.28113678838465828  0.29128825208414122  0.30189609282419949  0.31284071355160420
  0.32389192056149557  0.33549471307943352  0.34740063290658268  0.35851123235992588
  0.36866728671550075  0.37875988155796053  0.38906054311425875  0.39976411924318911
  0.41071367138707909  0.42217089481048198  0.43448193500264864  0.44610665254487952
  0.45789957846818569  0.46896892680927371  0.47961279480761870  0.49067737781182807
  0.50230911993106064  0.51443837992158070  0.52627669494724927  0.53793604747389134
  0.54975474968685545  0.56183200007953871  0.57395972999971379  0.58572012103657234
  0.59683263268925513  0.60766822491076999  0.61842600136762094  0.62910956079887814
  0.63943854273017375  0.64960961482656965  0.65990088523865520  0.67040439754267045
  0.68096421219330161  0.69146626371708542  0.70201232270426595  0.71289779177512214
  0.72412780435700108  0.73529373787938901  0.74614252227980693  0.75694639185820312
  0.76788808112989904  0.77816138997391227  0.78781417651511920  0.79749059869603567
  0.80718093862077800  0.81691223299055926  0.82679915398583825  0.83701328667505670
  0.84750626773404780  0.85787543587779291  0.86805521576938260  0.87820504582157277
  0.88843742707439510  0.89885980218541461  0.90963299248183016  0.92052662809169050
  0.93131473816525212  0.94198708844506218  0.95224198843001040  0.96212037731389788
  0.97149388874353848  0.98105682914697956  0.99056962073546706  1.00000000000000000
 -0.00232719880870947  0.00931948281602721  0.01931855756578739  0.02967219762654931
  0.04004827690880473  0.05042990594436492  0.06095733105483320  0.07118727018823652
  0.08149789257195632  0.09164577445441459  0.10186119561393714  0.11256756835363577
  0.12310330377675488  0.13330917513561835  0.14336014075382641  0.15375158703431840
  0.16438813247764950  0.17515598727990841  0.18611539960609341  0.19707036540721207
  0.20791903970906489  0.21870518274047743  0.22976941845145576  0.24064394520747623
  0.25185762246925064  0.26345040231636091  0.27508850538940999  0.28655347336299242
  0.29762087664227366  0.30856653895375796  0.31912912936991850  0.32992705220791585
  0.34090212893330896  0.35199794669355400  0.36239014280503989  0.37239644944179118
  0.38219944550570412  0.39258508387316771  0.40280450829500014  0.41260972094642151
  0.42235514455560752  0.43214607015120965  0.44200677643067954  0.45206270350399658
  0.46228918353855780  0.47250726501601376  0.48258980578173383  0.49254192279598541
  0.50263787563570328  0.51285044736537100  0.52286838157752091  0.53310612139999980
  0.54346230041853616  0.55408190928953893  0.56513542945979667  0.57614353086619141
  0.58735434880702908  0.59882435175617688  0.61053742213505957  0.62219484422026983
  0.63329349569866433  0.64402962071532943  0.65456544079880463  0.66493432110905781
  0.67536581681551178  0.68590291538317094  0.69663415418418639  0.70756270646699460
  0.71873130423339948  0.72978077457864621  0.74042398409687216  0.75069325789035024
  0.76077807805507958  0.77083523166046397  0.78094826258844841  0.79111867380719370
  0.80153441314070639  0.81208659766297453  0.82278843773292265  0.83312167890380218
  0.84345195968612507  0.85400479724338230  0.86494976164372672  0.87632581328790882
  0.88800245320145443  0.89889084870494618  0.90879230718300930  0.91877147957485195
  0.92890960602213191  0.93877238618925796  0.94814056991336104  0.95763938334261378
  0.96795483867961440  0.97905576565714048  0.98954946059919047  1.00000000000000000
 -0.00206198657248506  0.00753684984604876  0.01616073577007780  0.02493095892255640
  0.03414317949916154  0.04338915634458722  0.05257050903099122  0.06155929001309240
  0.07043263430988671  0.07934852537075936  0.08823986413764771  0.09725094560356952
  0.10659578254027019  0.11623248941854337  0.12598921778819877  0.13590130316312676
  0.14582136326062095  0.15585356496879968  0.16579411307275632  0.17564750474355734
  0.18535005050278455  0.19526811339563357  0.20536093094538127  0.21501211859280647
  0.22443451808650963  0.23387890782787454  0.24313884547641212  0.25226698770963407
  0.26097639162808134  0.26958222906005230  0.27862450598762867  0.28817441926847542
  0.29836776771517393  0.30858066481472923  0.31912960724229267  0.32981037082785192
  0.34047706676296435  0.35126620916580276  0.36249056099910543  0.37406503650047079
  0.38585443016162951  0.39750543109052572  0.40902176522803257  0.42000922264845469
  0.43051571214106676  0.44100973903731072  0.45171581056053023  0.46238594504616737
  0.47274913844365263  0.48321341554449526  0.49401654950052915  0.50474327500549632
  0.51519676212554388  0.52605279299793750  0.53710922878905087  0.54816047877409368
  0.55919872092984124  0.57066572283082728  0.58225587423436576  0.59435550124865411
  0.60665036923365223  0.61821960811164689  0.62938433366785840  0.64057770084650134
  0.65234625341083297  0.66431770323931882  0.67585535896275195  0.68665130141437880
  0.69763592847406153  0.70916784553101819  0.72081393766790680  0.73206237066243485
  0.74324235760788793  0.75460533678774344  0.76610340418871725  0.77752700529286756
  0.78862615933069335  0.79968707012740270  0.81053242591248553  0.82178234119327531
  0.83349690653607167  0.84528571014592346  0.85681928820050735  0.86810708916130719
  0.87950010750748731  0.89097418688085173  0.90241842912963244  0.91374331543851917
  0.92479707219522245  0.93569806584798187  0.94635370659752005  0.95692730593090436
  0.96788689473336964  0.97909941980757609  0.98984831780203031  1.00000000000000000
 -0.00257393806831665  0.00971698393817188  0.02033550666531598  0.03112802196867700
  0.04231089722228233  0.05334253432078310  0.06463958910909517  0.07555562154249000
  0.08687669723838834  0.09844785475332940  0.11004226741189550  0.12107414421669865
  0.13172713031003350  0.14234056748285215  0.15329145989425755  0.16440512576793473
  0.17559383299288203  0.18663912418956607  0.19748059003595625  0.20814131598975497
  0.21865225946233396  0.22883395086110322  0.23921582565342800  0.24999597045807945
  0.26112789648584267  0.27241906064295596  0.28325669171074919  0.29404903419637390
  0.30486041438729850  0.31573084079126434  0.32641947645266001  0.33672226011439649
  0.34657857731432073  0.35633153176457583  0.36605086704314654  0.37618837855142434
  0.38675593413215603  0.39715446767087087  0.40726415120705850  0.41718093781511340
  0.42719060576582224  0.43723363369292689  0.44735905801799275  0.45774791553486471
  0.46808347818830071  0.47837804813288676  0.48839296457338355  0.49826645511372258
  0.50775644912606577  0.51730120760118159  0.52680290965565923  0.53601211093025902
  0.54483366071469064  0.55438871778327792  0.56391957216621702  0.57446719971839766
  0.58446498865918750  0.59493362682226181  0.60559324289288985  0.61538289509098676
  0.62550077769779344  0.63573990018791238  0.64610586569656436  0.65631125903935561
  0.66652173298110196  0.67723094210604984  0.68813979659935531  0.69875547445323749
  0.70920341417833499  0.71976163030459606  0.73052119314664909  0.74172764238013111
  0.75325191223474086  0.76492178982480685  0.77652404235960037  0.78775238283558502
  0.79891476628869518  0.80966445068273407  0.82035518256180495  0.83110921899936319
  0.84236954400226793  0.85373847797266234  0.86506556498344234  0.87648648749242852
  0.88805971333414035  0.89914635816232014  0.90974837731746050  0.91985094093149422
  0.93015091977450293  0.94027785909576300  0.95047838964043996  0.96040129524133089
  0.97003447650368657  0.97987933869938015  0.98977170303963202  1.00000000000000000
 -0.00226208035346045  0.00996601571296558  0.02046104013889313  0.03169748368277368
  0.04291088753994651  0.05343784346877797  0.06411677337189808  0.07535746041824112
  0.08662928629719249  0.09741323811498026  0.10800348003600832  0.11866955965105974
  0.12918369209407646  0.13915253021058593  0.14923580201325390  0.15947271378772621
  0.16976034292764652  0.18011424333341666  0.19077182607422094  0.20172998434818257
  0.21250333540892707  0.22326050077238765  0.23412289199777081  0.24520802113340720
  0.25604257144290909  0.26602503520297588  0.27577208990300306  0.28565162106430775
  0.29592304935607933  0.30722346593231209  0.31853408191051985  0.33036821393407884
  0.34097957114953475  0.35147080959357280  0.36147874546123887  0.37195821598698281
  0.38201610797563490  0.39269345034300873  0.40302994486200816  0.41389142254287442
  0.42375929362795045  0.43323912781775842  0.44252718053224999  0.45178013732405864
  0.46082165922808094  0.47004981400650903  0.47973388887008928  0.48996342701597995
  0.50030285369446159  0.51074937371131435  0.52137570724905169  0.53187142673869103
  0.54179412853694819  0.55178699517647667  0.56213412824921993  0.57312820812357490
  0.58408989582939719  0.59470251443451716  0.60512970131207822  0.61558401747927094
  0.62622385064445063  0.63696466170437671  0.64789980793743718  0.65911755701837438
  0.67036648869436799  0.68178680030651939  0.69319522718333815  0.70470832846338838
  0.71564212875086741  0.72629321193596563  0.73659653891148869  0.74672137374993885
  0.75656154525711716  0.76672828650812652  0.77695693139600008  0.78784240986195631
  0.79815583243612154  0.80839920952400723  0.81847958939786136  0.82879567213449445
  0.83895952505951010  0.84948122714682484  0.86014632591929696  0.87133822078054646
  0.88235376617280725  0.89326387269198770  0.90460410235336552  0.91619014662551168
  0.92688276240791723  0.93751792466271655  0.94799824914801412  0.95861604945812950
  0.96883734588398818  0.97898369114213835  0.98952278289302487  1.00000000000000000
  1.68913055293655622E-008  -1.0000000000000000     
 T T T T F F F F F F F F T T T T F F F F F F F F T T T T F F F F F F F F T T T T F F F F F F F F T T T T F F F F F F F F T T T T F F F F F F F F F F F F F F F F F F F F F F F F F F F F F F F F F F F F F F F F F F F F F F F F F F F F F F F F F F F F F F F F
  <DiscreteSampler_grid>
  grouped_processes
  1 # 1 for a reference and 2 for a running grid.
  10 # Attribute 'min_bin_probing_points' of the grid.
  1 # Attribute 'grid_mode' of the grid. 1=='default',2=='initialization'
  0.0000000000000000 # Attribute 'small_contrib_threshold' of the grid.
  0.5000000000000000 # Attribute 'damping_power' of the grid.
 # binID   n_entries weight   weight_sqr   abs_weight
    10   10   6.810985552409380E+002   1.579850119859916E+006   6.810985552409380E+002
  </DiscreteSampler_grid>
